# data from ifeffit
#------------------------
#   x1        y1        x2        y2
  2.5122718        3.2561171        2.5077572        2.8859873
  2.5245431        3.2621962        2.5155142        2.8898301
  2.5368135        3.2682373        2.5232705        2.8936487
  2.5490825        3.2742400        2.5310260        2.8974432
  2.5613496        3.2802042        2.5387803        2.9012133
  2.5736144        3.2861296        2.5465332        2.9049588
  2.5858765        3.2920160        2.5542843        2.9086797
  2.5981353        3.2978631        2.5620334        2.9123758
  2.6103905        3.3036708        2.5697801        2.9160470
  2.6226415        3.3094388        2.5775242        2.9196931
  2.6348878        3.3151670        2.5852654        2.9233140
  2.6471291        3.3208550        2.5930033        2.9269095
  2.6593649        3.3265027        2.6007378        2.9304795
  2.6715946        3.3321099        2.6084685        2.9340239
  2.6838179        3.3376764        2.6161951        2.9375426
  2.6960343        3.3432019        2.6239173        2.9410354
  2.7082433        3.3486862        2.6316349        2.9445021
  2.7204444        3.3541292        2.6393474        2.9479428
  2.7326373        3.3595306        2.6470548        2.9513571
  2.7448214        3.3648902        2.6547566        2.9547450
  2.7569962        3.3702079        2.6624526        2.9581064
  2.7691614        3.3754833        2.6701425        2.9614412
  2.7813165        3.3807164        2.6778259        2.9647491
  2.7934609        3.3859070        2.6855027        2.9680302
  2.8055944        3.3910548        2.6931725        2.9712842
  2.8177163        3.3961596        2.7008350        2.9745110
  2.8298262        3.4012212        2.7084899        2.9777106
  2.8419238        3.4062395        2.7161370        2.9808828
  2.8540084        3.4112143        2.7237760        2.9840274
  2.8660798        3.4161454        2.7314066        2.9871445
  2.8781373        3.4210325        2.7390284        2.9902337
  2.8901806        3.4258756        2.7466412        2.9932951
  2.9022093        3.4306744        2.7542447        2.9963286
  2.9142228        3.4354287        2.7618387        2.9993339
  2.9262206        3.4401385        2.7694228        3.0023110
  2.9382025        3.4448034        2.7769968        3.0052598
  2.9501678        3.4494233        2.7845603        3.0081801
  2.9621162        3.4539981        2.7921132        3.0110719
  2.9740472        3.4585275        2.7996550        3.0139351
  2.9859604        3.4630114        2.8071855        3.0167695
  2.9978552        3.4674497        2.8147045        3.0195750
  3.0097313        3.4718421        2.8222116        3.0223515
  3.0215882        3.4761886        2.8297066        3.0250990
  3.0334255        3.4804888        2.8371892        3.0278173
  3.0452427        3.4847428        2.8446591        3.0305063
  3.0570394        3.4889502        2.8521160        3.0331659
  3.0688151        3.4931110        2.8595597        3.0357960
  3.0805694        3.4972250        2.8669898        3.0383966
  3.0923018        3.5012921        2.8744061        3.0409674
  3.1040119        3.5053120        2.8818083        3.0435085
  3.1156993        3.5092847        2.8891962        3.0460197
  3.1273635        3.5132099        2.8965694        3.0485010
  3.1390041        3.5170876        2.9039276        3.0509521
  3.1506206        3.5209176        2.9112706        3.0533732
  3.1622126        3.5246998        2.9185982        3.0557639
  3.1737797        3.5284339        2.9259100        3.0581244
  3.1853214        3.5321199        2.9332058        3.0604544
  3.1968374        3.5357577        2.9404852        3.0627539
  3.2083271        3.5393470        2.9477481        3.0650228
  3.2197901        3.5428878        2.9549941        3.0672610
  3.2312260        3.5463800        2.9622230        3.0694684
  3.2426344        3.5498233        2.9694345        3.0716450
  3.2540148        3.5532177        2.9766283        3.0737907
  3.2653669        3.5565630        2.9838041        3.0759053
  3.2766901        3.5598591        2.9909618        3.0779889
  3.2879841        3.5631059        2.9981009        3.0800412
  3.2992484        3.5663033        3.0052213        3.0820624
  3.3104826        3.5694511        3.0123227        3.0840521
  3.3216863        3.5725492        3.0194048        3.0860105
  3.3328591        3.5755975        3.0264674        3.0879375
  3.3440005        3.5785960        3.0335101        3.0898328
  3.3551102        3.5815444        3.0405327        3.0916966
  3.3661876        3.5844427        3.0475350        3.0935286
  3.3772325        3.5872907        3.0545167        3.0953289
  3.3882443        3.5900884        3.0614775        3.0970974
  3.3992227        3.5928356        3.0684171        3.0988340
  3.4101672        3.5955323        3.0753354        3.1005386
  3.4210774        3.5981783        3.0822320        3.1022112
  3.4319530        3.6007736        3.0891066        3.1038518
  3.4427935        3.6033180        3.0959591        3.1054601
  3.4535985        3.6058115        3.1027892        3.1070363
  3.4643675        3.6082539        3.1095966        3.1085802
  3.4751003        3.6106451        3.1163810        3.1100918
  3.4857964        3.6129852        3.1231422        3.1115710
  3.4964553        3.6152739        3.1298799        3.1130177
  3.5070768        3.6175112        3.1365939        3.1144320
  3.5176603        3.6196971        3.1432840        3.1158137
  3.5282055        3.6218314        3.1499498        3.1171628
  3.5387120        3.6239140        3.1565912        3.1184793
  3.5491794        3.6259449        3.1632078        3.1197630
  3.5596072        3.6279240        3.1697995        3.1210141
  3.5699952        3.6298512        3.1763660        3.1222323
  3.5803429        3.6317265        3.1829070        3.1234177
  3.5906500        3.6335497        3.1894223        3.1245702
  3.6009159        3.6353208        3.1959116        3.1256898
  3.6111405        3.6370398        3.2023747        3.1267764
  3.6213232        3.6387066        3.2088114        3.1278300
  3.6314636        3.6403211        3.2152214        3.1288506
  3.6415615        3.6418833        3.2216045        3.1298380
  3.6516164        3.6433930        3.2279604        3.1307924
  3.6616279        3.6448503        3.2342889        3.1317135
  3.6715957        3.6462551        3.2405897        3.1326015
  3.6815194        3.6476073        3.2468627        3.1334563
  3.6913986        3.6489068        3.2531076        3.1342778
  3.7012330        3.6501537        3.2593240        3.1350660
  3.7110221        3.6513479        3.2655120        3.1358208
  3.7207656        3.6524894        3.2716710        3.1365424
  3.7304632        3.6535780        3.2778011        3.1372305
  3.7401144        3.6546138        3.2839018        3.1378853
  3.7497190        3.6555967        3.2899731        3.1385066
  3.7592765        3.6565267        3.2960146        3.1390944
  3.7687866        3.6574037        3.3020261        3.1396488
  3.7782489        3.6582278        3.3080074        3.1401697
  3.7876631        3.6589988        3.3139583        3.1406571
  3.7970288        3.6597168        3.3198786        3.1411110
  3.8063457        3.6603817        3.3257680        3.1415313
  3.8156134        3.6609935        3.3316263        3.1419180
  3.8248316        3.6615522        3.3374533        3.1422711
  3.8339998        3.6620577        3.3432487        3.1425907
  3.8431179        3.6625101        3.3490124        3.1428767
  3.8521854        3.6629093        3.3547442        3.1431290
  3.8612020        3.6632553        3.3604438        3.1433477
  3.8701673        3.6635481        3.3661109        3.1435328
  3.8790811        3.6637876        3.3717455        3.1436842
  3.8879429        3.6639740        3.3773473        3.1438020
  3.8967525        3.6641071        3.3829160        3.1438862
  3.9055095        3.6641869        3.3884514        3.1439366
  3.9142136        3.6642136        3.3939535        3.1439535
  3.9228644        3.6641869        3.3994218        3.1439366
  3.9314617        3.6641071        3.4048563        3.1438862
  3.9400050        3.6639740        3.4102568        3.1438020
  3.9484942        3.6637876        3.4156229        3.1436842
  3.9569288        3.6635481        3.4209546        3.1435328
  3.9653085        3.6632553        3.4262517        3.1433477
  3.9736331        3.6629093        3.4315138        3.1431290
  3.9819023        3.6625101        3.4367409        3.1428767
  3.9901156        3.6620577        3.4419327        3.1425907
  3.9982728        3.6615522        3.4470890        3.1422711
  4.0063736        3.6609935        3.4522097        3.1419180
  4.0144177        3.6603817        3.4572946        3.1415313
  4.0224048        3.6597168        3.4623434        3.1411110
  4.0303345        3.6589988        3.4673559        3.1406571
  4.0382067        3.6582278        3.4723321        3.1401697
  4.0460209        3.6574037        3.4772716        3.1396488
  4.0537769        3.6565267        3.4821743        3.1390944
  4.0614745        3.6555967        3.4870401        3.1385066
  4.0691132        3.6546138        3.4918687        3.1378853
  4.0766929        3.6535780        3.4966600        3.1372305
  4.0842132        3.6524894        3.5014137        3.1365424
  4.0916738        3.6513479        3.5061297        3.1358208
  4.0990745        3.6501537        3.5108079        3.1350660
  4.1064151        3.6489068        3.5154480        3.1342778
  4.1136951        3.6476073        3.5200499        3.1334563
  4.1209144        3.6462551        3.5246133        3.1326015
  4.1280727        3.6448503        3.5291382        3.1317135
  4.1351696        3.6433930        3.5336243        3.1307924
  4.1422050        3.6418833        3.5380716        3.1298380
  4.1491786        3.6403211        3.5424797        3.1288506
  4.1560901        3.6387066        3.5468486        3.1278300
  4.1629392        3.6370398        3.5511781        3.1267764
  4.1697257        3.6353208        3.5554680        3.1256898
  4.1764494        3.6335497        3.5597181        3.1245702
  4.1831100        3.6317265        3.5639284        3.1234177
  4.1897071        3.6298512        3.5680986        3.1222323
  4.1962407        3.6279240        3.5722286        3.1210141
  4.2027104        3.6259449        3.5763182        3.1197630
  4.2091160        3.6239140        3.5803673        3.1184793
  4.2154572        3.6218314        3.5843758        3.1171628
  4.2217339        3.6196971        3.5883434        3.1158137
  4.2279457        3.6175112        3.5922700        3.1144320
  4.2340925        3.6152739        3.5961555        3.1130177
  4.2401740        3.6129852        3.5999998        3.1115710
  4.2461900        3.6106451        3.6038026        3.1100918
  4.2521402        3.6082539        3.6075638        3.1085802
  4.2580245        3.6058115        3.6112834        3.1070363
  4.2638425        3.6033180        3.6149611        3.1054601
  4.2695942        3.6007736        3.6185969        3.1038518
  4.2752792        3.5981783        3.6221905        3.1022112
  4.2808974        3.5955323        3.6257419        3.1005386
  4.2864486        3.5928356        3.6292509        3.0988340
  4.2919325        3.5900884        3.6327174        3.0970974
  4.2973489        3.5872907        3.6361412        3.0953289
  4.3026977        3.5844427        3.6395223        3.0935286
  4.3079786        3.5815444        3.6428604        3.0916966
  4.3131914        3.5785960        3.6461556        3.0898328
  4.3183360        3.5755975        3.6494075        3.0879375
  4.3234121        3.5725492        3.6526163        3.0860105
  4.3284195        3.5694511        3.6557816        3.0840521
  4.3333581        3.5663033        3.6589034        3.0820624
  4.3382277        3.5631059        3.6619815        3.0800412
  4.3430281        3.5598591        3.6650159        3.0779889
  4.3477591        3.5565630        3.6680065        3.0759053
  4.3524205        3.5532177        3.6709531        3.0737907
  4.3570122        3.5498233        3.6738556        3.0716450
  4.3615339        3.5463800        3.6767139        3.0694684
  4.3659856        3.5428878        3.6795279        3.0672610
  4.3703670        3.5393470        3.6822974        3.0650228
  4.3746780        3.5357577        3.6850225        3.0627539
  4.3789184        3.5321199        3.6877030        3.0604544
  4.3830881        3.5284339        3.6903387        3.0581244
  4.3871869        3.5246998        3.6929296        3.0557639
  4.3912147        3.5209176        3.6954757        3.0533732
  4.3951712        3.5170876        3.6979767        3.0509521
  4.3990564        3.5132099        3.7004326        3.0485010
  4.4028700        3.5092847        3.7028433        3.0460197
  4.4066121        3.5053120        3.7052087        3.0435085
  4.4102823        3.5012921        3.7075287        3.0409674
  4.4138807        3.4972250        3.7098033        3.0383966
  4.4174069        3.4931110        3.7120324        3.0357960
  4.4208610        3.4889502        3.7142158        3.0331659
  4.4242428        3.4847428        3.7163534        3.0305063
  4.4275521        3.4804888        3.7184453        3.0278173
  4.4307889        3.4761886        3.7204913        3.0250990
  4.4339529        3.4718421        3.7224914        3.0223515
  4.4370442        3.4674497        3.7244455        3.0195750
  4.4400625        3.4630114        3.7263534        3.0167695
  4.4430078        3.4585275        3.7282152        3.0139351
  4.4458799        3.4539981        3.7300307        3.0110719
  4.4486788        3.4494233        3.7317999        3.0081801
  4.4514043        3.4448034        3.7335228        3.0052598
  4.4540563        3.4401385        3.7351992        3.0023110
  4.4566347        3.4354287        3.7368290        2.9993339
  4.4591395        3.4306744        3.7384124        2.9963286
  4.4615706        3.4258756        3.7399491        2.9932951
  4.4639277        3.4210325        3.7414391        2.9902337
  4.4662110        3.4161454        3.7428824        2.9871445
  4.4684202        3.4112143        3.7442789        2.9840274
  4.4705553        3.4062395        3.7456285        2.9808828
  4.4726162        3.4012212        3.7469313        2.9777106
  4.4746028        3.3961596        3.7481870        2.9745110
  4.4765151        3.3910548        3.7493959        2.9712842
  4.4783530        3.3859070        3.7505576        2.9680302
  4.4801164        3.3807164        3.7516723        2.9647491
  4.4818053        3.3754833        3.7527399        2.9614412
  4.4834195        3.3702079        3.7537602        2.9581064
  4.4849591        3.3648902        3.7547334        2.9547450
  4.4864239        3.3595306        3.7556594        2.9513571
  4.4878139        3.3541292        3.7565381        2.9479428
  4.4891291        3.3486862        3.7573694        2.9445021
  4.4903695        3.3432019        3.7581535        2.9410354
  4.4915348        3.3376764        3.7588901        2.9375426
  4.4926252        3.3321099        3.7595794        2.9340239
  4.4936406        3.3265027        3.7602212        2.9304795
  4.4945809        3.3208550        3.7608156        2.9269095
  4.4954461        3.3151670        3.7613625        2.9233140
  4.4962362        3.3094388        3.7618620        2.9196931
  4.4969512        3.3036708        3.7623139        2.9160470
  4.4975909        3.2978631        3.7627183        2.9123758
  4.4981555        3.2920160        3.7630751        2.9086797
  4.4986448        3.2861296        3.7633844        2.9049588
  4.4990588        3.2802042        3.7636462        2.9012133
  4.4993976        3.2742400        3.7638604        2.8974432
  4.4996612        3.2682373        3.7640269        2.8936487
  4.4998494        3.2621962        3.7641459        2.8898301
  4.4999624        3.2561171        3.7642173        2.8859873
  4.5000000        3.2500000        3.7642411        2.8821206
  4.4999624        3.2438453        3.7642173        2.8782300
  4.4998494        3.2376532        3.7641459        2.8743159
  4.4996612        3.2314239        3.7640269        2.8703782
  4.4993976        3.2251576        3.7638604        2.8664172
  4.4990588        3.2188546        3.7636462        2.8624329
  4.4986448        3.2125152        3.7633844        2.8584256
  4.4981555        3.2061395        3.7630751        2.8543954
  4.4975909        3.1997278        3.7627183        2.8503425
  4.4969512        3.1932803        3.7623139        2.8462669
  4.4962362        3.1867974        3.7618620        2.8421689
  4.4954461        3.1802791        3.7613625        2.8380486
  4.4945809        3.1737259        3.7608156        2.8339061
  4.4936406        3.1671379        3.7602212        2.8297417
  4.4926252        3.1605153        3.7595794        2.8255554
  4.4915348        3.1538585        3.7588901        2.8213475
  4.4903695        3.1471676        3.7581535        2.8171181
  4.4891291        3.1404429        3.7573694        2.8128673
  4.4878139        3.1336848        3.7565381        2.8085953
  4.4864239        3.1268933        3.7556594        2.8043023
  4.4849591        3.1200689        3.7547334        2.7999884
  4.4834195        3.1132116        3.7537602        2.7956538
  4.4818053        3.1063219        3.7527399        2.7912987
  4.4801164        3.0994000        3.7516723        2.7869232
  4.4783530        3.0924460        3.7505576        2.7825275
  4.4765151        3.0854604        3.7493959        2.7781117
  4.4746028        3.0784433        3.7481870        2.7736760
  4.4726162        3.0713950        3.7469313        2.7692207
  4.4705553        3.0643158        3.7456285        2.7647457
  4.4684202        3.0572059        3.7442789        2.7602514
  4.4662110        3.0500656        3.7428824        2.7557379
  4.4639277        3.0428952        3.7414391        2.7512054
  4.4615706        3.0356950        3.7399491        2.7466539
  4.4591395        3.0284651        3.7384124        2.7420838
  4.4566347        3.0212060        3.7368290        2.7374952
  4.4540563        3.0139178        3.7351992        2.7328882
  4.4514043        3.0066009        3.7335228        2.7282630
  4.4486788        2.9992555        3.7317999        2.7236198
  4.4458799        2.9918818        3.7300307        2.7189588
  4.4430078        2.9844803        3.7282152        2.7142801
  4.4400625        2.9770511        3.7263534        2.7095839
  4.4370442        2.9695945        3.7244455        2.7048705
  4.4339529        2.9621108        3.7224914        2.7001399
  4.4307889        2.9546003        3.7204913        2.6953924
  4.4275521        2.9470633        3.7184453        2.6906280
  4.4242428        2.9395000        3.7163534        2.6858472
  4.4208610        2.9319108        3.7142158        2.6810499
  4.4174069        2.9242959        3.7120324        2.6762363
  4.4138807        2.9166557        3.7098033        2.6714067
  4.4102823        2.9089903        3.7075287        2.6665613
  4.4066121        2.9013001        3.7052087        2.6617002
  4.4028700        2.8935854        3.7028433        2.6568236
  4.3990564        2.8858464        3.7004326        2.6519316
  4.3951712        2.8780836        3.6979767        2.6470245
  4.3912147        2.8702970        3.6954757        2.6421025
  4.3871869        2.8624872        3.6929296        2.6371657
  4.3830881        2.8546542        3.6903387        2.6322144
  4.3789184        2.8467985        3.6877030        2.6272486
  4.3746780        2.8389203        3.6850225        2.6222686
  4.3703670        2.8310200        3.6822974        2.6172747
  4.3659856        2.8230978        3.6795279        2.6122669
  4.3615339        2.8151540        3.6767139        2.6072454
  4.3570122        2.8071889        3.6738556        2.6022106
  4.3524205        2.7992028        3.6709531        2.5971624
  4.3477591        2.7911961        3.6680065        2.5921012
  4.3430281        2.7831690        3.6650159        2.5870271
  4.3382277        2.7751218        3.6619815        2.5819403
  4.3333581        2.7670549        3.6589034        2.5768410
  4.3284195        2.7589684        3.6557816        2.5717294
  4.3234121        2.7508629        3.6526163        2.5666057
  4.3183360        2.7427384        3.6494075        2.5614701
  4.3131914        2.7345954        3.6461556        2.5563227
  4.3079786        2.7264342        3.6428604        2.5511639
  4.3026977        2.7182550        3.6395223        2.5459936
  4.2973489        2.7100582        3.6361412        2.5408123
  4.2919325        2.7018441        3.6327174        2.5356199
  4.2864486        2.6936130        3.6292509        2.5304169
  4.2808974        2.6853651        3.6257419        2.5252033
  4.2752792        2.6771009        3.6221905        2.5199793
  4.2695942        2.6688206        3.6185969        2.5147451
  4.2638425        2.6605245        3.6149611        2.5095010
  4.2580245        2.6522130        3.6112834        2.5042471
  4.2521402        2.6438863        3.6075638        2.4989836
  4.2461900        2.6355448        3.6038026        2.4937108
  4.2401740        2.6271888        3.5999998        2.4884288
  4.2340925        2.6188186        3.5961555        2.4831378
  4.2279457        2.6104345        3.5922700        2.4778380
  4.2217339        2.6020368        3.5883434        2.4725297
  4.2154572        2.5936259        3.5843758        2.4672130
  4.2091160        2.5852020        3.5803673        2.4618881
  4.2027104        2.5767655        3.5763182        2.4565552
  4.1962407        2.5683167        3.5722286        2.4512145
  4.1897071        2.5598559        3.5680986        2.4458663
  4.1831100        2.5513835        3.5639284        2.4405107
  4.1764494        2.5428997        3.5597181        2.4351479
  4.1697257        2.5344049        3.5554680        2.4297782
  4.1629392        2.5258994        3.5511781        2.4244017
  4.1560901        2.5173835        3.5468486        2.4190186
  4.1491786        2.5088575        3.5424797        2.4136291
  4.1422050        2.5003218        3.5380716        2.4082335
  4.1351696        2.4917766        3.5336243        2.4028320
  4.1280727        2.4832224        3.5291382        2.3974247
  4.1209144        2.4746593        3.5246133        2.3920118
  4.1136951        2.4660879        3.5200499        2.3865936
  4.1064151        2.4575082        3.5154480        2.3811702
  4.0990745        2.4489208        3.5108079        2.3757419
  4.0916738        2.4403259        3.5061297        2.3703089
  4.0842132        2.4317238        3.5014137        2.3648713
  4.0766929        2.4231148        3.4966600        2.3594294
  4.0691132        2.4144994        3.4918687        2.3539834
  4.0614745        2.4058777        3.4870401        2.3485335
  4.0537769        2.3972502        3.4821743        2.3430799
  4.0460209        2.3886172        3.4772716        2.3376228
  4.0382067        2.3799789        3.4723321        2.3321623
  4.0303345        2.3713357        3.4673559        2.3266988
  4.0224048        2.3626880        3.4623434        2.3212324
  4.0144177        2.3540360        3.4572946        2.3157633
  4.0063736        2.3453801        3.4522097        2.3102917
  3.9982728        2.3367206        3.4470890        2.3048179
  3.9901156        2.3280579        3.4419327        2.2993420
  3.9819023        2.3193922        3.4367409        2.2938642
  3.9736331        2.3107239        3.4315138        2.2883848
  3.9653085        2.3020533        3.4262517        2.2829039
  3.9569288        2.2933807        3.4209546        2.2774218
  3.9484942        2.2847065        3.4156229        2.2719387
  3.9400050        2.2760310        3.4102568        2.2664548
  3.9314617        2.2673546        3.4048563        2.2609702
  3.9228644        2.2586775        3.3994218        2.2554852
  3.9142136        2.2500000        3.3939535        2.2500000
  3.9055095        2.2413225        3.3884514        2.2445148
  3.8967525        2.2326454        3.3829160        2.2390298
  3.8879429        2.2239690        3.3773473        2.2335452
  3.8790811        2.2152935        3.3717455        2.2280613
  3.8701673        2.2066193        3.3661109        2.2225782
  3.8612020        2.1979467        3.3604438        2.2170961
  3.8521854        2.1892761        3.3547442        2.2116152
  3.8431179        2.1806078        3.3490124        2.2061358
  3.8339998        2.1719421        3.3432487        2.2006580
  3.8248316        2.1632794        3.3374533        2.1951821
  3.8156134        2.1546199        3.3316263        2.1897083
  3.8063457        2.1459640        3.3257680        2.1842367
  3.7970288        2.1373120        3.3198786        2.1787676
  3.7876631        2.1286643        3.3139583        2.1733012
  3.7782489        2.1200211        3.3080074        2.1678377
  3.7687866        2.1113828        3.3020261        2.1623772
  3.7592765        2.1027498        3.2960146        2.1569201
  3.7497190        2.0941223        3.2899731        2.1514665
  3.7401144        2.0855006        3.2839018        2.1460166
  3.7304632        2.0768852        3.2778011        2.1405706
  3.7207656        2.0682762        3.2716710        2.1351287
  3.7110221        2.0596741        3.2655120        2.1296911
  3.7012330        2.0510792        3.2593240        2.1242581
  3.6913986        2.0424918        3.2531076        2.1188298
  3.6815194        2.0339121        3.2468627        2.1134064
  3.6715957        2.0253407        3.2405897        2.1079882
  3.6616279        2.0167776        3.2342889        2.1025753
  3.6516164        2.0082234        3.2279604        2.0971680
  3.6415615        1.9996782        3.2216045        2.0917665
  3.6314636        1.9911425        3.2152214        2.0863709
  3.6213232        1.9826165        3.2088114        2.0809814
  3.6111405        1.9741006        3.2023747        2.0755983
  3.6009159        1.9655951        3.1959116        2.0702218
  3.5906500        1.9571003        3.1894223        2.0648521
  3.5803429        1.9486165        3.1829070        2.0594893
  3.5699952        1.9401441        3.1763660        2.0541337
  3.5596072        1.9316833        3.1697995        2.0487855
  3.5491794        1.9232345        3.1632078        2.0434448
  3.5387120        1.9147980        3.1565912        2.0381119
  3.5282055        1.9063741        3.1499498        2.0327870
  3.5176603        1.8979632        3.1432840        2.0274703
  3.5070768        1.8895655        3.1365939        2.0221620
  3.4964553        1.8811814        3.1298799        2.0168622
  3.4857964        1.8728112        3.1231422        2.0115712
  3.4751003        1.8644552        3.1163810        2.0062892
  3.4643675        1.8561137        3.1095966        2.0010164
  3.4535985        1.8477870        3.1027892        1.9957529
  3.4427935        1.8394755        3.0959591        1.9904990
  3.4319530        1.8311794        3.0891066        1.9852549
  3.4210774        1.8228991        3.0822320        1.9800207
  3.4101672        1.8146349        3.0753354        1.9747967
  3.3992227        1.8063870        3.0684171        1.9695831
  3.3882443        1.7981559        3.0614775        1.9643801
  3.3772325        1.7899418        3.0545167        1.9591877
  3.3661876        1.7817450        3.0475350        1.9540064
  3.3551102        1.7735658        3.0405327        1.9488361
  3.3440005        1.7654046        3.0335101        1.9436773
  3.3328591        1.7572616        3.0264674        1.9385299
  3.3216863        1.7491371        3.0194048        1.9333943
  3.3104826        1.7410316        3.0123227        1.9282706
  3.2992484        1.7329451        3.0052213        1.9231590
  3.2879841        1.7248782        2.9981009        1.9180597
  3.2766901        1.7168310        2.9909618        1.9129729
  3.2653669        1.7088039        2.9838041        1.9078988
  3.2540148        1.7007972        2.9766283        1.9028376
  3.2426344        1.6928111        2.9694345        1.8977894
  3.2312260        1.6848460        2.9622230        1.8927546
  3.2197901        1.6769022        2.9549941        1.8877331
  3.2083271        1.6689800        2.9477481        1.8827253
  3.1968374        1.6610797        2.9404852        1.8777314
  3.1853214        1.6532015        2.9332058        1.8727514
  3.1737797        1.6453458        2.9259100        1.8677856
  3.1622126        1.6375128        2.9185982        1.8628343
  3.1506206        1.6297030        2.9112706        1.8578975
  3.1390041        1.6219164        2.9039276        1.8529755
  3.1273635        1.6141536        2.8965694        1.8480684
  3.1156993        1.6064146        2.8891962        1.8431764
  3.1040119        1.5986999        2.8818083        1.8382998
  3.0923018        1.5910097        2.8744061        1.8334387
  3.0805694        1.5833443        2.8669898        1.8285933
  3.0688151        1.5757041        2.8595597        1.8237637
  3.0570394        1.5680892        2.8521160        1.8189501
  3.0452427        1.5605000        2.8446591        1.8141528
  3.0334255        1.5529367        2.8371892        1.8093720
  3.0215882        1.5453997        2.8297066        1.8046076
  3.0097313        1.5378892        2.8222116        1.7998601
  2.9978552        1.5304055        2.8147045        1.7951295
  2.9859604        1.5229489        2.8071855        1.7904161
  2.9740472        1.5155197        2.7996550        1.7857199
  2.9621162        1.5081182        2.7921132        1.7810412
  2.9501678        1.5007445        2.7845603        1.7763802
  2.9382025        1.4933991        2.7769968        1.7717370
  2.9262206        1.4860822        2.7694228        1.7671118
  2.9142228        1.4787940        2.7618387        1.7625048
  2.9022093        1.4715349        2.7542447        1.7579162
  2.8901806        1.4643050        2.7466412        1.7533461
  2.8781373        1.4571048        2.7390284        1.7487946
  2.8660798        1.4499344        2.7314066        1.7442621
  2.8540084        1.4427941        2.7237760        1.7397486
  2.8419238        1.4356842        2.7161370        1.7352543
  2.8298262        1.4286050        2.7084899        1.7307793
  2.8177163        1.4215567        2.7008350        1.7263240
  2.8055944        1.4145396        2.6931725        1.7218883
  2.7934609        1.4075540        2.6855027        1.7174725
  2.7813165        1.4006000        2.6778259        1.7130768
  2.7691614        1.3936781        2.6701425        1.7087013
  2.7569962        1.3867884        2.6624526        1.7043462
  2.7448214        1.3799311        2.6547566        1.7000116
  2.7326373        1.3731067        2.6470548        1.6956977
  2.7204444        1.3663152        2.6393474        1.6914047
  2.7082433        1.3595571        2.6316349        1.6871327
  2.6960343        1.3528324        2.6239173        1.6828819
  2.6838179        1.3461415        2.6161951        1.6786525
  2.6715946        1.3394847        2.6084685        1.6744446
  2.6593649        1.3328621        2.6007378        1.6702583
  2.6471291        1.3262741        2.5930033        1.6660939
  2.6348878        1.3197209        2.5852654        1.6619514
  2.6226415        1.3132026        2.5775242        1.6578311
  2.6103905        1.3067197        2.5697801        1.6537331
  2.5981353        1.3002722        2.5620334        1.6496575
  2.5858765        1.2938605        2.5542843        1.6456046
  2.5736144        1.2874848        2.5465332        1.6415744
  2.5613496        1.2811454        2.5387803        1.6375671
  2.5490825        1.2748424        2.5310260        1.6335828
  2.5368135        1.2685761        2.5232705        1.6296218
  2.5245431        1.2623468        2.5155142        1.6256841
  2.5122718        1.2561547        2.5077572        1.6217700
  2.5000000        1.2500000        2.5000000        1.6178794
  2.4877282        1.2438829        2.4922428        1.6140127
  2.4754569        1.2378038        2.4844858        1.6101699
  2.4631865        1.2317627        2.4767295        1.6063513
  2.4509175        1.2257600        2.4689740        1.6025568
  2.4386504        1.2197958        2.4612197        1.5987867
  2.4263856        1.2138704        2.4534668        1.5950412
  2.4141235        1.2079840        2.4457157        1.5913203
  2.4018647        1.2021369        2.4379666        1.5876242
  2.3896095        1.1963292        2.4302199        1.5839530
  2.3773585        1.1905612        2.4224758        1.5803069
  2.3651122        1.1848330        2.4147346        1.5766860
  2.3528709        1.1791450        2.4069967        1.5730905
  2.3406351        1.1734973        2.3992622        1.5695205
  2.3284054        1.1678901        2.3915315        1.5659761
  2.3161821        1.1623236        2.3838049        1.5624574
  2.3039657        1.1567981        2.3760827        1.5589646
  2.2917567        1.1513138        2.3683651        1.5554979
  2.2795556        1.1458708        2.3606526        1.5520572
  2.2673627        1.1404694        2.3529452        1.5486429
  2.2551786        1.1351098        2.3452434        1.5452550
  2.2430038        1.1297921        2.3375474        1.5418936
  2.2308386        1.1245167        2.3298575        1.5385588
  2.2186835        1.1192836        2.3221741        1.5352509
  2.2065391        1.1140930        2.3144973        1.5319698
  2.1944056        1.1089452        2.3068275        1.5287158
  2.1822837        1.1038404        2.2991650        1.5254890
  2.1701738        1.0987788        2.2915101        1.5222894
  2.1580762        1.0937605        2.2838630        1.5191172
  2.1459916        1.0887857        2.2762240        1.5159726
  2.1339202        1.0838546        2.2685934        1.5128555
  2.1218627        1.0789675        2.2609716        1.5097663
  2.1098194        1.0741244        2.2533588        1.5067049
  2.0977907        1.0693256        2.2457553        1.5036714
  2.0857772        1.0645713        2.2381613        1.5006661
  2.0737794        1.0598615        2.2305772        1.4976890
  2.0617975        1.0551966        2.2230032        1.4947402
  2.0498322        1.0505767        2.2154397        1.4918199
  2.0378838        1.0460019        2.2078868        1.4889281
  2.0259528        1.0414725        2.2003450        1.4860649
  2.0140396        1.0369886        2.1928145        1.4832305
  2.0021448        1.0325503        2.1852955        1.4804250
  1.9902687        1.0281579        2.1777884        1.4776485
  1.9784118        1.0238114        2.1702934        1.4749010
  1.9665745        1.0195112        2.1628108        1.4721827
  1.9547573        1.0152572        2.1553409        1.4694937
  1.9429606        1.0110498        2.1478840        1.4668341
  1.9311849        1.0068890        2.1404403        1.4642040
  1.9194306        1.0027750        2.1330102        1.4616034
  1.9076982       0.99870794        2.1255939        1.4590326
  1.8959881       0.99468801        2.1181917        1.4564915
  1.8843007       0.99071534        2.1108038        1.4539803
  1.8726365       0.98679008        2.1034306        1.4514990
  1.8609959       0.98291238        2.0960724        1.4490479
  1.8493794       0.97908238        2.0887294        1.4466268
  1.8377874       0.97530024        2.0814018        1.4442361
  1.8262203       0.97156608        2.0740900        1.4418756
  1.8146786       0.96788006        2.0667942        1.4395456
  1.8031626       0.96424231        2.0595148        1.4372461
  1.7916729       0.96065296        2.0522519        1.4349772
  1.7802099       0.95711216        2.0450059        1.4327390
  1.7687740       0.95362004        2.0377770        1.4305316
  1.7573656       0.95017673        2.0305655        1.4283550
  1.7459852       0.94678235        2.0233717        1.4262093
  1.7346331       0.94343704        2.0161959        1.4240947
  1.7233099       0.94014091        2.0090382        1.4220111
  1.7120159       0.93689411        2.0018991        1.4199588
  1.7007516       0.93369674        1.9947787        1.4179376
  1.6895174       0.93054893        1.9876773        1.4159479
  1.6783137       0.92745080        1.9805952        1.4139895
  1.6671409       0.92440246        1.9735326        1.4120625
  1.6559995       0.92140402        1.9664899        1.4101672
  1.6448898       0.91845561        1.9594673        1.4083034
  1.6338124       0.91555733        1.9524650        1.4064714
  1.6227675       0.91270930        1.9454833        1.4046711
  1.6117557       0.90991161        1.9385225        1.4029026
  1.6007773       0.90716437        1.9315829        1.4011660
  1.5898328       0.90446769        1.9246646        1.3994614
  1.5789226       0.90182167        1.9177680        1.3977888
  1.5680470       0.89922641        1.9108934        1.3961482
  1.5572065       0.89668200        1.9040409        1.3945399
  1.5464015       0.89418854        1.8972108        1.3929637
  1.5356325       0.89174613        1.8904034        1.3914198
  1.5248997       0.88935486        1.8836190        1.3899082
  1.5142036       0.88701482        1.8768578        1.3884290
  1.5035447       0.88472609        1.8701201        1.3869823
  1.4929232       0.88248876        1.8634061        1.3855680
  1.4823397       0.88030292        1.8567160        1.3841863
  1.4717945       0.87816865        1.8500502        1.3828372
  1.4612880       0.87608602        1.8434088        1.3815207
  1.4508206       0.87405512        1.8367922        1.3802370
  1.4403928       0.87207603        1.8302005        1.3789859
  1.4300048       0.87014881        1.8236340        1.3777677
  1.4196571       0.86827355        1.8170930        1.3765823
  1.4093500       0.86645031        1.8105777        1.3754298
  1.3990841       0.86467915        1.8040884        1.3743102
  1.3888595       0.86296015        1.7976253        1.3732236
  1.3786768       0.86129338        1.7911886        1.3721700
  1.3685364       0.85967889        1.7847786        1.3711494
  1.3584385       0.85811674        1.7783955        1.3701620
  1.3483836       0.85660700        1.7720396        1.3692076
  1.3383721       0.85514971        1.7657111        1.3682865
  1.3284043       0.85374494        1.7594103        1.3673985
  1.3184806       0.85239274        1.7531373        1.3665437
  1.3086014       0.85109316        1.7468924        1.3657222
  1.2987670       0.84984625        1.7406760        1.3649340
  1.2889779       0.84865205        1.7344880        1.3641792
  1.2792344       0.84751062        1.7283290        1.3634576
  1.2695368       0.84642198        1.7221989        1.3627695
  1.2598856       0.84538619        1.7160982        1.3621147
  1.2502810       0.84440328        1.7100269        1.3614934
  1.2407235       0.84347330        1.7039854        1.3609056
  1.2312134       0.84259626        1.6979739        1.3603512
  1.2217511       0.84177222        1.6919926        1.3598303
  1.2123369       0.84100119        1.6860417        1.3593429
  1.2029712       0.84028321        1.6801214        1.3588890
  1.1936543       0.83961831        1.6742320        1.3584687
  1.1843866       0.83900651        1.6683737        1.3580820
  1.1751684       0.83844783        1.6625467        1.3577289
  1.1660002       0.83794229        1.6567513        1.3574093
  1.1568821       0.83748992        1.6509876        1.3571233
  1.1478146       0.83709073        1.6452558        1.3568710
  1.1387980       0.83674473        1.6395562        1.3566523
  1.1298327       0.83645194        1.6338891        1.3564672
  1.1209189       0.83621237        1.6282545        1.3563158
  1.1120571       0.83602603        1.6226527        1.3561980
  1.1032475       0.83589293        1.6170840        1.3561138
  1.0944905       0.83581306        1.6115486        1.3560634
  1.0857864       0.83578644        1.6060465        1.3560465
  1.0771356       0.83581306        1.6005782        1.3560634
  1.0685383       0.83589293        1.5951437        1.3561138
  1.0599950       0.83602603        1.5897432        1.3561980
  1.0515058       0.83621237        1.5843771        1.3563158
  1.0430712       0.83645194        1.5790454        1.3564672
  1.0346915       0.83674473        1.5737483        1.3566523
  1.0263669       0.83709073        1.5684862        1.3568710
  1.0180977       0.83748992        1.5632591        1.3571233
  1.0098844       0.83794229        1.5580673        1.3574093
  1.0017272       0.83844783        1.5529110        1.3577289
  0.99362640       0.83900651        1.5477903        1.3580820
  0.98558231       0.83961831        1.5427054        1.3584687
  0.97759523       0.84028321        1.5376566        1.3588890
  0.96966547       0.84100119        1.5326441        1.3593429
  0.96179332       0.84177222        1.5276679        1.3598303
  0.95397909       0.84259626        1.5227284        1.3603512
  0.94622307       0.84347330        1.5178257        1.3609056
  0.93852554       0.84440328        1.5129599        1.3614934
  0.93088681       0.84538619        1.5081313        1.3621147
  0.92330714       0.84642198        1.5033400        1.3627695
  0.91578685       0.84751062        1.4985863        1.3634576
  0.90832619       0.84865205        1.4938703        1.3641792
  0.90092546       0.84984625        1.4891921        1.3649340
  0.89358494       0.85109316        1.4845520        1.3657222
  0.88630489       0.85239274        1.4799501        1.3665437
  0.87908560       0.85374494        1.4753867        1.3673985
  0.87192734       0.85514971        1.4708618        1.3682865
  0.86483037       0.85660700        1.4663757        1.3692076
  0.85779497       0.85811674        1.4619284        1.3701620
  0.85082139       0.85967889        1.4575203        1.3711494
  0.84390991       0.86129338        1.4531514        1.3721700
  0.83706078       0.86296015        1.4488219        1.3732236
  0.83027425       0.86467915        1.4445320        1.3743102
  0.82355059       0.86645031        1.4402819        1.3754298
  0.81689005       0.86827355        1.4360716        1.3765823
  0.81029287       0.87014881        1.4319014        1.3777677
  0.80375931       0.87207603        1.4277714        1.3789859
  0.79728961       0.87405512        1.4236818        1.3802370
  0.79088402       0.87608602        1.4196327        1.3815207
  0.78454278       0.87816865        1.4156242        1.3828372
  0.77826612       0.88030292        1.4116566        1.3841863
  0.77205429       0.88248876        1.4077300        1.3855680
  0.76590751       0.88472609        1.4038445        1.3869823
  0.75982602       0.88701482        1.4000002        1.3884290
  0.75381004       0.88935486        1.3961974        1.3899082
  0.74785981       0.89174613        1.3924362        1.3914198
  0.74197555       0.89418854        1.3887166        1.3929637
  0.73615747       0.89668200        1.3850389        1.3945399
  0.73040580       0.89922641        1.3814031        1.3961482
  0.72472076       0.90182167        1.3778095        1.3977888
  0.71910255       0.90446769        1.3742581        1.3994614
  0.71355140       0.90716437        1.3707491        1.4011660
  0.70806750       0.90991161        1.3672826        1.4029026
  0.70265107       0.91270930        1.3638588        1.4046711
  0.69730231       0.91555733        1.3604777        1.4064714
  0.69202141       0.91845561        1.3571396        1.4083034
  0.68680859       0.92140402        1.3538444        1.4101672
  0.68166403       0.92440246        1.3505925        1.4120625
  0.67658794       0.92745080        1.3473837        1.4139895
  0.67158049       0.93054893        1.3442184        1.4159479
  0.66664188       0.93369674        1.3410966        1.4179376
  0.66177230       0.93689411        1.3380185        1.4199588
  0.65697192       0.94014091        1.3349841        1.4220111
  0.65224093       0.94343704        1.3319935        1.4240947
  0.64757952       0.94678235        1.3290469        1.4262093
  0.64298784       0.95017673        1.3261444        1.4283550
  0.63846608       0.95362004        1.3232861        1.4305316
  0.63401440       0.95711216        1.3204721        1.4327390
  0.62963298       0.96065296        1.3177026        1.4349772
  0.62532198       0.96424231        1.3149775        1.4372461
  0.62108155       0.96788006        1.3122970        1.4395456
  0.61691187       0.97156608        1.3096613        1.4418756
  0.61281308       0.97530024        1.3070704        1.4442361
  0.60878535       0.97908238        1.3045243        1.4466268
  0.60482882       0.98291238        1.3020233        1.4490479
  0.60094364       0.98679008        1.2995674        1.4514990
  0.59712996       0.99071534        1.2971567        1.4539803
  0.59338792       0.99468801        1.2947913        1.4564915
  0.58971766       0.99870794        1.2924713        1.4590326
  0.58611933        1.0027750        1.2901967        1.4616034
  0.58259305        1.0068890        1.2879676        1.4642040
  0.57913896        1.0110498        1.2857842        1.4668341
  0.57575719        1.0152572        1.2836466        1.4694937
  0.57244787        1.0195112        1.2815547        1.4721827
  0.56921112        1.0238114        1.2795087        1.4749010
  0.56604706        1.0281579        1.2775086        1.4776485
  0.56295581        1.0325503        1.2755545        1.4804250
  0.55993749        1.0369886        1.2736466        1.4832305
  0.55699222        1.0414725        1.2717848        1.4860649
  0.55412010        1.0460019        1.2699693        1.4889281
  0.55132123        1.0505767        1.2682001        1.4918199
  0.54859574        1.0551966        1.2664772        1.4947402
  0.54594371        1.0598615        1.2648008        1.4976890
  0.54336526        1.0645713        1.2631710        1.5006661
  0.54086047        1.0693256        1.2615876        1.5036714
  0.53842944        1.0741244        1.2600509        1.5067049
  0.53607226        1.0789675        1.2585609        1.5097663
  0.53378903        1.0838546        1.2571176        1.5128555
  0.53157982        1.0887857        1.2557211        1.5159726
  0.52944472        1.0937605        1.2543715        1.5191172
  0.52738381        1.0987788        1.2530687        1.5222894
  0.52539716        1.1038404        1.2518130        1.5254890
  0.52348486        1.1089452        1.2506041        1.5287158
  0.52164698        1.1140930        1.2494424        1.5319698
  0.51988358        1.1192836        1.2483277        1.5352509
  0.51819473        1.1245167        1.2472601        1.5385588
  0.51658049        1.1297921        1.2462398        1.5418936
  0.51504093        1.1351098        1.2452666        1.5452550
  0.51357610        1.1404694        1.2443406        1.5486429
  0.51218606        1.1458708        1.2434619        1.5520572
  0.51087086        1.1513138        1.2426306        1.5554979
  0.50963055        1.1567981        1.2418465        1.5589646
  0.50846517        1.1623236        1.2411099        1.5624574
  0.50737478        1.1678901        1.2404206        1.5659761
  0.50635940        1.1734973        1.2397788        1.5695205
  0.50541909        1.1791450        1.2391844        1.5730905
  0.50455387        1.1848330        1.2386375        1.5766860
  0.50376377        1.1905612        1.2381380        1.5803069
  0.50304884        1.1963292        1.2376861        1.5839530
  0.50240909        1.2021369        1.2372817        1.5876242
  0.50184454        1.2079840        1.2369249        1.5913203
  0.50135523        1.2138704        1.2366156        1.5950412
  0.50094116        1.2197958        1.2363538        1.5987867
  0.50060236        1.2257600        1.2361396        1.6025568
  0.50033884        1.2317627        1.2359731        1.6063513
  0.50015060        1.2378038        1.2358541        1.6101699
  0.50003765        1.2438829        1.2357827        1.6140127
  0.50000000        1.2500000        1.2357589        1.6178794
  0.50003765        1.2561547        1.2357827        1.6217700
  0.50015060        1.2623468        1.2358541        1.6256841
  0.50033884        1.2685761        1.2359731        1.6296218
  0.50060236        1.2748424        1.2361396        1.6335828
  0.50094116        1.2811454        1.2363538        1.6375671
  0.50135523        1.2874848        1.2366156        1.6415744
  0.50184454        1.2938605        1.2369249        1.6456046
  0.50240909        1.3002722        1.2372817        1.6496575
  0.50304884        1.3067197        1.2376861        1.6537331
  0.50376377        1.3132026        1.2381380        1.6578311
  0.50455387        1.3197209        1.2386375        1.6619514
  0.50541909        1.3262741        1.2391844        1.6660939
  0.50635940        1.3328621        1.2397788        1.6702583
  0.50737478        1.3394847        1.2404206        1.6744446
  0.50846517        1.3461415        1.2411099        1.6786525
  0.50963055        1.3528324        1.2418465        1.6828819
  0.51087086        1.3595571        1.2426306        1.6871327
  0.51218606        1.3663152        1.2434619        1.6914047
  0.51357610        1.3731067        1.2443406        1.6956977
  0.51504093        1.3799311        1.2452666        1.7000116
  0.51658049        1.3867884        1.2462398        1.7043462
  0.51819473        1.3936781        1.2472601        1.7087013
  0.51988358        1.4006000        1.2483277        1.7130768
  0.52164698        1.4075540        1.2494424        1.7174725
  0.52348486        1.4145396        1.2506041        1.7218883
  0.52539716        1.4215567        1.2518130        1.7263240
  0.52738381        1.4286050        1.2530687        1.7307793
  0.52944472        1.4356842        1.2543715        1.7352543
  0.53157982        1.4427941        1.2557211        1.7397486
  0.53378903        1.4499344        1.2571176        1.7442621
  0.53607226        1.4571048        1.2585609        1.7487946
  0.53842944        1.4643050        1.2600509        1.7533461
  0.54086047        1.4715349        1.2615876        1.7579162
  0.54336526        1.4787940        1.2631710        1.7625048
  0.54594371        1.4860822        1.2648008        1.7671118
  0.54859574        1.4933991        1.2664772        1.7717370
  0.55132123        1.5007445        1.2682001        1.7763802
  0.55412010        1.5081182        1.2699693        1.7810412
  0.55699222        1.5155197        1.2717848        1.7857199
  0.55993749        1.5229489        1.2736466        1.7904161
  0.56295581        1.5304055        1.2755545        1.7951295
  0.56604706        1.5378892        1.2775086        1.7998601
  0.56921112        1.5453997        1.2795087        1.8046076
  0.57244787        1.5529367        1.2815547        1.8093720
  0.57575719        1.5605000        1.2836466        1.8141528
  0.57913896        1.5680892        1.2857842        1.8189501
  0.58259305        1.5757041        1.2879676        1.8237637
  0.58611933        1.5833443        1.2901967        1.8285933
  0.58971766        1.5910097        1.2924713        1.8334387
  0.59338792        1.5986999        1.2947913        1.8382998
  0.59712996        1.6064146        1.2971567        1.8431764
  0.60094364        1.6141536        1.2995674        1.8480684
  0.60482882        1.6219164        1.3020233        1.8529755
  0.60878535        1.6297030        1.3045243        1.8578975
  0.61281308        1.6375128        1.3070704        1.8628343
  0.61691187        1.6453458        1.3096613        1.8677856
  0.62108155        1.6532015        1.3122970        1.8727514
  0.62532198        1.6610797        1.3149775        1.8777314
  0.62963298        1.6689800        1.3177026        1.8827253
  0.63401440        1.6769022        1.3204721        1.8877331
  0.63846608        1.6848460        1.3232861        1.8927546
  0.64298784        1.6928111        1.3261444        1.8977894
  0.64757952        1.7007972        1.3290469        1.9028376
  0.65224093        1.7088039        1.3319935        1.9078988
  0.65697192        1.7168310        1.3349841        1.9129729
  0.66177230        1.7248782        1.3380185        1.9180597
  0.66664188        1.7329451        1.3410966        1.9231590
  0.67158049        1.7410316        1.3442184        1.9282706
  0.67658794        1.7491371        1.3473837        1.9333943
  0.68166403        1.7572616        1.3505925        1.9385299
  0.68680859        1.7654046        1.3538444        1.9436773
  0.69202141        1.7735658        1.3571396        1.9488361
  0.69730231        1.7817450        1.3604777        1.9540064
  0.70265107        1.7899418        1.3638588        1.9591877
  0.70806750        1.7981559        1.3672826        1.9643801
  0.71355140        1.8063870        1.3707491        1.9695831
  0.71910255        1.8146349        1.3742581        1.9747967
  0.72472076        1.8228991        1.3778095        1.9800207
  0.73040580        1.8311794        1.3814031        1.9852549
  0.73615747        1.8394755        1.3850389        1.9904990
  0.74197555        1.8477870        1.3887166        1.9957529
  0.74785981        1.8561137        1.3924362        2.0010164
  0.75381004        1.8644552        1.3961974        2.0062892
  0.75982602        1.8728112        1.4000002        2.0115712
  0.76590751        1.8811814        1.4038445        2.0168622
  0.77205429        1.8895655        1.4077300        2.0221620
  0.77826612        1.8979632        1.4116566        2.0274703
  0.78454278        1.9063741        1.4156242        2.0327870
  0.79088402        1.9147980        1.4196327        2.0381119
  0.79728961        1.9232345        1.4236818        2.0434448
  0.80375931        1.9316833        1.4277714        2.0487855
  0.81029287        1.9401441        1.4319014        2.0541337
  0.81689005        1.9486165        1.4360716        2.0594893
  0.82355059        1.9571003        1.4402819        2.0648521
  0.83027425        1.9655951        1.4445320        2.0702218
  0.83706078        1.9741006        1.4488219        2.0755983
  0.84390991        1.9826165        1.4531514        2.0809814
  0.85082139        1.9911425        1.4575203        2.0863709
  0.85779497        1.9996782        1.4619284        2.0917665
  0.86483037        2.0082234        1.4663757        2.0971680
  0.87192734        2.0167776        1.4708618        2.1025753
  0.87908560        2.0253407        1.4753867        2.1079882
  0.88630489        2.0339121        1.4799501        2.1134064
  0.89358494        2.0424918        1.4845520        2.1188298
  0.90092546        2.0510792        1.4891921        2.1242581
  0.90832619        2.0596741        1.4938703        2.1296911
  0.91578685        2.0682762        1.4985863        2.1351287
  0.92330714        2.0768852        1.5033400        2.1405706
  0.93088681        2.0855006        1.5081313        2.1460166
  0.93852554        2.0941223        1.5129599        2.1514665
  0.94622307        2.1027498        1.5178257        2.1569201
  0.95397909        2.1113828        1.5227284        2.1623772
  0.96179332        2.1200211        1.5276679        2.1678377
  0.96966547        2.1286643        1.5326441        2.1733012
  0.97759523        2.1373120        1.5376566        2.1787676
  0.98558231        2.1459640        1.5427054        2.1842367
  0.99362640        2.1546199        1.5477903        2.1897083
  1.0017272        2.1632794        1.5529110        2.1951821
  1.0098844        2.1719421        1.5580673        2.2006580
  1.0180977        2.1806078        1.5632591        2.2061358
  1.0263669        2.1892761        1.5684862        2.2116152
  1.0346915        2.1979467        1.5737483        2.2170961
  1.0430712        2.2066193        1.5790454        2.2225782
  1.0515058        2.2152935        1.5843771        2.2280613
  1.0599950        2.2239690        1.5897432        2.2335452
  1.0685383        2.2326454        1.5951437        2.2390298
  1.0771356        2.2413225        1.6005782        2.2445148
  1.0857864        2.2500000        1.6060465        2.2500000
  1.0944905        2.2586775        1.6115486        2.2554852
  1.1032475        2.2673546        1.6170840        2.2609702
  1.1120571        2.2760310        1.6226527        2.2664548
  1.1209189        2.2847065        1.6282545        2.2719387
  1.1298327        2.2933807        1.6338891        2.2774218
  1.1387980        2.3020533        1.6395562        2.2829039
  1.1478146        2.3107239        1.6452558        2.2883848
  1.1568821        2.3193922        1.6509876        2.2938642
  1.1660002        2.3280579        1.6567513        2.2993420
  1.1751684        2.3367206        1.6625467        2.3048179
  1.1843866        2.3453801        1.6683737        2.3102917
  1.1936543        2.3540360        1.6742320        2.3157633
  1.2029712        2.3626880        1.6801214        2.3212324
  1.2123369        2.3713357        1.6860417        2.3266988
  1.2217511        2.3799789        1.6919926        2.3321623
  1.2312134        2.3886172        1.6979739        2.3376228
  1.2407235        2.3972502        1.7039854        2.3430799
  1.2502810        2.4058777        1.7100269        2.3485335
  1.2598856        2.4144994        1.7160982        2.3539834
  1.2695368        2.4231148        1.7221989        2.3594294
  1.2792344        2.4317238        1.7283290        2.3648713
  1.2889779        2.4403259        1.7344880        2.3703089
  1.2987670        2.4489208        1.7406760        2.3757419
  1.3086014        2.4575082        1.7468924        2.3811702
  1.3184806        2.4660879        1.7531373        2.3865936
  1.3284043        2.4746593        1.7594103        2.3920118
  1.3383721        2.4832224        1.7657111        2.3974247
  1.3483836        2.4917766        1.7720396        2.4028320
  1.3584385        2.5003218        1.7783955        2.4082335
  1.3685364        2.5088575        1.7847786        2.4136291
  1.3786768        2.5173835        1.7911886        2.4190186
  1.3888595        2.5258994        1.7976253        2.4244017
  1.3990841        2.5344049        1.8040884        2.4297782
  1.4093500        2.5428997        1.8105777        2.4351479
  1.4196571        2.5513835        1.8170930        2.4405107
  1.4300048        2.5598559        1.8236340        2.4458663
  1.4403928        2.5683167        1.8302005        2.4512145
  1.4508206        2.5767655        1.8367922        2.4565552
  1.4612880        2.5852020        1.8434088        2.4618881
  1.4717945        2.5936259        1.8500502        2.4672130
  1.4823397        2.6020368        1.8567160        2.4725297
  1.4929232        2.6104345        1.8634061        2.4778380
  1.5035447        2.6188186        1.8701201        2.4831378
  1.5142036        2.6271888        1.8768578        2.4884288
  1.5248997        2.6355448        1.8836190        2.4937108
  1.5356325        2.6438863        1.8904034        2.4989836
  1.5464015        2.6522130        1.8972108        2.5042471
  1.5572065        2.6605245        1.9040409        2.5095010
  1.5680470        2.6688206        1.9108934        2.5147451
  1.5789226        2.6771009        1.9177680        2.5199793
  1.5898328        2.6853651        1.9246646        2.5252033
  1.6007773        2.6936130        1.9315829        2.5304169
  1.6117557        2.7018441        1.9385225        2.5356199
  1.6227675        2.7100582        1.9454833        2.5408123
  1.6338124        2.7182550        1.9524650        2.5459936
  1.6448898        2.7264342        1.9594673        2.5511639
  1.6559995        2.7345954        1.9664899        2.5563227
  1.6671409        2.7427384        1.9735326        2.5614701
  1.6783137        2.7508629        1.9805952        2.5666057
  1.6895174        2.7589684        1.9876773        2.5717294
  1.7007516        2.7670549        1.9947787        2.5768410
  1.7120159        2.7751218        2.0018991        2.5819403
  1.7233099        2.7831690        2.0090382        2.5870271
  1.7346331        2.7911961        2.0161959        2.5921012
  1.7459852        2.7992028        2.0233717        2.5971624
  1.7573656        2.8071889        2.0305655        2.6022106
  1.7687740        2.8151540        2.0377770        2.6072454
  1.7802099        2.8230978        2.0450059        2.6122669
  1.7916729        2.8310200        2.0522519        2.6172747
  1.8031626        2.8389203        2.0595148        2.6222686
  1.8146786        2.8467985        2.0667942        2.6272486
  1.8262203        2.8546542        2.0740900        2.6322144
  1.8377874        2.8624872        2.0814018        2.6371657
  1.8493794        2.8702970        2.0887294        2.6421025
  1.8609959        2.8780836        2.0960724        2.6470245
  1.8726365        2.8858464        2.1034306        2.6519316
  1.8843007        2.8935854        2.1108038        2.6568236
  1.8959881        2.9013001        2.1181917        2.6617002
  1.9076982        2.9089903        2.1255939        2.6665613
  1.9194306        2.9166557        2.1330102        2.6714067
  1.9311849        2.9242959        2.1404403        2.6762363
  1.9429606        2.9319108        2.1478840        2.6810499
  1.9547573        2.9395000        2.1553409        2.6858472
  1.9665745        2.9470633        2.1628108        2.6906280
  1.9784118        2.9546003        2.1702934        2.6953924
  1.9902687        2.9621108        2.1777884        2.7001399
  2.0021448        2.9695945        2.1852955        2.7048705
  2.0140396        2.9770511        2.1928145        2.7095839
  2.0259528        2.9844803        2.2003450        2.7142801
  2.0378838        2.9918818        2.2078868        2.7189588
  2.0498322        2.9992555        2.2154397        2.7236198
  2.0617975        3.0066009        2.2230032        2.7282630
  2.0737794        3.0139178        2.2305772        2.7328882
  2.0857772        3.0212060        2.2381613        2.7374952
  2.0977907        3.0284651        2.2457553        2.7420838
  2.1098194        3.0356950        2.2533588        2.7466539
  2.1218627        3.0428952        2.2609716        2.7512054
  2.1339202        3.0500656        2.2685934        2.7557379
  2.1459916        3.0572059        2.2762240        2.7602514
  2.1580762        3.0643158        2.2838630        2.7647457
  2.1701738        3.0713950        2.2915101        2.7692207
  2.1822837        3.0784433        2.2991650        2.7736760
  2.1944056        3.0854604        2.3068275        2.7781117
  2.2065391        3.0924460        2.3144973        2.7825275
  2.2186835        3.0994000        2.3221741        2.7869232
  2.2308386        3.1063219        2.3298575        2.7912987
  2.2430038        3.1132116        2.3375474        2.7956538
  2.2551786        3.1200689        2.3452434        2.7999884
  2.2673627        3.1268933        2.3529452        2.8043023
  2.2795556        3.1336848        2.3606526        2.8085953
  2.2917567        3.1404429        2.3683651        2.8128673
  2.3039657        3.1471676        2.3760827        2.8171181
  2.3161821        3.1538585        2.3838049        2.8213475
  2.3284054        3.1605153        2.3915315        2.8255554
  2.3406351        3.1671379        2.3992622        2.8297417
  2.3528709        3.1737259        2.4069967        2.8339061
  2.3651122        3.1802791        2.4147346        2.8380486
  2.3773585        3.1867974        2.4224758        2.8421689
  2.3896095        3.1932803        2.4302199        2.8462669
  2.4018647        3.1997278        2.4379666        2.8503425
  2.4141235        3.2061395        2.4457157        2.8543954
  2.4263856        3.2125152        2.4534668        2.8584256
  2.4386504        3.2188546        2.4612197        2.8624329
  2.4509175        3.2251576        2.4689740        2.8664172
  2.4631865        3.2314239        2.4767295        2.8703782
  2.4754569        3.2376532        2.4844858        2.8743159
  2.4877282        3.2438453        2.4922428        2.8782300
  2.5000000        3.2500000        2.5000000        2.8821206
