# data from ifeffit
# e0 =    11870.145     
# pre1 =   -200.00000     
# pre2 =   -50.000000     
# edge_step =    2.4070623     
#------------------------
#   energy     norm
  11634.890       0.27311380E-02
  11644.908       0.24061908E-02
  11654.944       0.19785661E-02
  11664.998       0.16210887E-02
  11675.070       0.12481771E-02
  11684.862       0.90079888E-03
  11694.969       0.57621070E-03
  11705.093       0.19864029E-03
  11714.937      -0.64076230E-04
  11725.095      -0.37644811E-03
  11734.974      -0.65855862E-03
  11744.867      -0.79014251E-03
  11755.079      -0.99177903E-03
  11765.009      -0.11116979E-02
  11774.954      -0.11079359E-02
  11784.918      -0.10334531E-02
  11794.896      -0.63437258E-03
  11804.895      -0.17630293E-03
  11814.909       0.10423235E-02
  11824.940       0.29786165E-02
  11834.989       0.69343209E-02
  11845.057       0.16025426E-01
  11845.361       0.16394204E-01
  11845.973       0.17224621E-01
  11846.583       0.18124101E-01
  11846.889       0.18552188E-01
  11847.499       0.19551790E-01
  11848.110       0.20688646E-01
  11848.415       0.21242455E-01
  11849.027       0.22354958E-01
  11849.637       0.23762526E-01
  11849.942       0.24342508E-01
  11850.556       0.25782282E-01
  11850.860       0.26578552E-01
  11851.471       0.28268780E-01
  11852.083       0.30100417E-01
  11852.390       0.30864757E-01
  11853.000       0.32901307E-01
  11853.610       0.35284753E-01
  11853.917       0.36554689E-01
  11854.529       0.39323568E-01
  11855.140       0.42442508E-01
  11855.446       0.43684035E-01
  11856.058       0.47188251E-01
  11856.363       0.49067742E-01
  11856.976       0.53382647E-01
  11857.588       0.58201327E-01
  11857.894       0.60235106E-01
  11858.504       0.65920087E-01
  11859.118       0.72830430E-01
  11859.424       0.76396367E-01
  11860.035       0.85174073E-01
  11860.647       0.95265571E-01
  11860.955       0.99669775E-01
  11861.566       0.11294633
  11861.872       0.11981421
  11862.484       0.13761802
  11863.098       0.15938838
  11863.403       0.16951070
  11864.017       0.20015994
  11864.628       0.23972247
  11864.935       0.26215139
  11865.547       0.31995790
  11865.854       0.34710959
  11866.467       0.43246934
  11867.078       0.54219126
  11867.388       0.60211033
  11867.999       0.74989316
  11868.611       0.94325827
  11868.919        1.0251283
  11869.532        1.2776669
  11870.145        1.5587200
  11870.451        1.6862648
  11871.064        1.8809022
  11871.371        1.9111070
  11871.985        1.8748602
  11872.599        1.7725153
  11872.905        1.7198006
  11873.518        1.6074933
  11874.133        1.5028437
  11874.439        1.4603880
  11875.053        1.3615068
  11875.358        1.3190073
  11875.975        1.2330493
  11876.588        1.1685791
  11876.894        1.1455595
  11877.509        1.1058281
  11878.123        1.0898350
  11878.430        1.0908361
  11879.044        1.1087213
  11879.351        1.1229896
  11879.966        1.1674866
  11880.580        1.2215482
  11880.887        1.2460730
  11881.500        1.2851303
  11882.116        1.3038296
  11882.424        1.3044537
  11883.037        1.2919248
  11883.652        1.2686163
  11883.959        1.2564084
  11884.574        1.2321988
  11884.881        1.2238741
  11885.496        1.2054379
  11886.110        1.1906886
  11886.419        1.1840326
  11887.034        1.1695224
  11887.648        1.1535372
  11887.955        1.1466030
  11888.572        1.1294616
  11888.879        1.1213334
  11889.493        1.1055464
  11890.109        1.0909923
  11890.417        1.0847894
  11891.032        1.0680557
  11891.648        1.0488021
  11891.956        1.0379707
  11892.570        1.0157177
  11892.879        1.0057884
  11893.495       0.98411900
  11894.109       0.96808478
  11894.419       0.96173469
  11895.035       0.95328929
  11895.649       0.94877450
  11896.266       0.94662988
  11896.881       0.94572546
  11897.498       0.94494724
  11898.422       0.94315775
  11899.038       0.94183472
  11899.655       0.94050105
  11900.580       0.93758710
  11901.195       0.93473301
  11902.121       0.92925219
  11903.045       0.92302866
  11903.662       0.91913918
  11904.587       0.91469682
  11905.513       0.91039878
  11906.438       0.90623102
  11907.363       0.90262994
  11908.291       0.90181903
  11909.215       0.90584950
  11910.143       0.91501091
  11911.068       0.92921743
  11912.303       0.95161523
  11913.229       0.96826762
  11914.156       0.98432401
  11915.392       0.99929092
  11916.318        1.0058779
  11917.556        1.0088210
  11918.793        1.0079471
  11919.719        1.0079240
  11920.957        1.0120261
  11922.193        1.0222965
  11923.432        1.0369373
  11924.669        1.0530510
  11925.908        1.0672914
  11927.146        1.0772168
  11928.384        1.0815935
  11929.623        1.0822372
  11930.861        1.0836988
  11932.411        1.0879935
  11933.651        1.0900262
  11934.891        1.0883374
  11936.441        1.0826515
  11937.992        1.0785981
  11939.232        1.0791954
  11940.784        1.0851643
  11942.336        1.0944456
  11943.577        1.1019776
  11945.130        1.1107190
  11946.684        1.1141893
  11948.237        1.1101108
  11949.791        1.0995259
  11951.346        1.0871646
  11952.899        1.0779097
  11954.767        1.0715845
  11956.322        1.0688503
  11957.878        1.0654753
  11959.745        1.0586156
  11961.301        1.0512074
  11963.171        1.0443927
  11964.729        1.0417641
  11966.598        1.0404115
  11968.470        1.0375762
  11970.027        1.0341660
  11971.900        1.0313371
  11973.771        1.0302889
  11975.644        1.0293063
  11977.519        1.0267618
  11979.392        1.0210801
  11981.267        1.0123788
  11983.141        1.0024177
  11985.017       0.99429404
  11987.206       0.98897009
  11989.083       0.98778781
  11991.273       0.98795661
  11993.151       0.98716335
  11995.344       0.98668867
  11997.225       0.98909938
  11999.417       0.99561980
  12001.299        1.0036171
  12003.494        1.0136805
  12005.688        1.0243146
  12007.886        1.0351487
  12010.083        1.0448015
  12012.282        1.0503230
  12014.481        1.0508522
  12016.682        1.0476227
  12018.881        1.0436692
  12021.083        1.0409804
  12023.602        1.0392059
  12025.804        1.0381356
  12028.008        1.0383498
  12030.527        1.0411962
  12032.733        1.0436355
  12035.257        1.0432721
  12037.780        1.0414034
  12039.989        1.0397577
  12042.514        1.0380584
  12045.040        1.0368566
  12047.566        1.0360045
  12050.096        1.0346974
  12052.625        1.0316083
  12055.154        1.0287535
  12057.688        1.0266917
  12060.221        1.0239032
  12062.754        1.0212903
  12065.288        1.0212426
  12068.142        1.0256521
  12070.678        1.0320367
  12073.218        1.0352100
  12076.073        1.0304404
  12078.615        1.0217237
  12081.473        1.0121167
  12084.335        1.0044443
  12086.878        1.0003587
  12089.742       0.99809730
  12092.606       0.99787327
  12095.474        1.0003399
  12098.340        1.0053458
  12101.209        1.0106974
  12104.080        1.0135757
  12106.952        1.0130572
  12109.825        1.0101570
  12112.697        1.0049232
  12115.894       0.99834025
  12118.771       0.99491977
  12121.650       0.99515468
  12124.850       0.99813159
  12127.731        1.0011719
  12130.936        1.0020408
  12133.819       0.99970433
  12137.027       0.99470514
  12140.235       0.99171421
  12143.445       0.99381403
  12146.337       0.99864041
  12149.551        1.0033864
  12152.765        1.0081723
  12155.981        1.0167100
  12159.200        1.0255929
  12162.421        1.0270003
  12165.642        1.0207950
  12169.189        1.0124789
  12172.415        1.0069770
  12175.643        1.0038754
  12178.872        1.0020136
  12182.426       0.99796648
  12185.658       0.99140818
  12189.218       0.98455234
  12192.452       0.98088835
  12196.016       0.97963458
  12199.579       0.97908981
  12202.822       0.97944292
  12206.390       0.98102394
  12209.961       0.98348493
  12213.534       0.98614607
  12217.107       0.98755256
  12220.686       0.98782875
  12224.263       0.98941120
  12227.845       0.99308661
  12231.427       0.99603458
  12235.013       0.99618765
  12238.927       0.99369053
  12242.516       0.98904612
  12246.108       0.98264859
  12250.029       0.97624158
  12253.625       0.97158664
  12257.550       0.96677807
  12261.152       0.96159522
  12265.081       0.95747358
  12269.016       0.95655681
  12272.623       0.95934712
  12276.561       0.96403474
  12280.502       0.96677649
  12284.445       0.96678575
  12288.391       0.96797452
  12292.338       0.97186883
  12296.289       0.97490296
  12300.243       0.97564432
  12304.198       0.97608796
  12308.158       0.97544891
  12312.119       0.97377930
  12316.084       0.97214523
  12320.380       0.96989751
  12324.349       0.96654870
  12328.652       0.96163495
  12332.627       0.95740842
  12336.604       0.95414770
  12340.915       0.95491474
  12345.229       0.95972495
  12349.215       0.96277749
  12353.536       0.96169033
  12357.859       0.95818726
  12362.187       0.95476184
  12366.183       0.95207079
  12370.515       0.94915617
  12374.851       0.94717859
  12379.189       0.94745220
  12383.532       0.94930280
  12387.876       0.95009500
  12392.560       0.94918528
  12396.911       0.94719055
  12401.265       0.94436706
  12405.621       0.94262446
  12410.317       0.94309757
  12414.682       0.94420551
  12419.049       0.94517335
  12423.755       0.94508927
  12428.129       0.94381273
  12432.842       0.94166293
  12437.560       0.93922061
  12441.942       0.93597655
  12446.666       0.93267729
  12451.395       0.93204888
  12456.125       0.93253236
  12460.522       0.93193829
  12465.261       0.93014656
  12470.003       0.92914963
  12474.748       0.92843193
  12479.498       0.92812258
  12484.250       0.92818079
  12489.007       0.92805119
  12494.107       0.92760772
  12498.871       0.92847919
  12503.640       0.92912795
  12508.411       0.92853277
  12513.527       0.92889405
  12518.307       0.92867917
  12523.432       0.92688988
  12528.220       0.92477312
  12533.352       0.92324001
  12538.146       0.92282918
  12543.288       0.92161630
  12548.090       0.91967042
  12553.239       0.91664524
  12558.393       0.91471803
  12563.551       0.91355171
  12568.713       0.91203623
  12573.536       0.91051078
  12578.707       0.90951394
  12583.881       0.90887943
  12589.061       0.90819519
  12594.244       0.90821518
  12599.432       0.90969708
  12604.972       0.91054125
  12610.168       0.91012459
  12615.369       0.90896465
  12620.574       0.90777212
  12625.784       0.90662441
  12631.348       0.90554056
  12636.566       0.90486481
  12642.137       0.90326650
  12647.364       0.90112482
  12652.945       0.89868931
  12658.184       0.89636175
  12663.774       0.89479760
  12669.020       0.89438344
  12674.620       0.89396957
  12680.228       0.89332723
  12685.837       0.89273240
  12691.102       0.89260084
  12696.722       0.89268908
  12702.349       0.89220220
  12707.979       0.89122433
  12713.613       0.89074895
  12719.255       0.89089094
  12724.901       0.89087070
  12730.551       0.89040907
  12736.208       0.88944336
  12741.868       0.88764641
  12747.889       0.88536686
  12753.562       0.88382953
  12759.237       0.88285545
  12764.919       0.88147991
  12770.962       0.87998488
  12776.654       0.87916512
  12782.351       0.87852438
  12788.410       0.87732642
  12794.119       0.87619071
  12800.189       0.87534595
  12806.266       0.87502452
  12811.989       0.87464588
  12818.077       0.87398718
  12824.170       0.87287519
  12829.910       0.87207549
  12836.016       0.87143708
  12842.127       0.87065490
  12848.244       0.86944616
  12854.366       0.86828143
  12860.495       0.86742897
  12866.269       0.86685607
  12872.408       0.86609160
  12878.555       0.86504631
  12885.069       0.86384259
