# data from ifeffit
#------------------------
#   energy    xmu
  6962.0000       0.10061644
  6972.0000       0.10032745
  6982.0000       0.99882904E-01
  6992.0000       0.99999533E-01
  7002.0000       0.99754178E-01
  7012.0000       0.99376000E-01
  7022.0000       0.99678120E-01
  7032.0000       0.99560236E-01
  7042.0000       0.99868119E-01
  7052.0000       0.99953559E-01
  7062.0000       0.10032401
  7072.0000       0.10065945
  7082.0000       0.10160871
  7092.0000       0.10347847
  7092.5000       0.10360415
  7093.0000       0.10398534
  7093.5000       0.10394893
  7094.0000       0.10416018
  7094.5000       0.10424196
  7095.0000       0.10446482
  7095.5000       0.10498367
  7096.0000       0.10491637
  7096.5000       0.10505025
  7097.0000       0.10520831
  7097.5000       0.10551074
  7098.0000       0.10584808
  7098.5000       0.10613091
  7099.0000       0.10639359
  7099.5000       0.10632986
  7100.0000       0.10663820
  7100.5000       0.10678983
  7101.0000       0.10738150
  7101.5000       0.10733532
  7102.0000       0.10779007
  7102.5000       0.10804467
  7103.0000       0.10896428
  7103.5000       0.10902070
  7104.0000       0.10953578
  7104.5000       0.10992273
  7105.0000       0.11063727
  7105.5000       0.11106468
  7106.0000       0.11139699
  7106.5000       0.11234106
  7107.0000       0.11308978
  7107.5000       0.11405424
  7108.0000       0.11513134
  7108.5000       0.11618659
  7109.0000       0.11779023
  7109.5000       0.11961630
  7110.0000       0.12239640
  7110.5000       0.12689376
  7111.0000       0.13361957
  7111.5000       0.14385407
  7112.0000       0.15957993
  7112.5000       0.18341880
  7113.0000       0.20308955
  7113.5000       0.20651906
  7114.0000       0.19944004
  7114.5000       0.19096563
  7115.0000       0.18659356
  7115.5000       0.18567747
  7116.0000       0.18861900
  7116.5000       0.19489923
  7117.0000       0.20541332
  7117.5000       0.22255750
  7118.0000       0.24358892
  7118.5000       0.27389078
  7119.0000       0.31226709
  7119.5000       0.35772093
  7120.0000       0.41405734
  7120.5000       0.47028007
  7121.0000       0.52521540
  7121.5000       0.58373324
  7122.0000       0.63952504
  7122.5000       0.70066517
  7123.0000       0.77004998
  7123.5000       0.83859028
  7124.0000       0.90674938
  7124.5000       0.97112299
  7125.0000        1.0267217
  7125.5000        1.0779535
  7126.0000        1.1230853
  7126.5000        1.1657443
  7127.0000        1.2171584
  7127.5000        1.2759012
  7128.0000        1.3371062
  7128.5000        1.4009802
  7129.0000        1.4540764
  7129.5000        1.4904530
  7130.0000        1.5074903
  7130.5000        1.5074714
  7131.0000        1.4973943
  7131.5000        1.4811745
  7132.0000        1.4633806
  7132.8830        1.4213327
  7133.7850        1.3716667
  7134.7070        1.3302301
  7135.6470        1.3034920
  7136.6060        1.2861552
  7137.5840        1.2693268
  7138.5820        1.2477809
  7139.5990        1.2243797
  7140.6340        1.2044275
  7141.6890        1.1948143
  7142.7630        1.1970952
  7143.8560        1.2017102
  7144.9680        1.2030976
  7146.0990        1.1945275
  7147.2490        1.1705068
  7148.4180        1.1354889
  7149.6060        1.1021636
  7150.8140        1.0771861
  7152.0410        1.0594488
  7153.2860        1.0445596
  7154.5510        1.0312484
  7155.8340        1.0163776
  7157.1370        1.0031152
  7158.4590       0.99470092
  7159.8000       0.99167764
  7161.1600       0.99451641
  7162.5390        1.0005323
  7163.9370        1.0076043
  7165.3540        1.0175997
  7166.7910        1.0301025
  7168.2460        1.0458910
  7169.7200        1.0644985
  7171.2140        1.0844202
  7172.7260        1.1059097
  7174.2580        1.1248470
  7175.8090        1.1410739
  7177.3780        1.1565081
  7178.9670        1.1738816
  7180.5750        1.1875973
  7182.2030        1.1948450
  7183.8490        1.1951593
  7185.5140        1.1908077
  7187.1980        1.1872781
  7188.9010        1.1821355
  7190.6240        1.1760761
  7192.3650        1.1680863
  7194.1260        1.1565851
  7195.9060        1.1450442
  7197.7050        1.1335524
  7199.5220        1.1215667
  7201.3590        1.1095209
  7203.2150        1.0981825
  7205.0900        1.0890740
  7206.9840        1.0834942
  7208.8970        1.0814398
  7210.8300        1.0825987
  7212.7810        1.0852006
  7214.7510        1.0898573
  7216.7410        1.0972807
  7218.7500        1.1052031
  7220.7770        1.1137901
  7222.8240        1.1205526
  7224.8900        1.1268758
  7226.9750        1.1284220
  7229.0790        1.1267931
  7231.2020        1.1231079
  7233.3440        1.1159525
  7235.5050        1.1079789
  7237.6850        1.0982522
  7239.8850        1.0861244
  7242.1030        1.0737338
  7244.3410        1.0633737
  7246.5970        1.0584926
  7248.8730        1.0586826
  7251.1670        1.0638698
  7253.4810        1.0723045
  7255.8140        1.0828197
  7258.1660        1.0940437
  7260.5370        1.1050467
  7262.9270        1.1141058
  7265.3360        1.1218712
  7267.7650        1.1255023
  7270.2120        1.1267285
  7272.6790        1.1268684
  7275.1640        1.1260202
  7277.6680        1.1243252
  7280.1920        1.1216170
  7282.7350        1.1181401
  7285.2970        1.1111032
  7287.8770        1.1020913
  7290.4780        1.0932244
  7293.0970        1.0859742
  7295.7350        1.0814805
  7298.3920        1.0772739
  7301.0680        1.0733453
  7303.7640        1.0691993
  7306.4780        1.0655348
  7309.2110        1.0627073
  7311.9640        1.0623681
  7314.7360        1.0645028
  7317.5260        1.0685160
  7320.3360        1.0739830
  7323.1650        1.0791776
  7326.0130        1.0833061
  7328.8800        1.0866281
  7331.7660        1.0869108
  7334.6710        1.0849825
  7337.5960        1.0821990
  7340.5390        1.0794795
  7343.5010        1.0751032
  7346.4830        1.0701804
  7349.4830        1.0659264
  7352.5030        1.0633538
  7355.5420        1.0615560
  7358.6000        1.0597027
  7361.6760        1.0599878
  7364.7720        1.0594352
  7367.8870        1.0611945
  7371.0210        1.0620764
  7374.1750        1.0618452
  7377.3470        1.0599889
  7380.5380        1.0585315
  7383.7490        1.0571273
  7386.9780        1.0565889
  7390.2270        1.0569035
  7393.4940        1.0573314
  7396.7810        1.0586857
  7400.0870        1.0581149
  7403.4120        1.0572160
  7406.7550        1.0554229
  7410.1190        1.0534661
  7413.5000        1.0511432
  7416.9020        1.0494990
  7420.3220        1.0474897
  7423.7610        1.0453743
  7427.2200        1.0441202
  7430.6970        1.0420081
  7434.1940        1.0408541
  7437.7090        1.0387600
  7441.2440        1.0386425
  7444.7980        1.0390508
  7448.3710        1.0400674
  7451.9620        1.0407888
  7455.5740        1.0410366
  7459.2040        1.0398670
  7462.8530        1.0384793
  7466.5210        1.0355160
  7470.2080        1.0330731
  7473.9150        1.0321028
  7477.6400        1.0318193
  7481.3850        1.0321309
  7485.1480        1.0309583
  7488.9310        1.0301848
  7492.7330        1.0290855
  7496.5540        1.0286305
  7500.3940        1.0277031
  7504.2530        1.0272355
  7508.1310        1.0274168
  7512.0280        1.0262659
  7515.9440        1.0257678
  7519.8790        1.0255206
  7523.8340        1.0245217
  7527.8070        1.0242088
  7531.8000        1.0230955
  7535.8120        1.0223443
  7539.8420        1.0213497
  7543.8920        1.0204955
  7547.9610        1.0190835
  7552.0490        1.0179710
  7556.1560        1.0162119
  7560.2820        1.0152782
  7564.4270        1.0148564
  7568.5910        1.0144015
  7572.7740        1.0147628
  7576.9770        1.0138707
  7581.1980        1.0135765
  7585.4390        1.0127398
  7589.6980        1.0125593
  7593.9770        1.0124164
  7598.2750        1.0123914
  7602.5920        1.0127112
  7606.9280        1.0116287
  7611.2830        1.0115410
  7615.6570        1.0106005
  7620.0500        1.0095374
  7624.4620        1.0088529
  7628.8940        1.0078512
  7633.3440        1.0063210
  7637.8130        1.0058581
  7642.3020        1.0046731
  7646.8100        1.0037947
  7651.3360        1.0031065
  7655.8820        1.0024489
  7660.4470        1.0022463
  7665.0300        1.0018752
  7669.6340        1.0016418
  7674.2550        1.0013815
  7678.8960        1.0012273
  7683.5570        1.0015279
  7688.2360        1.0008814
  7692.9350        1.0011158
  7697.6520        1.0008583
  7702.3890        1.0009611
  7707.1440        1.0006382
  7711.9190       0.99981999
  7716.7120       0.99910019
  7721.5250       0.99891707
  7726.3570       0.99785964
  7731.2080       0.99737622
  7736.0780       0.99596612
  7740.9670       0.99609390
  7745.8750       0.99546131
  7750.8030       0.99575636
  7755.7500       0.99537361
  7760.7150       0.99548118
  7765.6990       0.99435687
  7770.7030       0.99443671
  7775.7260       0.99415287
  7780.7670       0.99448177
  7785.8280       0.99426492
  7790.9080       0.99432671
  7796.0070       0.99387059
  7801.1250       0.99365957
  7806.2620       0.99359410
  7811.4180       0.99311913
  7816.5940       0.99296755
  7821.7880       0.99294333
  7827.0010       0.99226703
  7832.2340       0.99213625
  7837.4850       0.99225042
  7842.7560       0.99122060
  7848.0460       0.99132607
  7853.3540       0.99088970
  7858.6830       0.99075528
  7864.0300       0.99062717
  7869.3960       0.99068763
  7874.7810       0.99062184
  7880.1850       0.99067832
  7885.6080       0.99083117
  7891.0510       0.99066596
  7896.5120       0.99089083
  7901.9920       0.99101913
  7907.4920       0.99135882
  7913.0110       0.99137029
  7918.5480       0.99130318
  7924.1050       0.99117520
  7929.6810       0.99133217
  7935.2760       0.99145300
  7940.8900       0.99167439
  7946.5230       0.99180827
  7952.1750       0.99186697
  7957.8470       0.99175682
  7963.5370       0.99134360
  7969.2470       0.99180273
