# data from ifeffit
#------------------------
#   energy    xmu
  6962.0000       0.30026766
  6972.0000       0.30017984
  6982.0000       0.30005390
  6992.0000       0.29987126
  7002.0000       0.29985559
  7012.0000       0.29973854
  7022.0000       0.29980118
  7032.0000       0.29964817
  7042.0000       0.30002958
  7052.0000       0.30014023
  7062.0000       0.30041405
  7072.0000       0.30093606
  7082.0000       0.30182129
  7092.0000       0.30372332
  7092.5000       0.30396080
  7093.0000       0.30415202
  7093.5000       0.30430529
  7094.0000       0.30434283
  7094.5000       0.30446502
  7095.0000       0.30479170
  7095.5000       0.30482719
  7096.0000       0.30512267
  7096.5000       0.30512154
  7097.0000       0.30544342
  7097.5000       0.30560332
  7098.0000       0.30586844
  7098.5000       0.30642070
  7099.0000       0.30672920
  7099.5000       0.30696581
  7100.0000       0.30738582
  7100.5000       0.30776778
  7101.0000       0.30810589
  7101.5000       0.30853762
  7102.0000       0.30902712
  7102.5000       0.30942273
  7103.0000       0.31011517
  7103.5000       0.31057323
  7104.0000       0.31164379
  7104.5000       0.31241494
  7105.0000       0.31350618
  7105.5000       0.31472687
  7106.0000       0.31578316
  7106.5000       0.31750415
  7107.0000       0.31948403
  7107.5000       0.32191067
  7108.0000       0.32517196
  7108.5000       0.32968037
  7109.0000       0.33641421
  7109.5000       0.34793397
  7110.0000       0.36963375
  7110.5000       0.40463014
  7111.0000       0.45532550
  7111.5000       0.50463432
  7112.0000       0.54068893
  7112.5000       0.57003254
  7113.0000       0.59448144
  7113.5000       0.61554886
  7114.0000       0.63358347
  7114.5000       0.64720285
  7115.0000       0.65415294
  7115.5000       0.65916582
  7116.0000       0.66491716
  7116.5000       0.67480407
  7117.0000       0.69438223
  7117.5000       0.72411729
  7118.0000       0.75738698
  7118.5000       0.79577966
  7119.0000       0.83181555
  7119.5000       0.87137596
  7120.0000       0.91251790
  7120.5000       0.95083081
  7121.0000       0.98590250
  7121.5000        1.0182039
  7122.0000        1.0441105
  7122.5000        1.0669697
  7123.0000        1.0879404
  7123.5000        1.1058080
  7124.0000        1.1217648
  7124.5000        1.1370922
  7125.0000        1.1512958
  7125.5000        1.1664308
  7126.0000        1.1823996
  7126.5000        1.1991308
  7127.0000        1.2184897
  7127.5000        1.2393819
  7128.0000        1.2629348
  7128.5000        1.2865792
  7129.0000        1.3093557
  7129.5000        1.3281878
  7130.0000        1.3421367
  7130.5000        1.3478520
  7131.0000        1.3432248
  7131.5000        1.3300224
  7132.0000        1.3133350
  7132.8830        1.2782873
  7133.7850        1.2469356
  7134.7070        1.2237621
  7135.6470        1.2115801
  7136.6060        1.2095578
  7137.5840        1.2169511
  7138.5820        1.2301147
  7139.5990        1.2429420
  7140.6340        1.2513548
  7141.6890        1.2518473
  7142.7630        1.2474278
  7143.8560        1.2434769
  7144.9680        1.2464925
  7146.0990        1.2580506
  7147.2490        1.2767132
  7148.4180        1.2956944
  7149.6060        1.3083977
  7150.8140        1.3160840
  7152.0410        1.3221593
  7153.2860        1.3243659
  7154.5510        1.3217653
  7155.8340        1.3171975
  7157.1370        1.3131245
  7158.4590        1.3114155
  7159.8000        1.3114585
  7161.1600        1.3092474
  7162.5390        1.3050388
  7163.9370        1.2989806
  7165.3540        1.2947121
  7166.7910        1.2917334
  7168.2460        1.2883738
  7169.7200        1.2834428
  7171.2140        1.2754373
  7172.7260        1.2640870
  7174.2580        1.2496563
  7175.8090        1.2341632
  7177.3780        1.2202803
  7178.9670        1.2111602
  7180.5750        1.2093641
  7182.2030        1.2121031
  7183.8490        1.2188619
  7185.5140        1.2300276
  7187.1980        1.2449789
  7188.9010        1.2604271
  7190.6240        1.2782849
  7192.3650        1.2942573
  7194.1260        1.2999180
  7195.9060        1.2945607
  7197.7050        1.2809320
  7199.5220        1.2626743
  7201.3590        1.2421652
  7203.2150        1.2196983
  7205.0900        1.2003417
  7206.9840        1.1916067
  7208.8970        1.2001924
  7210.8300        1.2297987
  7212.7810        1.2760006
  7214.7510        1.3278432
  7216.7410        1.3718270
  7218.7500        1.3993371
  7220.7770        1.4058053
  7222.8240        1.3893441
  7224.8900        1.3565861
  7226.9750        1.3166344
  7229.0790        1.2750934
  7231.2020        1.2353530
  7233.3440        1.2026670
  7235.5050        1.1808841
  7237.6850        1.1716722
  7239.8850        1.1731392
  7242.1030        1.1831710
  7244.3410        1.1978396
  7246.5970        1.2110789
  7248.8730        1.2180088
  7251.1670        1.2162744
  7253.4810        1.2085746
  7255.8140        1.2026847
  7258.1660        1.2046909
  7260.5370        1.2132812
  7262.9270        1.2218837
  7265.3360        1.2283818
  7267.7650        1.2367322
  7270.2120        1.2502350
  7272.6790        1.2665812
  7275.1640        1.2764421
  7277.6680        1.2822628
  7280.1920        1.2903191
  7282.7350        1.3014484
  7285.2970        1.3125134
  7287.8770        1.3178195
  7290.4780        1.3089290
  7293.0970        1.2869451
  7295.7350        1.2593306
  7298.3920        1.2337651
  7301.0680        1.2134517
  7303.7640        1.1983277
  7306.4780        1.1892733
  7309.2110        1.1854627
  7311.9640        1.1860074
  7314.7360        1.1868977
  7317.5260        1.1863393
  7320.3360        1.1855198
  7323.1650        1.1855001
  7326.0130        1.1852995
  7328.8800        1.1845407
  7331.7660        1.1805475
  7334.6710        1.1745503
  7337.5960        1.1710193
  7340.5390        1.1735446
  7343.5010        1.1843331
  7346.4830        1.1999234
  7349.4830        1.2159838
  7352.5030        1.2307348
  7355.5420        1.2431108
  7358.6000        1.2545129
  7361.6760        1.2637031
  7364.7720        1.2680684
  7367.8870        1.2659680
  7371.0210        1.2558963
  7374.1750        1.2374997
  7377.3470        1.2103143
  7380.5380        1.1820692
  7383.7490        1.1612325
  7386.9780        1.1525939
  7390.2270        1.1542122
  7393.4940        1.1596513
  7396.7810        1.1645184
  7400.0870        1.1659539
  7403.4120        1.1654732
  7406.7550        1.1662767
  7410.1190        1.1675451
  7413.5000        1.1685750
  7416.9020        1.1687067
  7420.3220        1.1659856
  7423.7610        1.1612320
  7427.2200        1.1571543
  7430.6970        1.1572382
  7434.1940        1.1592998
  7437.7090        1.1639020
  7441.2440        1.1720831
  7444.7980        1.1814408
  7448.3710        1.1885864
  7451.9620        1.1922809
  7455.5740        1.1928384
  7459.2040        1.1920861
  7462.8530        1.1886865
  7466.5210        1.1823332
  7470.2080        1.1742137
  7473.9150        1.1655936
  7477.6400        1.1595985
  7481.3850        1.1545527
  7485.1480        1.1477973
  7488.9310        1.1407268
  7492.7330        1.1354260
  7496.5540        1.1344637
  7500.3940        1.1357773
  7504.2530        1.1384399
  7508.1310        1.1396170
  7512.0280        1.1395933
  7515.9440        1.1380192
  7519.8790        1.1372953
  7523.8340        1.1372858
  7527.8070        1.1383436
  7531.8000        1.1391888
  7535.8120        1.1396112
  7539.8420        1.1385047
  7543.8920        1.1370606
  7547.9610        1.1363706
  7552.0490        1.1373005
  7556.1560        1.1401111
  7560.2820        1.1435627
  7564.4270        1.1449406
  7568.5910        1.1442091
  7572.7740        1.1409411
  7576.9770        1.1352793
  7581.1980        1.1298639
  7585.4390        1.1252947
  7589.6980        1.1226188
  7593.9770        1.1216323
  7598.2750        1.1219226
  7602.5920        1.1214031
  7606.9280        1.1196968
  7611.2830        1.1170618
  7615.6570        1.1154063
  7620.0500        1.1153588
  7624.4620        1.1162823
  7628.8940        1.1162320
  7633.3440        1.1150542
  7637.8130        1.1122741
  7642.3020        1.1094888
  7646.8100        1.1070558
  7651.3360        1.1058849
  7655.8820        1.1052013
  7660.4470        1.1051609
  7665.0300        1.1061389
  7669.6340        1.1073097
  7674.2550        1.1082466
  7678.8960        1.1092393
  7683.5570        1.1095370
  7688.2360        1.1085969
  7692.9350        1.1065593
  7697.6520        1.1048143
  7702.3890        1.1034465
  7707.1440        1.1020014
  7711.9190        1.0994730
  7716.7120        1.0975513
  7721.5250        1.0957587
  7726.3570        1.0947415
  7731.2080        1.0940955
  7736.0780        1.0932694
  7740.9670        1.0928021
  7745.8750        1.0919232
  7750.8030        1.0913796
  7755.7500        1.0910792
  7760.7150        1.0895970
  7765.6990        1.0880487
  7770.7030        1.0863908
  7775.7260        1.0851074
  7780.7670        1.0840302
  7785.8280        1.0832186
  7790.9080        1.0823282
  7796.0070        1.0818621
  7801.1250        1.0815373
  7806.2620        1.0815121
  7811.4180        1.0809584
  7816.5940        1.0811185
  7821.7880        1.0802487
  7827.0010        1.0799740
  7832.2340        1.0793961
  7837.4850        1.0790560
  7842.7560        1.0785190
  7848.0460        1.0776399
  7853.3540        1.0770021
  7858.6830        1.0759086
  7864.0300        1.0748361
  7869.3960        1.0736253
  7874.7810        1.0724804
  7880.1850        1.0711523
  7885.6080        1.0701774
  7891.0510        1.0694524
  7896.5120        1.0685226
  7901.9920        1.0676649
  7907.4920        1.0667194
  7913.0110        1.0660350
  7918.5480        1.0651409
  7924.1050        1.0646688
  7929.6810        1.0639525
  7935.2760        1.0634845
  7940.8900        1.0634428
  7946.5230        1.0630997
  7952.1750        1.0624730
  7957.8470        1.0622300
  7963.5370        1.0616553
  7969.2470        1.0609915
