# data from ifeffit
# kmin =    2.5000000     
# kmax =    13.000000     
# dk1 =    1.5000000     
# dk2 =    1.5000000     
# kweight =    2.0000000     
# rmin =   0.90000000     
# rmax =    2.0000000     
# dr1 =   0.20000000     
# dr2 =   0.20000000     
#------------------------
#   q         chiq_re      chiq_im      chik_win
  0.0000000       0.18302465E-01    0.0000000        0.0000000
  0.50000000E-01   0.17540763E-01   0.65630147E-02    0.0000000
  0.10000000       0.15282778E-01   0.12827117E-01    0.0000000
  0.15000000       0.11609123E-01   0.18502617E-01    0.0000000
  0.20000000       0.66516623E-02   0.23318041E-01    0.0000000
  0.25000000       0.58982722E-03   0.27028655E-01    0.0000000
  0.30000000      -0.63544099E-02   0.29424313E-01    0.0000000
  0.35000000      -0.13922805E-01   0.30336412E-01    0.0000000
  0.40000000      -0.21828195E-01   0.29643777E-01    0.0000000
  0.45000000      -0.29762767E-01   0.27277304E-01    0.0000000
  0.50000000      -0.37407042E-01   0.23223225E-01    0.0000000
  0.55000000      -0.44439352E-01   0.17524894E-01    0.0000000
  0.60000000      -0.50545581E-01   0.10283003E-01    0.0000000
  0.65000000      -0.55428914E-01   0.16542133E-02    0.0000000
  0.70000000      -0.58819354E-01  -0.81518254E-02    0.0000000
  0.75000000      -0.60482731E-01  -0.18877008E-01    0.0000000
  0.80000000      -0.60228982E-01  -0.30220797E-01    0.0000000
  0.85000000      -0.57919432E-01  -0.41847609E-01    0.0000000
  0.90000000      -0.53472882E-01  -0.53395417E-01    0.0000000
  0.95000000      -0.46870281E-01  -0.64485374E-01    0.0000000
  1.0000000      -0.38157839E-01  -0.74732236E-01    0.0000000
  1.0500000      -0.27448412E-01  -0.83755337E-01    0.0000000
  1.1000000      -0.14921092E-01  -0.91189833E-01    0.0000000
  1.1500000      -0.81893344E-03  -0.96697933E-01    0.0000000
  1.2000000       0.14555192E-01  -0.99979800E-01    0.0000000
  1.2500000       0.30844561E-01  -0.10078383        0.0000000
  1.3000000       0.47646300E-01  -0.98916011E-01    0.0000000
  1.3500000       0.64520683E-01  -0.94248017E-01    0.0000000
  1.4000000       0.81001819E-01  -0.86723874E-01    0.0000000
  1.4500000       0.96609517E-01  -0.76364848E-01    0.0000000
  1.5000000       0.11086203      -0.63272420E-01    0.0000000
  1.5500000       0.12328938      -0.47629160E-01    0.0000000
  1.6000000       0.13344689      -0.29697407E-01    0.0000000
  1.6500000       0.14092865      -0.98156878E-02    0.0000000
  1.7000000       0.14538036       0.11607109E-01    0.0000000
  1.7500000       0.14651145       0.34099734E-01   0.12784770E-32
  1.8000000       0.14410577       0.57138629E-01   0.18396931E-03
  1.8500000       0.13803087       0.80159825E-01   0.37698175E-04
  1.9000000       0.12824518       0.10257243      -0.12818246E-02
  1.9500000       0.11480317       0.12377344      -0.39104011E-02
  2.0000000       0.97857949E-01   0.14316338      -0.70835753E-02
  2.0500000       0.77661380E-01   0.16016262      -0.78479061E-02
  2.1000000       0.54561447E-01   0.17422768      -0.29092726E-02
  2.1500000       0.28996927E-01   0.18486722       0.13479611E-01
  2.2000000       0.14893800E-02   0.19165725       0.38390309E-01
  2.2500000      -0.27367408E-01   0.19425505       0.63536636E-01
  2.3000000      -0.56920341E-01   0.19241143       0.77571716E-01
  2.3500000      -0.86472008E-01   0.18598093       0.68838972E-01
  2.4000000      -0.11529742       0.17492949       0.29802037E-01
  2.4500000      -0.14266208       0.15933950      -0.32133989E-01
  2.5000000      -0.16784096       0.13941182      -0.10971856
  2.5500000      -0.19013783       0.11546462      -0.20004275
  2.6000000      -0.20890449       0.87929123E-01  -0.29627162
  2.6500000      -0.22355932       0.57342112E-01  -0.39202665
  2.7000000      -0.23360464       0.24335347E-01  -0.48234279
  2.7500000      -0.23864231      -0.10377871E-01  -0.57190323
  2.8000000      -0.23838724      -0.46018747E-01  -0.65959523
  2.8500000      -0.23267811      -0.81761264E-01  -0.74016999
  2.9000000      -0.22148522      -0.11675225      -0.80621748
  2.9500000      -0.20491495      -0.15013272      -0.84892786
  3.0000000      -0.18321073      -0.18105996      -0.86075062
  3.0500000      -0.15675037      -0.20872978      -0.84242387
  3.1000000      -0.12603974      -0.23239824      -0.81108502
  3.1500000      -0.91702835E-01  -0.25140236      -0.76206330
  3.2000000      -0.54468506E-01  -0.26517913      -0.69414898
  3.2500000      -0.15154054E-01  -0.27328233      -0.59228487
  3.3000000       0.25353885E-01  -0.27539650      -0.40419420
  3.3500000       0.66120698E-01  -0.27134789      -0.10628873
  3.4000000       0.10618688      -0.26111170       0.23944616
  3.4500000       0.14459222      -0.24481558       0.56426310
  3.5000000       0.18040046      -0.22273912       0.86798865
  3.5500000       0.21272374      -0.19530929        1.1306499
  3.6000000       0.24074618      -0.16309188        1.3132158
  3.6500000       0.26374596      -0.12677911        1.4309114
  3.7000000       0.28111515      -0.87173697E-01    1.4796283
  3.7500000       0.29237684      -0.45169757E-01    1.4378013
  3.8000000       0.29719907      -0.17310236E-02    1.2976242
  3.8500000       0.29540497       0.42133056E-01    1.0849697
  3.9000000       0.28697902       0.85392723E-01   0.84408411
  3.9500000       0.27206894       0.12702411       0.60799429
  4.0000000       0.25098344       0.16603558       0.39172237
  4.0500000       0.22418550       0.20149337       0.21573339
  4.1000000       0.19228162       0.23254601       0.25943488E-01
  4.1500000       0.15600708       0.25844664      -0.17192774
  4.2000000       0.11620775       0.27857276      -0.36272125
  4.2500000       0.73818816E-01   0.29244270      -0.53750176
  4.3000000       0.29841026E-01   0.29972850      -0.66753127
  4.3500000      -0.14684868E-01   0.30026467      -0.72860942
  4.4000000      -0.58704851E-01   0.29405273      -0.71135232
  4.4500000      -0.10117877       0.28126121      -0.62360069
  4.5000000      -0.14110716       0.26222125      -0.49608916
  4.5500000      -0.17755691       0.23741789      -0.36768369
  4.6000000      -0.20968527       0.20747714      -0.27696916
  4.6500000      -0.23676133       0.17314939      -0.24924565
  4.7000000      -0.25818443       0.13528950      -0.26452784
  4.7500000      -0.27349913       0.94834134E-01  -0.28088794
  4.8000000      -0.28240615       0.52776981E-01  -0.26424122
  4.8500000      -0.28476904       0.10142585E-01  -0.20169647
  4.9000000      -0.28061657      -0.32040536E-01  -0.80459870E-01
  4.9500000      -0.27014049      -0.72766708E-01   0.90102641E-01
  5.0000000      -0.25368900      -0.11107911       0.28687900
  5.0500000      -0.23175610      -0.14609425       0.45222290
  5.1000000      -0.20496693      -0.17702430       0.52059572
  5.1500000      -0.17405990      -0.20319652       0.46741602
  5.2000000      -0.13986575      -0.22406950       0.30854846
  5.2500000      -0.10328445      -0.23924554       0.73506533E-01
  5.3000000      -0.65260464E-01  -0.24847906      -0.20848167
  5.3500000      -0.26757072E-01  -0.25168069      -0.51075039
  5.4000000       0.11269426E-01  -0.24891710      -0.80060734
  5.4500000       0.47894977E-01  -0.24040649      -0.99717405
  5.5000000       0.82251778E-01  -0.22651012       -1.0394926
  5.5500000       0.11355035      -0.20771988      -0.84047397
  5.6000000       0.14109911      -0.18464261      -0.57638322
  5.6500000       0.16432089      -0.15798146      -0.21936552
  5.7000000       0.18276602      -0.12851489       0.11757116
  5.7500000       0.19612161      -0.97074060E-01   0.34080065
  5.8000000       0.20421688      -0.64519091E-01   0.43595751
  5.8500000       0.20702440      -0.31715089E-01   0.43520363
  5.9000000       0.20465734       0.49154040E-03   0.40303380
  5.9500000       0.19736283       0.31295715E-01   0.39646881
  6.0000000       0.18551168       0.59954653E-01   0.45209434
  6.0500000       0.16958488       0.85806618E-01   0.56541737
  6.1000000       0.15015735       0.10828694       0.70173732
  6.1500000       0.12787935       0.12694091       0.82017221
  6.2000000       0.10345622       0.14143323       0.91217551
  6.2500000       0.77627152E-01   0.15155384       0.95233770
  6.3000000       0.51143417E-01   0.15722003       0.91309826
  6.3500000       0.24746922E-01   0.15847480       0.79990707
  6.4000000      -0.85043662E-03   0.15548174       0.60963901
  6.4500000      -0.24985973E-01   0.14851649       0.33430455
  6.5000000      -0.47063449E-01   0.13795528       0.13378451E-01
  6.5500000      -0.66567898E-01   0.12426084      -0.34858131
  6.6000000      -0.83077655E-01   0.10796621      -0.70284740
  6.6500000      -0.96273304E-01   0.89656977E-01   -1.0189567
  6.7000000      -0.10594337       0.69952548E-01   -1.2118005
  6.7500000      -0.11198668       0.49486931E-01   -1.2766048
  6.8000000      -0.11441135       0.28889742E-01   -1.2308442
  6.8500000      -0.11333068       0.87679100E-02   -1.0557534
  6.9000000      -0.10895593      -0.10311362E-01  -0.80077301
  6.9500000      -0.10158652      -0.27835900E-01  -0.52204796
  7.0000000      -0.91597871E-01  -0.43361729E-01  -0.23459187
  7.0500000      -0.79427348E-01  -0.56523762E-01   0.26783873E-01
  7.1000000      -0.65558874E-01  -0.67043771E-01   0.23085564
  7.1500000      -0.50506597E-01  -0.74735467E-01   0.37740541
  7.2000000      -0.34798217E-01  -0.79506633E-01   0.47820528
  7.2500000      -0.18958470E-01  -0.81358326E-01   0.54532947
  7.3000000      -0.34932624E-02  -0.80381275E-01   0.57743861
  7.3500000       0.11125065E-01  -0.76749656E-01   0.57387956
  7.4000000       0.24470944E-01  -0.70712538E-01   0.53924569
  7.4500000       0.36176877E-01  -0.62583320E-01   0.47445263
  7.5000000       0.45942561E-01  -0.52727564E-01   0.38071367
  7.5500000       0.53541607E-01  -0.41549636E-01   0.26872994
  7.6000000       0.58825737E-01  -0.29478626E-01   0.14021465
  7.6500000       0.61726398E-01  -0.16953995E-01   0.18815582E-01
  7.7000000       0.62253851E-01  -0.44114155E-02  -0.76845372E-01
  7.7500000       0.60493814E-01   0.77307700E-02  -0.13477969
  7.8000000       0.56601877E-01   0.19084060E-01  -0.14735801
  7.8500000       0.50795920E-01   0.29300922E-01  -0.14951602
  7.9000000       0.43346848E-01   0.38084225E-01  -0.17182629
  7.9500000       0.34567988E-01   0.45194759E-01  -0.21488246
  8.0000000       0.24803529E-01   0.50456638E-01  -0.26009738
  8.0500000       0.14416405E-01   0.53760519E-01  -0.29580365
  8.1000000       0.37760220E-02   0.55064585E-01  -0.31104202
  8.1500000      -0.67537741E-02   0.54393359E-01  -0.26244465
  8.2000000      -0.16826120E-01   0.51834446E-01  -0.21472279
  8.2500000      -0.26121599E-01   0.47533386E-01  -0.13333428
  8.3000000      -0.34357447E-01   0.41686851E-01  -0.43225553E-01
  8.3500000      -0.41295261E-01   0.34534452E-01   0.10180201
  8.4000000      -0.46746998E-01   0.26349480E-01   0.22306169
  8.4500000      -0.50579154E-01   0.17428899E-01   0.31804756
  8.5000000      -0.52715034E-01   0.80829571E-02   0.38651688
  8.5500000      -0.53135124E-01  -0.13752531E-02   0.40683024
  8.6000000      -0.51875610E-01  -0.10639940E-01   0.36841146
  8.6500000      -0.49025167E-01  -0.19422147E-01   0.28835050
  8.7000000      -0.44720178E-01  -0.27458396E-01   0.16639340
  8.7500000      -0.39138597E-01  -0.34518184E-01   0.25963959E-01
  8.8000000      -0.32492702E-01  -0.40410150E-01  -0.13927806
  8.8500000      -0.25021015E-01  -0.44986735E-01  -0.26955266
  8.9000000      -0.16979683E-01  -0.48147270E-01  -0.33872682
  8.9500000      -0.86336120E-02  -0.49839426E-01  -0.37765823
  9.0000000      -0.24765927E-03  -0.50059054E-01  -0.37597261
  9.0500000       0.79218382E-02  -0.48848472E-01  -0.16343316
  9.1000000       0.15634933E-01  -0.46293319E-01  -0.18867731
  9.1500000       0.22675102E-01  -0.42518132E-01  -0.29160491
  9.2000000       0.28855253E-01  -0.37680837E-01  -0.23245288
  9.2500000       0.34022535E-01  -0.31966367E-01  -0.16346258
  9.3000000       0.38061859E-01  -0.25579674E-01  -0.80265653E-01
  9.3500000       0.40898050E-01  -0.18738349E-01   0.18563204E-01
  9.4000000       0.42496613E-01  -0.11665150E-01   0.12393033
  9.4500000       0.42863157E-01  -0.45806433E-02   0.22845403
  9.5000000       0.42041527E-01   0.23037690E-02   0.30795569
  9.5500000       0.40110779E-01   0.87922454E-02   0.35890387
  9.6000000       0.37181125E-01   0.14710126E-01   0.37948614
  9.6500000       0.33389031E-01   0.19908631E-01   0.37641562
  9.7000000       0.28891670E-01   0.24268511E-01   0.35699886
  9.7500000       0.23860923E-01   0.27702582E-01   0.27825088
  9.8000000       0.18477162E-01   0.30157100E-01   0.15688385
  9.8500000       0.12923015E-01   0.31611971E-01   0.38510518E-01
  9.9000000       0.73773338E-02   0.32079859E-01  -0.78689728E-01
  9.9500000       0.20095471E-02   0.31604242E-01  -0.15481087
  10.000000      -0.30254298E-02   0.30256538E-01  -0.19514877
  10.050000      -0.75915748E-02   0.28132443E-01  -0.20717612
  10.100000      -0.11575320E-01   0.25347614E-01  -0.18220782
  10.150000      -0.14888203E-01   0.22032893E-01  -0.16358766
  10.200000      -0.17468570E-01   0.18329237E-01  -0.14832222
  10.250000      -0.19282297E-01   0.14382540E-01  -0.13108710
  10.300000      -0.20322561E-01   0.10338528E-01  -0.12935025
  10.350000      -0.20608712E-01   0.63378909E-02  -0.12422553
  10.400000      -0.20184300E-01   0.25118136E-02  -0.11394617
  10.450000      -0.19114399E-01  -0.10219720E-02  -0.97189393E-01
  10.500000      -0.17482305E-01  -0.41624932E-02  -0.60935131E-01
  10.550000      -0.15385790E-01  -0.68281215E-02  -0.96239597E-01
  10.600000      -0.12933020E-01  -0.89583800E-02  -0.10257565
  10.650000      -0.10238324E-01  -0.10514944E-01   0.68595652E-01
  10.700000      -0.74179444E-02  -0.11481841E-01   0.91265755E-01
  10.750000      -0.45859149E-02  -0.11864870E-01   0.13988626
  10.800000      -0.18502171E-02  -0.11690304E-01   0.18483347
  10.850000       0.69068145E-03  -0.11002950E-01   0.18157286
  10.900000       0.29507977E-02  -0.98636519E-02   0.15832962
  10.950000       0.48590329E-02  -0.83463622E-02   0.12570437
  11.000000       0.63609448E-02  -0.65348914E-02   0.90884368E-01
  11.050000       0.74198591E-02  -0.45194663E-02   0.54178691E-01
  11.100000       0.80173101E-02  -0.23932231E-02   0.18178063E-01
  11.150000       0.81528266E-02  -0.24876141E-03   0.67955030E-02
  11.200000       0.78430976E-02   0.18251260E-02  -0.59579493E-02
  11.250000       0.71205764E-02   0.37464406E-02  -0.42606699E-01
  11.300000       0.60315946E-02   0.54425917E-02  -0.60309051E-01
  11.350000       0.46340746E-02   0.68525614E-02  -0.73022548E-01
  11.400000       0.29949380E-02   0.79285655E-02  -0.88874563E-01
  11.450000       0.11873129E-02   0.86371752E-02  -0.82757836E-01
  11.500000      -0.71235201E-03   0.89598826E-02  -0.76708971E-01
  11.550000      -0.26271627E-02   0.88931164E-02  -0.79508590E-01
  11.600000      -0.44825438E-02   0.84477303E-02  -0.61214699E-01
  11.650000      -0.62087987E-02   0.76480056E-02  -0.49866191E-01
  11.700000      -0.77433861E-02   0.65302243E-02  -0.57481951E-01
  11.750000      -0.90328448E-02   0.51408823E-02   0.13892901E-01
  11.800000      -0.10034314E-01   0.35346190E-02   0.26550468E-01
  11.850000      -0.10716616E-01   0.17719516E-02   0.48534195E-01
  11.900000      -0.11060876E-01  -0.83099758E-04   0.76915874E-01
  11.950000      -0.11060690E-01  -0.19654078E-02   0.70504519E-01
  12.000000      -0.10721837E-01  -0.38110679E-02   0.45748843E-01
  12.050000      -0.10061580E-01  -0.55595843E-02   0.43999401E-01
  12.100000      -0.91075971E-02  -0.71558416E-02   0.36703391E-01
  12.150000      -0.78965877E-02  -0.85518005E-02   0.31355807E-01
  12.200000      -0.64726236E-02  -0.97078720E-02   0.10791578E-01
  12.250000      -0.48853167E-02  -0.10593934E-01  -0.33867148E-02
  12.300000      -0.31878702E-02  -0.11189970E-01  -0.47771944E-03
  12.350000      -0.14350918E-02  -0.11486326E-01  -0.12718284E-01
  12.400000       0.31856106E-03  -0.11483595E-01  -0.35696959E-01
  12.450000       0.20208366E-02  -0.11192140E-01  -0.40743947E-01
  12.500000       0.36233815E-02  -0.10631301E-01  -0.30059716E-01
  12.550000       0.50832204E-02  -0.98283233E-02  -0.25203526E-01
  12.600000       0.63639776E-02  -0.88170565E-02  -0.32353553E-01
  12.650000       0.74368109E-02  -0.76364787E-02  -0.34239058E-01
  12.700000       0.82810352E-02  -0.63291135E-02  -0.25712077E-01
  12.750000       0.88844300E-02  -0.49393946E-02  -0.15229108E-01
  12.800000       0.92432322E-02  -0.35120419E-02   0.90996119E-02
  12.850000       0.93618313E-02  -0.20905053E-02   0.34267745E-01
  12.900000       0.92521884E-02  -0.71552997E-03   0.34321282E-01
  12.950000       0.89330163E-02   0.57611251E-03   0.31010214E-01
  13.000000       0.84287579E-02   0.17526874E-02   0.26016445E-01
  13.050000       0.77684116E-02   0.27883271E-02   0.21008322E-01
  13.100000       0.69842516E-02   0.36636088E-02   0.12292735E-01
  13.150000       0.61104955E-02   0.43658699E-02   0.95272186E-02
  13.200000       0.51819697E-02   0.48892632E-02   0.58442929E-02
  13.250000       0.42328208E-02   0.52345601E-02   0.26217961E-02
  13.300000       0.32953187E-02   0.54087233E-02   0.14467307E-02
  13.350000       0.23987914E-02   0.54242729E-02   0.20814009E-02
  13.400000       0.15687226E-02   0.52984807E-02   0.64214644E-03
  13.450000       0.82604046E-03   0.50524297E-02   0.80723208E-04
  13.500000       0.18661282E-03   0.47099799E-02  -0.21468615E-02
  13.550000      -0.33904078E-03   0.42966833E-02  -0.15117623E-02
  13.600000      -0.74581976E-03   0.38386908E-02  -0.54027272E-03
  13.650000      -0.10339032E-02   0.33616929E-02  -0.31465053E-03
  13.700000      -0.12084153E-02   0.28899313E-02  -0.97658254E-04
  13.750000      -0.12789171E-02   0.24453162E-02    0.0000000
  13.800000      -0.12587510E-02   0.20466787E-02    0.0000000
  13.850000      -0.11642702E-02   0.17091787E-02    0.0000000
  13.900000      -0.10139864E-02   0.14438866E-02    0.0000000
  13.950000      -0.82767330E-03   0.12575448E-02    0.0000000
  14.000000      -0.62545980E-03   0.11525132E-02    0.0000000
  14.050000      -0.42695086E-03   0.11268906E-02    0.0000000
  14.100000      -0.25040666E-03   0.11748020E-02    0.0000000
  14.150000      -0.11201043E-03   0.12868332E-02    0.0000000
  14.200000      -0.25249508E-04   0.14505909E-02    0.0000000
  14.250000      -0.42935307E-06   0.16513604E-02    0.0000000
  14.300000      -0.44334382E-04   0.18728337E-02    0.0000000
  14.350000      -0.16004347E-03   0.20978753E-02    0.0000000
  14.400000      -0.34690184E-03   0.23092962E-02    0.0000000
  14.450000      -0.60064499E-03   0.24906040E-02    0.0000000
  14.500000      -0.91366481E-03   0.26267030E-02    0.0000000
  14.550000      -0.12754028E-02   0.27045158E-02    0.0000000
  14.600000      -0.16728514E-02   0.27135080E-02    0.0000000
  14.650000      -0.20911398E-02   0.26460955E-02    0.0000000
  14.700000      -0.25141804E-02   0.24979247E-02    0.0000000
  14.750000      -0.29253476E-02   0.22680161E-02    0.0000000
  14.800000      -0.33081625E-02   0.19587723E-02    0.0000000
  14.850000      -0.36469574E-02   0.15758509E-02    0.0000000
  14.900000      -0.39274935E-02   0.11279132E-02    0.0000000
  14.950000      -0.41375112E-02   0.62626022E-03    0.0000000
  15.000000      -0.42671922E-02   0.84373839E-04    0.0000000
  15.050000      -0.43095183E-02  -0.48261812E-03    0.0000000
  15.100000      -0.42605159E-02  -0.10585293E-02    0.0000000
  15.150000      -0.41193798E-02  -0.16267321E-02    0.0000000
  15.200000      -0.38884742E-02  -0.21707798E-02    0.0000000
  15.250000      -0.35732133E-02  -0.26750110E-02    0.0000000
  15.300000      -0.31818302E-02  -0.31251123E-02    0.0000000
  15.350000      -0.27250437E-02  -0.35086206E-02    0.0000000
  15.400000      -0.22156392E-02  -0.38153463E-02    0.0000000
  15.450000      -0.16679807E-02  -0.40377039E-02    0.0000000
  15.500000      -0.10974739E-02  -0.41709394E-02    0.0000000
  15.550000      -0.52000196E-03  -0.42132487E-02    0.0000000
  15.600000       0.48644877E-04  -0.41657845E-02    0.0000000
  15.650000       0.59332419E-03  -0.40325540E-02    0.0000000
  15.700000       0.11000601E-02  -0.38202147E-02    0.0000000
  15.750000       0.15565080E-02  -0.35377767E-02    0.0000000
  15.800000       0.19523480E-02  -0.31962253E-02    0.0000000
