# data from ifeffit
#------------------------
#   r         chir_mag      chir_mag      chir_real      chir_real
  0.0000000       0.57020945E-01   0.96073946E-01  -0.94297905      -0.90392605
  0.30679616E-01   0.54302939E-01   0.97705515E-01  -0.94896773      -0.90234012
  0.61359232E-01   0.46444409E-01   0.10193359      -0.96380192      -0.89839666
  0.92038847E-01   0.34425441E-01   0.10718807      -0.97974200      -0.89413668
  0.12271846       0.20690507E-01   0.11183132      -0.98853209      -0.89182184
  0.15339808       0.14979480E-01   0.11477442      -0.98576167      -0.89282661
  0.18407769       0.26854853E-01   0.11575572      -0.97318514      -0.89698353
  0.21475731       0.42409519E-01   0.11539576      -0.95776390      -0.90271328
  0.24543693       0.55582567E-01   0.11505450      -0.94793018      -0.90788094
  0.27611654       0.64065940E-01   0.11639885      -0.94905129      -0.91095395
  0.30679616       0.66571096E-01   0.12067056      -0.96051272      -0.91187922
  0.33747577       0.62792126E-01   0.12802056      -0.97600067      -0.91222802
  0.36815539       0.54034276E-01   0.13744939      -0.98688103      -0.91451801
  0.39883500       0.45054135E-01   0.14736571      -0.98692435      -0.92103489
  0.42951462       0.46143596E-01   0.15627412      -0.97588539      -0.93273751
  0.46019424       0.62771993E-01   0.16325961      -0.96001146      -0.94880306
  0.49087385       0.87871337E-01   0.16824154      -0.94914382      -0.96706042
  0.52155347       0.11432340       0.17203614      -0.95186603      -0.98511671
  0.55223308       0.13775632       0.17619251      -0.97120586       -1.0016244
  0.58291270       0.15544659       0.18252593       -1.0031499       -1.0170480
  0.61359232       0.16618335       0.19240727       -1.0387949       -1.0335248
  0.64427193       0.17069017       0.20616028       -1.0690716       -1.0538646
  0.67495155       0.17221961       0.22298668       -1.0896109       -1.0801769
  0.70563116       0.17665801       0.24144315       -1.1032033       -1.1128227
  0.73631078       0.19068791       0.26011769       -1.1185000       -1.1502407
  0.76699039       0.21778580       0.27819086       -1.1455248       -1.1897578
  0.79767001       0.25606622       0.29576404       -1.1902194       -1.2289679
  0.82834963       0.30031854       0.31391557       -1.2507819       -1.2669282
  0.85902924       0.34487996       0.33443807       -1.3176915       -1.3044648
  0.88970886       0.38516858       0.35925803       -1.3774706       -1.3433002
  0.92038847       0.41835644       0.38970899       -1.4183549       -1.3843328
  0.95106809       0.44378810       0.42599725       -1.4350692       -1.4258886
  0.98174770       0.46326304       0.46713048       -1.4303402       -1.4628762
  1.0124273       0.48099108       0.51129054       -1.4123918       -1.4874049
  1.0431069       0.50284540       0.55641702       -1.3896552       -1.4907346
  1.0737866       0.53465409       0.60077318       -1.3652918       -1.4657432
  1.1044662       0.58001820       0.64336878       -1.3342151       -1.4087931
  1.1351458       0.63898081       0.68418060       -1.2840977       -1.3201374
  1.1658254       0.70840176       0.72412787       -1.1999854       -1.2027592
  1.1965050       0.78344186       0.76477249       -1.0705465       -1.0604188
  1.2271846       0.85903617       0.80776647      -0.89340275      -0.89623755
  1.2578642       0.93080902       0.85416978      -0.67760257      -0.71301152
  1.2885439       0.99543833       0.90385397      -0.44269282      -0.51559752
  1.3192235        1.0506370       0.95520447      -0.21523200      -0.31447574
  1.3499031        1.0949017        1.0052104      -0.24276189E-01  -0.12856473
  1.3805827        1.1271523        1.0498711       0.10287198       0.14875431E-01
  1.4112623        1.1463784        1.0847616       0.14420029       0.84585003E-01
  1.4419419        1.1513990        1.1056094       0.86125532E-01   0.53525167E-01
  1.4726216        1.1408057        1.1087891      -0.73341753E-01  -0.91305614E-01
  1.5033012        1.1131071        1.0916971      -0.32165655      -0.34102088
  1.5339808        1.0670294        1.0529938      -0.63028407      -0.66247839
  1.5646604        1.0018893       0.99271926      -0.95656152       -1.0033653
  1.5953400       0.91794306       0.91228871       -1.2501900       -1.3041173
  1.6260196       0.81663203       0.81438206       -1.4639850       -1.5133832
  1.6566993       0.70067441       0.70274230       -1.5663048       -1.6020931
  1.6873789       0.57398752       0.58190329       -1.5509560       -1.5712968
  1.7180585       0.44145317       0.45687021       -1.4403684       -1.4509078
  1.7487381       0.30856221       0.33277943       -1.2797955       -1.2896199
  1.7794177       0.18099938       0.21456847       -1.1236357       -1.1394041
  1.8100973       0.64416916E-01   0.10672022       -1.0182969       -1.0398988
  1.8407769       0.39332074E-01   0.15018319E-01  -0.98780180       -1.0079464
  1.8714566       0.12154585       0.66060454E-01   -1.0275856       -1.0355148
  1.9021362       0.18345677       0.12538962       -1.1088142       -1.0960819
  1.9328158       0.22368123       0.16642732       -1.1913224       -1.1565079
  1.9634954       0.24279637       0.18965626       -1.2397800       -1.1896405
  1.9941750       0.24267364       0.19664090       -1.2365137       -1.1830357
  2.0248546       0.22618722       0.18974511       -1.1860919       -1.1410668
  2.0555343       0.19688341       0.17191079       -1.1105395       -1.0804758
  2.0862139       0.15863884       0.14644100       -1.0381381       -1.0219340
  2.1168935       0.11538335       0.11682330      -0.99130406      -0.98143514
  2.1475731       0.71163032E-01   0.86682094E-01  -0.97888805      -0.96494192
  2.1782527       0.33207635E-01   0.60092668E-01  -0.99560576      -0.96796426
  2.2089323       0.34910902E-01   0.42534745E-01   -1.0275807      -0.97951045
  2.2396120       0.69467636E-01   0.39045309E-01   -1.0600807      -0.98810416
  2.2702916       0.10763747       0.44882797E-01   -1.0829043      -0.98699016
  2.3009712       0.14847557       0.51238958E-01   -1.0907739      -0.97638041
  2.3316508       0.19544228       0.54223953E-01   -1.0794401      -0.96216734
  2.3623304       0.25274439       0.53034639E-01   -1.0411057      -0.95217318
  2.3930100       0.32380165       0.48096964E-01  -0.96356627      -0.95197994
  2.4236896       0.41033786       0.40365143E-01  -0.83552644      -0.96232696
  2.4543693       0.51211006       0.31020494E-01  -0.65678210      -0.97910850
  2.4850489       0.62703241       0.21337798E-01  -0.44830521      -0.99567946
  2.5157285       0.75144234       0.12785067E-01  -0.25582713       -1.0061311
  2.5464081       0.88041230       0.79023672E-02  -0.14239077       -1.0078875
  2.5770877        1.0081047       0.90116492E-02  -0.17001773       -1.0024681
  2.6077673        1.1281815       0.11833294E-01  -0.37609269      -0.99425335
  2.6384470        1.2342622       0.13406305E-01  -0.75368092      -0.98805766
  2.6691266        1.3204054       0.13221831E-01   -1.2447908      -0.98680053
  2.6998062        1.3815766       0.11438122E-01   -1.7512610      -0.99038649
  2.7304858        1.4140631       0.84577840E-02   -2.1611026      -0.99620121
  2.7611654        1.4157967       0.48315965E-02   -2.3816534       -1.0007993
  2.7918450        1.3865540       0.18137874E-02   -2.3676724       -1.0018136
  2.8225246        1.3280165       0.37194103E-02   -2.1340760      -0.99909934
  2.8532043        1.2436805       0.66814185E-02   -1.7488325      -0.99460449
  2.8838839        1.1386264       0.88850632E-02   -1.3091794      -0.99114845
  2.9145635        1.0191612       0.10057468E-01  -0.91056537      -0.99083320
  2.9452431       0.89235720       0.10133628E-01  -0.61994457      -0.99394461
  2.9759227       0.76550526       0.91814168E-02  -0.46246744      -0.99888587
  3.0066023       0.64548828       0.73881348E-02  -0.42452179       -1.0031146
  3.0372820       0.53805742       0.50898743E-02  -0.46928551       -1.0045360
  3.0679616       0.44700940       0.30642023E-02  -0.55642201       -1.0025997
  3.0986412       0.37341130       0.33016902E-02  -0.65708183      -0.99854084
  3.1293208       0.31535542       0.54110152E-02  -0.75883238      -0.99468000
  3.1600004       0.26888124       0.75624362E-02  -0.86061069      -0.99318591
  3.1906800       0.23005237       0.91714655E-02  -0.96257241      -0.99496440
  3.2213597       0.19719945       0.10013136E-01   -1.0575991      -0.99924088
  3.2520393       0.17220732       0.99996220E-02   -1.1295531       -1.0040204
  3.2827189       0.15969207       0.91427676E-02   -1.1592232       -1.0071499
  3.3133985       0.16265114       0.75403812E-02   -1.1345192       -1.0074117
  3.3440781       0.17789758       0.53646327E-02   -1.0590836       -1.0050856
  3.3747577       0.19801002       0.28635205E-02  -0.95423777       -1.0017200
  3.4054373       0.21600602       0.85882416E-03  -0.85258696      -0.99926608
  3.4361170       0.22712835       0.26527016E-02  -0.78588134      -0.99905279
  3.4667966       0.22874555       0.47857957E-02  -0.77269139       -1.0011361
  3.4974762       0.21995577       0.64162076E-02  -0.81162797       -1.0043400
  3.5281558       0.20127057       0.73808984E-02  -0.88318345       -1.0069329
  3.5588354       0.17438126       0.76126644E-02  -0.95914797       -1.0075587
  3.5895150       0.14202286       0.71220620E-02   -1.0150263       -1.0059270
  3.6201947       0.10809260       0.59906108E-02   -1.0396587       -1.0029162
  3.6508743       0.78502330E-01   0.43607923E-02   -1.0378612       -1.0000609
  3.6815539       0.62623661E-01   0.24296525E-02   -1.0254610      -0.99872086
  3.7122335       0.66616315E-01   0.66148983E-03   -1.0197822      -0.99937757
  3.7429131       0.81422957E-01   0.18419943E-02   -1.0306242       -1.0014221
  3.7735927       0.96168499E-01   0.35319825E-02   -1.0561494       -1.0035246
  3.8042724       0.10603773       0.48456515E-02   -1.0852932       -1.0043678
  3.8349520       0.10960169       0.56582008E-02   -1.1048427       -1.0033461
  3.8656316       0.10712245       0.59224302E-02   -1.1070022       -1.0008629
  3.8963112       0.10002496       0.56506503E-02   -1.0932375      -0.99808573
  3.9269908       0.90866887E-01   0.49075228E-02   -1.0724151      -0.99630658
  3.9576704       0.83514713E-01   0.38023223E-02   -1.0544995      -0.99625912
  3.9883500       0.82684980E-01   0.24895284E-02   -1.0435970      -0.99775298
  4.0190297       0.91475746E-01   0.12613628E-02   -1.0345776      -0.99980792
  4.0497093       0.10915651       0.12016841E-02   -1.0156115       -1.0012003
  4.0803889       0.13288705       0.22481509E-02  -0.97568374       -1.0011204
  4.1110685       0.16006384       0.32665925E-02  -0.91322702      -0.99958993
  4.1417481       0.18879659       0.40245588E-02  -0.84100057      -0.99742659
  4.1724277       0.21761050       0.44570405E-02  -0.78388072      -0.99578785
  4.2031074       0.24516749       0.45480116E-02  -0.76963635      -0.99554769
  4.2337870       0.27013838       0.43119967E-02  -0.81639525      -0.99684062
  4.2644666       0.29119388       0.37874092E-02  -0.92253668      -0.99900951
  4.2951462       0.30706841       0.30349264E-02   -1.0640822       -1.0009734
  4.3258258       0.31665758       0.21475973E-02   -1.2015026       -1.0018093
  4.3565054       0.31911850       0.13208954E-02   -1.2936338       -1.0012328
  4.3871851       0.31395151       0.11303899E-02   -1.3130686      -0.99972691
  4.4178647       0.30104986       0.17820483E-02   -1.2565417      -0.99825837
  4.4485443       0.28071170       0.25875461E-02   -1.1458805      -0.99774433
  4.4792239       0.25361551       0.32533030E-02   -1.0191421      -0.99855904
  4.5099035       0.22076507       0.36676999E-02  -0.91574599       -1.0003435
  4.5405831       0.18341513       0.37722781E-02  -0.86187792       -1.0022130
  4.5712627       0.14299374       0.35443223E-02  -0.86210183       -1.0032437
  4.6019424       0.10105383       0.29971354E-02  -0.90022697       -1.0029729
  4.6326220       0.59399384E-01   0.21865100E-02  -0.94840055       -1.0016432
  4.6633016       0.22418565E-01   0.12517574E-02  -0.97999753       -1.0000651
  4.6939812       0.28289954E-01   0.82613276E-03  -0.98061119      -0.99917394
  4.7246608       0.61180799E-01   0.16342232E-02  -0.95273347      -0.99952364
  4.7553404       0.91834921E-01   0.26502976E-02  -0.91280079       -1.0009869
  4.7860201       0.11785666       0.35111729E-02  -0.88266299       -1.0028213
  4.8166997       0.13847368       0.40944463E-02  -0.87969341       -1.0040625
  4.8473793       0.15331475       0.43340452E-02  -0.90985764       -1.0040344
  4.8780589       0.16228783       0.42061832E-02  -0.96626972       -1.0027045
  4.9087385       0.16556081       0.37290555E-02   -1.0330969       -1.0006993
  4.9394181       0.16355202       0.29636162E-02   -1.0924255      -0.99897328
  4.9700978       0.15690788       0.20222248E-02   -1.1308250      -0.99831186
  5.0007774       0.14645860       0.11506576E-02   -1.1430451      -0.99892926
  5.0314570       0.13314959       0.10822635E-02   -1.1319849       -1.0003719
  5.0621366       0.11795496       0.18148462E-02   -1.1058336       -1.0017725
  5.0928162       0.10179299       0.25558093E-02   -1.0742535       -1.0023158
  5.1234958       0.85486059E-01   0.30682595E-02   -1.0453523       -1.0016664
  5.1541754       0.69847472E-01   0.32785025E-02   -1.0242580       -1.0001357
  5.1848551       0.56050119E-01   0.31725151E-02   -1.0130465      -0.99850284
  5.2155347       0.46442081E-01   0.27810975E-02   -1.0111891      -0.99759145
  5.2462143       0.44841257E-01   0.21797687E-02   -1.0158498      -0.99782982
  5.2768939       0.53041549E-01   0.15131167E-02   -1.0220054      -0.99902732
  5.3075735       0.68259502E-01   0.11112623E-02   -1.0229651       -1.0004829
  5.3382531       0.86978157E-01   0.13706948E-02   -1.0119300       -1.0013637
  5.3689328       0.10681968       0.19681838E-02  -0.98463981       -1.0011503
  5.3996124       0.12612878       0.25368263E-02  -0.94224166      -0.99991189
  5.4302920       0.14361611       0.29458136E-02  -0.89286809      -0.99826825
  5.4609716       0.15827077       0.31513340E-02  -0.85055613      -0.99706143
  5.4916512       0.16938509       0.31504611E-02  -0.83115978      -0.99691409
  5.5223308       0.17660299       0.29665241E-02  -0.84639565      -0.99790760
  5.5530105       0.17995001       0.26404073E-02  -0.89835875      -0.99954750
  5.5836901       0.17982292       0.22245004E-02  -0.97705980       -1.0010302
  5.6143697       0.17692502       0.17821059E-02   -1.0625135       -1.0016663
  5.6450493       0.17214008       0.13989092E-02   -1.1310163       -1.0012353
  5.6757289       0.16635143       0.12005520E-02   -1.1633406       -1.0000869
  5.7064085       0.16023836       0.12840716E-02   -1.1515613      -0.99894040
  5.7370881       0.15411439       0.15770693E-02   -1.1016686      -0.99849298
  5.7677678       0.14788364       0.19370876E-02   -1.0308647      -0.99904751
  5.7984474       0.14115336       0.22652275E-02  -0.96072718       -1.0003563
  5.8291270       0.13347122       0.24979122E-02  -0.90919390       -1.0017602
  5.8598066       0.12461201       0.25910515E-02  -0.88475749       -1.0025442
  5.8904862       0.11485068       0.25178958E-02  -0.88514937       -1.0023194
  5.9211658       0.10518485       0.22736337E-02  -0.90068003       -1.0012264
  5.9518455       0.97418111E-01   0.18846721E-02  -0.92028581      -0.99985609
  5.9825251       0.93810171E-01   0.14313585E-02  -0.93720985      -0.99893334
  6.0132047       0.95960758E-01   0.11123019E-02  -0.95161919      -0.99893249
  6.0438843       0.10358696       0.12149966E-02  -0.96910775      -0.99983081
  6.0745639       0.11465698       0.16532634E-02  -0.99612393       -1.0011274
  6.1052435       0.12658981       0.21353191E-02   -1.0348665       -1.0021144
  6.1359232       0.13712231       0.24983247E-02   -1.0803971       -1.0022541
  6.1666028       0.14456373       0.26607496E-02   -1.1215565       -1.0014602
  6.1972824       0.14778970       0.25847502E-02   -1.1453422       -1.0001361
  6.2279620       0.14618779       0.22676378E-02   -1.1426784      -0.99895348
  6.2586416       0.13960548       0.17417302E-02   -1.1128067      -0.99849139
  6.2893212       0.12829932       0.10881290E-02   -1.0641862      -0.99892930
  6.3200008       0.11287747       0.59127018E-03   -1.0114444      -0.99995692
  6.3506805       0.94231934E-01   0.95097317E-03  -0.96975851       -1.0009459
  6.3813601       0.73462338E-01   0.16378120E-02  -0.94918076       -1.0012894
  6.4120397       0.51803333E-01   0.22449320E-02  -0.95134486       -1.0007280
  6.4427193       0.30617744E-01   0.26662240E-02  -0.96979595      -0.99948816
  6.4733989       0.12189569E-01   0.28530046E-02  -0.99349511      -0.99816158
  6.5040785       0.11693629E-01   0.27902573E-02   -1.0116874      -0.99739217
  6.5347582       0.24946420E-01   0.24936298E-02   -1.0179060      -0.99753715
  6.5654378       0.36195835E-01   0.20085030E-02   -1.0115331      -0.99848270
  6.5961174       0.44294985E-01   0.14144191E-02  -0.99665178      -0.99970990
  6.6267970       0.49402682E-01   0.86872735E-03  -0.97920122       -1.0005736
  6.6574766       0.52117023E-01   0.76095290E-03  -0.96408174       -1.0006442
  6.6881562       0.53301682E-01   0.11567499E-02  -0.95359430      -0.99993165
  6.7188359       0.53893369E-01   0.16072999E-02  -0.94767766      -0.99887227
  6.7495155       0.54638348E-01   0.19409001E-02  -0.94537027      -0.99809026
  6.7801951       0.55845371E-01   0.21124822E-02  -0.94633389      -0.99806063
  6.8108747       0.57316501E-01   0.21221061E-02  -0.95140863      -0.99885434
  6.8415543       0.58509820E-01   0.19988183E-02  -0.96188924       -1.0001003
  6.8722339       0.58803659E-01   0.17943645E-02  -0.97806897       -1.0011826
  6.9029135       0.57707924E-01   0.15772953E-02  -0.99808708       -1.0015673
  6.9335932       0.54971456E-01   0.14204327E-02   -1.0179600       -1.0010849
  6.9642728       0.50607616E-01   0.13715720E-02   -1.0329733       -1.0000183
  6.9949524       0.44873659E-01   0.14239165E-02   -1.0397720      -0.99895313
  7.0256320       0.38234048E-01   0.15323745E-02   -1.0380001      -0.99846928
  7.0563116       0.31340946E-01   0.16552660E-02   -1.0305053      -0.99883801
  7.0869912       0.25083387E-01   0.17693909E-02   -1.0218726      -0.99988405
  7.1176709       0.20728199E-01   0.18616384E-02   -1.0159800       -1.0010829
  7.1483505       0.19737677E-01   0.19175321E-02   -1.0138693       -1.0018390
  7.1790301       0.22490977E-01   0.19163953E-02   -1.0131401       -1.0017971
  7.2097097       0.27885615E-01   0.18343623E-02   -1.0093154       -1.0010207
  7.2403893       0.34787307E-01   0.16522222E-02  -0.99857752      -0.99994734
  7.2710689       0.42531572E-01   0.13652461E-02  -0.98047683      -0.99914714
  7.3017486       0.50653419E-01   0.99817240E-03  -0.95912383      -0.99901576
  7.3324282       0.58680703E-01   0.65808607E-03  -0.94206284      -0.99956589
  7.3631078       0.66076729E-01   0.66546545E-03  -0.93717513       -1.0004272
  7.3937874       0.72264973E-01   0.10638050E-02  -0.94899451       -1.0010522
  7.4244670       0.76687073E-01   0.15381492E-02  -0.97620322       -1.0010170
  7.4551466       0.78867153E-01   0.19466007E-02   -1.0115930       -1.0002541
  7.4858262       0.78468331E-01   0.22225392E-02   -1.0446405      -0.99909445
  7.5165059       0.75334167E-01   0.23289893E-02   -1.0656085      -0.99809641
  7.5471855       0.69511533E-01   0.22536851E-02   -1.0693494      -0.99775223
  7.5778651       0.61253929E-01   0.20109456E-02   -1.0571205      -0.99822904
  7.6085447       0.51006451E-01   0.16467624E-02   -1.0356522      -0.99928028
  7.6392243       0.39376686E-01   0.12543838E-02   -1.0139891       -1.0003737
  7.6699039       0.27104737E-01   0.10091448E-02  -0.99961743       -1.0009670
  7.7005836       0.15104003E-01   0.10858713E-02  -0.99564285       -1.0007858
  7.7312632       0.56507195E-02   0.13730883E-02   -1.0001853      -0.99995761
  7.7619428       0.90844559E-02   0.16573102E-02   -1.0080415      -0.99893500
  7.7926224       0.16625356E-01   0.18238890E-02   -1.0135982      -0.99825092
  7.8233020       0.22420824E-01   0.18250899E-02   -1.0134825      -0.99823847
  7.8539816       0.25958725E-01   0.16519579E-02   -1.0077130      -0.99886330
  7.8846612       0.27303936E-01   0.13253113E-02  -0.99899273      -0.99975500
  7.9153409       0.26842479E-01   0.89728978E-03  -0.99076514       -1.0004171
  7.9460205       0.25254208E-01   0.50053356E-03  -0.98523333       -1.0005002
  7.9767001       0.23470057E-01   0.54411924E-03  -0.98244190      -0.99999085
  8.0073797       0.22468698E-01   0.94834040E-03  -0.98082687      -0.99921533
  8.0380593       0.22796215E-01   0.13442547E-02  -0.97876344      -0.99865828
  8.0687389       0.24185931E-01   0.16354723E-02  -0.97606933      -0.99869455
  8.0994186       0.25837568E-01   0.17927002E-02  -0.97446848      -0.99937978
  8.1300982       0.26976267E-01   0.18160324E-02  -0.97665047       -1.0004127
  8.1607778       0.27142429E-01   0.17291785E-02  -0.98442032       -1.0012903
  8.1914574       0.26254905E-01   0.15762580E-02  -0.99703175       -1.0015728
  8.2221370       0.24610530E-01   0.14157025E-02   -1.0107862       -1.0011187
  8.2528166       0.22855024E-01   0.13046466E-02   -1.0203380       -1.0001627
  8.2834963       0.21826640E-01   0.12705056E-02   -1.0212037      -0.99919603
  8.3141759       0.22117530E-01   0.12943443E-02   -1.0122346      -0.99871149
  8.3448555       0.23596803E-01   0.13343510E-02  -0.99670079      -0.99894742
  8.3755351       0.25525111E-01   0.13608008E-02  -0.98124574      -0.99976564
  8.4062147       0.27091852E-01   0.13690457E-02  -0.97302511       -1.0007268
  8.4368943       0.27775729E-01   0.13730048E-02  -0.97631030       -1.0013223
  8.4675739       0.27484205E-01   0.13885951E-02  -0.99020813       -1.0012402
  8.4982536       0.26634720E-01   0.14164564E-02   -1.0087015       -1.0005248
  8.5289332       0.26181629E-01   0.14366278E-02   -1.0231400      -0.99954785
  8.5596128       0.27329012E-01   0.14187728E-02   -1.0261206      -0.99880838
  8.5902924       0.30732553E-01   0.13381953E-02   -1.0149804      -0.99866803
  8.6209720       0.35978449E-01   0.11898010E-02  -0.99324953      -0.99916310
  8.6516516       0.42018360E-01   0.10022509E-02  -0.96933225      -0.99999087
  8.6823313       0.47767098E-01   0.85803844E-03  -0.95297164       -1.0006757
  8.7130109       0.52340877E-01   0.87808462E-03  -0.95108492       -1.0008245
  8.7436905       0.55100783E-01   0.10788599E-02  -0.96484489       -1.0003362
  8.7743701       0.55653405E-01   0.13479066E-02  -0.98929061      -0.99945313
  8.8050497       0.53844170E-01   0.15808904E-02   -1.0155737      -0.99862964
  8.8357293       0.49742785E-01   0.17132840E-02   -1.0347528      -0.99828944
  8.8664090       0.43617080E-01   0.17097596E-02   -1.0413978      -0.99860078
  8.8970886       0.35894980E-01   0.15593966E-02   -1.0354474      -0.99938954
  8.9277682       0.27118977E-01   0.12759749E-02   -1.0216462       -1.0002350
  8.9584478       0.17908606E-01   0.90575903E-03   -1.0070241       -1.0006960
  8.9891274       0.90319975E-02   0.57782285E-03  -0.99771834       -1.0005464
  9.0198070       0.36964346E-02   0.61257277E-03  -0.99659815      -0.99989437
  9.0504866       0.89751234E-02   0.97122275E-03   -1.0026198      -0.99912239
  9.0811663       0.15161876E-01   0.13513258E-02   -1.0119319      -0.99868151
  9.1118459       0.20253057E-01   0.16392010E-02   -1.0199426      -0.99884934
  9.1425255       0.24154803E-01   0.17894003E-02   -1.0232445      -0.99958098
  9.1732051       0.27034316E-01   0.17859170E-02   -1.0205688       -1.0005317
  9.2038847       0.29186065E-01   0.16364270E-02   -1.0125917       -1.0012385
  9.2345643       0.30965376E-01   0.13724103E-02   -1.0010572       -1.0013641
  9.2652440       0.32725189E-01   0.10550904E-02  -0.98794382       -1.0008735
  9.2959236       0.34759097E-01   0.79749569E-03  -0.97518709       -1.0000502
  9.3266032       0.37264150E-01   0.76145107E-03  -0.96494095      -0.99934455
  9.3572828       0.40331093E-01   0.94609720E-03  -0.95987355      -0.99913573
  9.3879624       0.43955517E-01   0.11810045E-02  -0.96287853      -0.99953311
  9.4186420       0.48056140E-01   0.13587521E-02  -0.97593882       -1.0003221
  9.4493217       0.52492025E-01   0.14390139E-02  -0.99851799       -1.0010813
  9.4800013       0.57079749E-01   0.14167831E-02   -1.0263866       -1.0014083
  9.5106809       0.61614748E-01   0.13103356E-02   -1.0518544       -1.0011320
  9.5413605       0.65898183E-01   0.11558949E-02   -1.0658424       -1.0004007
  9.5720401       0.69766276E-01   0.10026441E-02   -1.0613072      -0.99959982
  9.6027197       0.73116216E-01   0.90103300E-03   -1.0366688      -0.99914401
  9.6333993       0.75921886E-01   0.87686217E-03  -0.99759454      -0.99925623
  9.6640790       0.78233617E-01   0.91332641E-03  -0.95598487      -0.99985051
  9.6947586       0.80158699E-01   0.97505674E-03  -0.92615385       -1.0005805
  9.7254382       0.81824124E-01   0.10404311E-02  -0.91950347       -1.0010266
  9.7561178       0.83329465E-01   0.11067200E-02  -0.93982689       -1.0009212
  9.7867974       0.84703765E-01   0.11779033E-02  -0.98130098       -1.0002920
  9.8174770       0.85881398E-01   0.12507774E-02   -1.0302051      -0.99944725
  9.8481567       0.86705639E-01   0.13093331E-02   -1.0698476      -0.99881202
  9.8788363       0.86957862E-01   0.13295057E-02   -1.0867837      -0.99870244
  9.9095159       0.86401438E-01   0.12888976E-02   -1.0758079      -0.99915906
  9.9401955       0.84827129E-01   0.11763734E-02   -1.0416949      -0.99992685
  9.9708751       0.82090055E-01   0.10014625E-02  -0.99703416       -1.0005921
