# data from ifeffit
#------------------------
#   r         chir_mag     chir_mag     chir_mag
  0.0000000       0.71350801E-01   0.50705565E-01   0.12205637
  0.30679616E-01   0.81118101E-01   0.59777181E-01   0.13436842
  0.61359232E-01   0.10716903       0.78384501E-01   0.15966071
  0.92038847E-01   0.14237303       0.97469092E-01   0.17995834
  0.12271846       0.17832472       0.11632082       0.18490333
  0.15339808       0.20694801       0.13850888       0.17202993
  0.18407769       0.22278841       0.16626836       0.14660871
  0.21475731       0.22556023       0.19719796       0.12350734
  0.24543693       0.22210089       0.22576177       0.12357410
  0.27611654       0.22523253       0.24685205       0.14828060
  0.30679616       0.24510993       0.25862524       0.17707817
  0.33747577       0.27885604       0.26386336       0.19296215
  0.36815539       0.31352216       0.26917182       0.18783183
  0.39883500       0.33597225       0.28108318       0.16094945
  0.42951462       0.33815515       0.30079188       0.11956033
  0.46019424       0.31878713       0.32276829       0.85743563E-01
  0.49087385       0.28412949       0.33851530       0.96230005E-01
  0.52155347       0.24811902       0.34106282       0.13561619
  0.55223308       0.22821444       0.32761598       0.16655126
  0.58291270       0.23102963       0.30076495       0.17100297
  0.61359232       0.24298164       0.26876535       0.14119097
  0.64427193       0.24468301       0.24362746       0.76948428E-01
  0.67495155       0.22603715       0.23373699       0.15021050E-01
  0.70563116       0.19162012       0.23438187       0.11740174
  0.73631078       0.16309384       0.23019961       0.21081891
  0.76699039       0.16562799       0.20691683       0.27087612
  0.79767001       0.18879700       0.15938314       0.27640457
  0.82834963       0.20407604       0.99374474E-01   0.21792935
  0.85902924       0.21644299       0.85650697E-01   0.13297376
  0.88970886       0.28392524       0.14431297       0.21783069
  0.92038847       0.44298438       0.20125981       0.42975177
  0.95106809       0.65976254       0.22914541       0.64072211
  0.98174770       0.88224180       0.24418984       0.78773579
  1.0124273        1.0615213       0.31249355       0.82477310
  1.0431069        1.1645281       0.47518308       0.73641001
  1.0737866        1.1965007       0.69609032       0.58719435
  1.1044662        1.2289194       0.91919128       0.62187843
  1.1351458        1.3858699        1.0942620       0.96931378
  1.1658254        1.7241680        1.1903834        1.4103901
  1.1965050        2.1643295        1.2188527        1.7646721
  1.2271846        2.5756907        1.2592169        1.9177413
  1.2578642        2.8531963        1.4349453        1.8189435
  1.2885439        2.9602103        1.7881336        1.5377528
  1.3192235        2.9712407        2.2292379        1.4000365
  1.3499031        3.0877015        2.6278267        1.8261167
  1.3805827        3.5125054        2.8843987        2.6157686
  1.4112623        4.2264818        2.9724983        3.3593539
  1.4419419        5.0060852        2.9811588        3.7850232
  1.4726216        5.6095451        3.1216383        3.7504523
  1.5033012        5.8992934        3.5819255        3.3009529
  1.5339808        5.9241340        4.3140455        2.8539648
  1.5646604        5.9779169        5.0839485        3.2343265
  1.5953400        6.4872322        5.6565218        4.5185223
  1.6260196        7.6052397        5.9099172        5.9603178
  1.6566993        9.0180220        5.9162564        6.9559805
  1.6873789        10.241445        5.9932247        7.1514515
  1.7180585        10.923552        6.5619993        6.5009413
  1.7487381        11.036003        7.7284603        5.5536568
  1.7794177        11.045063        9.1441696        5.8100909
  1.8100973        11.848794        10.326905        8.0512136
  1.8407769        14.001488        10.947997        11.023200
  1.8714566        17.003107        11.018864        13.389777
  1.9021362        19.767382        11.056769        14.226994
  1.9328158        21.317443        11.973134        13.102377
  1.9634954        21.322338        14.239334        10.835903
  1.9941750        21.043387        17.267832        11.722262
  2.0248546        24.362571        19.957946        19.521473
  2.0555343        34.739909        21.367974        31.558228
  2.0862139        51.418445        21.260553        45.312790
  2.1168935        72.106141        21.107304        59.058312
  2.1475731        94.604090        24.970575        71.324940
  2.1782527        116.78975        35.987176        80.913881
  2.2089323        136.61150        53.113956        87.056565
  2.2396120        152.21700        74.047868        89.583840
  2.2702916        162.12569        96.602686        89.044540
  2.3009712        165.38644        118.66051        86.703697
  2.3316508        161.68442        138.18126        84.295670
  2.3623304        151.37723        153.33821        83.398684
  2.3930100        135.45383        162.69129        84.597938
  2.4236896        115.42358        165.34158        87.111287
  2.4543693        93.156355        161.03273        89.281997
  2.4850489        70.710707        150.18053        89.417507
  2.5157285        50.211161        133.82530        86.354788
  2.5464081        33.864427        113.51551        79.659080
  2.5770877        23.946976        91.145133        69.600747
  2.6077673        20.995251        68.783002        57.025272
  2.6384470        21.345125        48.558475        43.181191
  2.6691266        21.257012        32.692220        29.570603
  2.6998062        19.610902        23.428448        17.983840
  2.7304858        16.798553        20.964756        11.138608
  2.7611654        13.818481        21.385290        11.139457
  2.7918450        11.744617        21.169885        13.392505
  2.8225246        11.016481        19.389026        14.224399
  2.8532043        11.027214        16.515911        13.112872
  2.8838839        10.889801        13.577362        10.587012
  2.9145635        10.170961        11.623138        7.6301037
  2.9452431        8.9236907        10.998540        5.6383023
  2.9759227        7.5138107        11.026770        5.6735758
  3.0066023        6.4262538        10.844506        6.6511534
  3.0372820        5.9542626        10.068246        7.1896944
  3.0679616        5.9174672        8.7871689        6.8608238
  3.0986412        5.8865301        7.3869786        5.7677941
  3.1293208        5.5808288        6.3504467        4.3024032
  3.1600004        4.9640546        5.9338137        3.1097822
  3.1906800        4.1819288        5.9155089        2.8965497
  3.2213597        3.4796841        5.8668202        3.3964036
  3.2520393        3.0756319        5.5301277        3.8000075
  3.2827189        2.9747041        4.8894354        3.7620605
  3.3133985        2.9669640        4.1034441        3.2733011
  3.3440781        2.8555489        3.4217145        2.4972939
  3.3747577        2.5723679        3.0506587        1.7280176
  3.4054373        2.1586264        2.9698372        1.3904424
  3.4361170        1.7223568        2.9599993        1.5885757
  3.4667966        1.3948451        2.8342567        1.8589065
  3.4974762        1.2502349        2.5363497        1.9206629
  3.5281558        1.2243719        2.1153543        1.7291084
  3.5588354        1.1930202        1.6834935        1.3471633
  3.5895150        1.0876354        1.3713487       0.89870927
  3.6201947       0.90510995        1.2429085       0.58232353
  3.6508743       0.68032670        1.2226720       0.60254534
  3.6815539       0.46500941        1.1878212       0.75996818
  3.7122335       0.31496463        1.0762541       0.83163283
  3.7429131       0.25926604       0.88922170       0.77248727
  3.7735927       0.24963507       0.66358624       0.60583801
  3.8042724       0.22672325       0.45164467       0.38195462
  3.8349520       0.18031990       0.30867566       0.17110144
  3.8656316       0.13499935       0.25933321       0.14406712
  3.8963112       0.12977580       0.25131290       0.24770886
  3.9269908       0.15923168       0.22867269       0.29798904
  3.9576704       0.18571240       0.18441917       0.27864841
  3.9883500       0.19395823       0.14359750       0.20386990
  4.0190297       0.18843607       0.13959380       0.98164494E-01
  4.0497093       0.18559862       0.16463070       0.32842860E-01
  4.0803889       0.20169871       0.18595725       0.12211187
  4.1110685       0.23591826       0.19023988       0.18969416
  4.1417481       0.27378020       0.18287832       0.21962412
  4.1724277       0.30164644       0.18105676       0.21193470
  4.2031074       0.31207085       0.19999157       0.17515324
  4.2337870       0.30404186       0.23624186       0.12848383
  4.2644666       0.28252740       0.27428357       0.10959148
  4.2951462       0.25752512       0.30088467       0.14059067
  4.3258258       0.24081828       0.30929676       0.18571574
  4.3565054       0.23866701       0.29920230       0.21649381
  4.3871851       0.24624844       0.27625817       0.22239436
  4.4178647       0.25246352       0.25109718       0.20261527
  4.4485443       0.24835987       0.23570985       0.16422298
  4.4792239       0.23075741       0.23554464       0.12368727
  4.5099035       0.20229058       0.24448519       0.10817221
  4.5405831       0.17026453       0.25092773       0.12714873
  4.5712627       0.14437426       0.24621356       0.15385490
  4.6019424       0.13130765       0.22769281       0.16720472
  4.6326220       0.12829638       0.19849709       0.16016950
  4.6633016       0.12604054       0.16634506       0.13418888
  4.6939812       0.11738802       0.14119468       0.96903920E-01
  4.7246608       0.10035398       0.12950256       0.63588911E-01
  4.7553404       0.76955425E-01   0.12774109       0.58583548E-01
  4.7860201       0.51420961E-01   0.12622970       0.76616844E-01
  4.8166997       0.28773901E-01   0.11798940       0.90797423E-01
  4.8473793       0.14203395E-01   0.10129083       0.91166399E-01
  4.8780589       0.10050324E-01   0.78286478E-01   0.77133112E-01
  4.9087385       0.74622348E-02   0.53208106E-01   0.52451002E-01
  4.9394181       0.69031153E-02   0.30957758E-01   0.24056059E-01
  4.9700978       0.18442654E-01   0.16330353E-01   0.16189251E-01
  5.0007774       0.33351904E-01   0.11590460E-01   0.35618555E-01
  5.0314570       0.47151601E-01   0.10833417E-01   0.48519784E-01
  5.0621366       0.57187330E-01   0.13562064E-01   0.50516172E-01
  5.0928162       0.62184038E-01   0.23410311E-01   0.42129578E-01
  5.1234958       0.62561242E-01   0.36505566E-01   0.26678568E-01
  5.1541754       0.60604827E-01   0.48647862E-01   0.14796585E-01
  5.1848551       0.59949592E-01   0.57106029E-01   0.26381059E-01
  5.2155347       0.63399940E-01   0.60663304E-01   0.43012625E-01
  5.2462143       0.70403103E-01   0.59889918E-01   0.54277624E-01
  5.2768939       0.77830680E-01   0.57323281E-01   0.57629934E-01
  5.3075735       0.82591551E-01   0.56850861E-01   0.53030629E-01
  5.3382531       0.82993578E-01   0.61103003E-01   0.42811612E-01
  5.3689328       0.79043958E-01   0.68877381E-01   0.32834926E-01
  5.3996124       0.72389138E-01   0.76625429E-01   0.32624141E-01
  5.4302920       0.65906818E-01   0.81244632E-01   0.42458185E-01
  5.4609716       0.62427587E-01   0.81200932E-01   0.53012149E-01
  5.4916512       0.62605724E-01   0.76701874E-01   0.58632935E-01
  5.5223308       0.64300217E-01   0.69618847E-01   0.57367457E-01
  5.5530105       0.64581635E-01   0.63075907E-01   0.49682754E-01
  5.5836901       0.61619374E-01   0.60039054E-01   0.38326341E-01
  5.6143697       0.55181778E-01   0.60950625E-01   0.29123701E-01
  5.6450493       0.46456705E-01   0.63288606E-01   0.29387027E-01
  5.6757289       0.37669985E-01   0.63952882E-01   0.36635922E-01
  5.7064085       0.31339410E-01   0.61138650E-01   0.42884518E-01
  5.7370881       0.28554597E-01   0.54691900E-01   0.44210193E-01
  5.7677678       0.27663427E-01   0.45872025E-01   0.39805845E-01
  5.7984474       0.26111869E-01   0.36987336E-01   0.30780473E-01
  5.8291270       0.22575181E-01   0.30704347E-01   0.19954383E-01
  5.8598066       0.17158315E-01   0.28262730E-01   0.13431131E-01
  5.8904862       0.10977471E-01   0.27963790E-01   0.17022172E-01
  5.9211658       0.62028668E-02   0.27139375E-01   0.22829841E-01
  5.9518455       0.59759903E-02   0.24428612E-01   0.25293805E-01
  5.9825251       0.78625679E-02   0.19929768E-01   0.23268199E-01
  6.0132047       0.88663443E-02   0.14694546E-01   0.17276576E-01
  6.0438843       0.95946873E-02   0.10296408E-01   0.88951768E-02
  6.0745639       0.11977465E-01   0.81025665E-02   0.39031851E-02
  6.1052435       0.16440944E-01   0.76493470E-02   0.10768677E-01
  6.1359232       0.21648252E-01   0.75520885E-02   0.16665971E-01
  6.1666028       0.26183571E-01   0.83437861E-02   0.19239226E-01
  6.1972824       0.29114734E-01   0.11460287E-01   0.18157930E-01
  6.2279620       0.30101730E-01   0.16383719E-01   0.14080409E-01
  6.2586416       0.29468008E-01   0.21594630E-01   0.92617448E-02
  6.2893212       0.28193925E-01   0.25829066E-01   0.94610801E-02
  6.3200008       0.27612550E-01   0.28287513E-01   0.15035208E-01
  6.3506805       0.28572592E-01   0.28734829E-01   0.20509361E-01
  6.3813601       0.30692881E-01   0.27606432E-01   0.23620081E-01
  6.4120397       0.32759029E-01   0.26035295E-01   0.23639444E-01
  6.4427193       0.33646624E-01   0.25513603E-01   0.20789403E-01
  6.4733989       0.32815110E-01   0.26860380E-01   0.16360675E-01
  6.5040785       0.30415596E-01   0.29426150E-01   0.13253282E-01
  6.5347582       0.27233982E-01   0.31780768E-01   0.14656430E-01
  6.5654378       0.24455393E-01   0.32753625E-01   0.18848393E-01
  6.5961174       0.23047030E-01   0.31843562E-01   0.22379895E-01
  6.6267970       0.22949402E-01   0.29267681E-01   0.23540591E-01
  6.6574766       0.23132008E-01   0.25901579E-01   0.21895148E-01
  6.6881562       0.22517861E-01   0.23063691E-01   0.17941640E-01
  6.7188359       0.20582312E-01   0.21846337E-01   0.13171138E-01
  6.7495155       0.17414109E-01   0.22149990E-01   0.10495523E-01
  6.7801951       0.13582091E-01   0.22780763E-01   0.12062733E-01
  6.8108747       0.99729773E-02   0.22556991E-01   0.15134521E-01
  6.8415543       0.75313145E-02   0.20920023E-01   0.16925134E-01
  6.8722339       0.65151078E-02   0.17942747E-01   0.16451304E-01
  6.9029135       0.59802882E-02   0.14173665E-01   0.13737829E-01
  6.9335932       0.49732065E-02   0.10482519E-01   0.94846792E-02
  6.9642728       0.34551519E-02   0.78730234E-02   0.52574554E-02
  6.9949524       0.28072559E-02   0.68669320E-02   0.48769655E-02
  7.0256320       0.44058308E-02   0.67499943E-02   0.77217846E-02
  7.0563116       0.65470764E-02   0.65586458E-02   0.97294125E-02
  7.0869912       0.81666898E-02   0.61421345E-02   0.98713481E-02
  7.1176709       0.89870878E-02   0.59970137E-02   0.81130832E-02
  7.1483505       0.92038367E-02   0.65263548E-02   0.49432717E-02
  7.1790301       0.94278647E-02   0.74195310E-02   0.20160742E-02
  7.2097097       0.10350237E-01   0.80800252E-02   0.43564552E-02
  7.2403893       0.12096031E-01   0.82067343E-02   0.76070824E-02
  7.2710689       0.14142473E-01   0.79946572E-02   0.96558919E-02
  7.3017486       0.15836085E-01   0.81322664E-02   0.10071923E-01
  7.3324282       0.16734098E-01   0.92913547E-02   0.88957993E-02
  7.3631078       0.16709653E-01   0.11333455E-01   0.67190052E-02
  7.3937874       0.15977172E-01   0.13531977E-01   0.52083985E-02
  7.4244670       0.15053704E-01   0.15207068E-01   0.65051690E-02
  7.4551466       0.14560387E-01   0.15955611E-01   0.92444562E-02
  7.4858262       0.14806556E-01   0.15702586E-01   0.11487638E-01
  7.5165059       0.15514807E-01   0.14726901E-01   0.12414037E-01
  7.5471855       0.16082122E-01   0.13641301E-01   0.11805494E-01
  7.5778651       0.16010158E-01   0.13178161E-01   0.99310469E-02
  7.6085447       0.15111302E-01   0.13658346E-01   0.76643040E-02
  7.6392243       0.13535929E-01   0.14671760E-01   0.66854458E-02
  7.6699039       0.11721287E-01   0.15489818E-01   0.79596777E-02
  7.7005836       0.10247367E-01   0.15569038E-01   0.99859724E-02
  7.7312632       0.94996697E-02   0.14720242E-01   0.11300383E-01
  7.7619428       0.93085099E-02   0.13106738E-01   0.11299806E-01
  7.7926224       0.91167823E-02   0.11197746E-01   0.99417764E-02
  7.8233020       0.84669746E-02   0.96547691E-02   0.76321517E-02
  7.8539816       0.72087356E-02   0.89846742E-02   0.53348182E-02
  7.8846612       0.54610443E-02   0.90503242E-02   0.47475960E-02
  7.9153409       0.35121413E-02   0.92137841E-02   0.60681468E-02
  7.9460205       0.17230874E-02   0.89414753E-02   0.74408545E-02
  7.9767001       0.52280459E-03   0.80397974E-02   0.78696099E-02
  8.0073797       0.54486313E-03   0.65972561E-02   0.71188689E-02
  8.0380593       0.54952947E-03   0.48748783E-02   0.53515738E-02
  8.0687389       0.88969994E-03   0.32053780E-02   0.30509051E-02
  8.0994186       0.21282903E-02   0.19144498E-02   0.16592502E-02
  8.1300982       0.36921308E-02   0.12739331E-02   0.30503804E-02
  8.1607778       0.52110700E-02   0.13661931E-02   0.45408769E-02
  8.1914574       0.64101803E-02   0.20193326E-02   0.51501058E-02
  8.2221370       0.71279041E-02   0.30761651E-02   0.47274306E-02
  8.2528166       0.73628837E-02   0.43206058E-02   0.34238239E-02
  8.2834963       0.73049365E-02   0.54809307E-02   0.18261816E-02
  8.3141759       0.73015649E-02   0.63140522E-02   0.20900387E-02
  8.3448555       0.76712321E-02   0.66783209E-02   0.39129384E-02
  8.3755351       0.84364098E-02   0.65961189E-02   0.54436571E-02
  8.4062147       0.93145087E-02   0.63038136E-02   0.61940903E-02
  8.4368943       0.99594074E-02   0.62263437E-02   0.60282322E-02
  8.4675739       0.10145349E-01   0.67116494E-02   0.50784214E-02
  8.4982536       0.98327957E-02   0.76748119E-02   0.38611647E-02
  8.5289332       0.91765767E-02   0.87064072E-02   0.35053922E-02
  8.5596128       0.84860579E-02   0.94137316E-02   0.45867107E-02
  8.5902924       0.80888543E-02   0.95748024E-02   0.60459798E-02
  8.6209720       0.80960206E-02   0.91707739E-02   0.70342609E-02
  8.6516516       0.82996051E-02   0.83902233E-02   0.72037908E-02
  8.6823313       0.83616815E-02   0.76034683E-02   0.65208221E-02
  8.7130109       0.80420011E-02   0.72222307E-02   0.52421142E-02
  8.7436905       0.72843257E-02   0.73869040E-02   0.40135201E-02
  8.7743701       0.62112730E-02   0.78197647E-02   0.38443035E-02
  8.8050497       0.50842120E-02   0.81027002E-02   0.47862849E-02
  8.8357293       0.42172581E-02   0.79551246E-02   0.58094867E-02
  8.8664090       0.37766978E-02   0.73028648E-02   0.62603898E-02
  8.8970886       0.35922882E-02   0.62574315E-02   0.59278204E-02
  8.9277682       0.33359908E-02   0.50805067E-02   0.48827614E-02
  8.9584478       0.28116395E-02   0.41306507E-02   0.34454677E-02
  8.9891274       0.20187213E-02   0.36924399E-02   0.23351950E-02
  9.0198070       0.11352219E-02   0.36817372E-02   0.25501201E-02
  9.0504866       0.74649723E-03   0.37376457E-02   0.34546032E-02
  9.0811663       0.12429979E-02   0.36073121E-02   0.40423805E-02
  9.1118459       0.17397062E-02   0.32498635E-02   0.39869970E-02
  9.1425255       0.20056159E-02   0.27697061E-02   0.32744481E-02
  9.1732051       0.21604125E-02   0.23256599E-02   0.20775319E-02
  9.2038847       0.24768458E-02   0.20190068E-02   0.86922964E-03
  9.2345643       0.31118091E-02   0.18215148E-02   0.13447513E-02
  9.2652440       0.39419529E-02   0.16830727E-02   0.24336222E-02
  9.2959236       0.47376563E-02   0.17240407E-02   0.30988763E-02
  9.3266032       0.53152011E-02   0.21555888E-02   0.31678096E-02
  9.3572828       0.55845904E-02   0.29266494E-02   0.26579442E-02
  9.3879624       0.55679520E-02   0.37950053E-02   0.17928674E-02
  9.4186420       0.54022655E-02   0.45366501E-02   0.13452869E-02
  9.4493217       0.52993919E-02   0.49973006E-02   0.21374057E-02
  9.4800013       0.54255960E-02   0.51120901E-02   0.32128473E-02
  9.5106809       0.57652522E-02   0.49285843E-02   0.39682353E-02
  9.5413605       0.61380080E-02   0.46236122E-02   0.41953316E-02
  9.5720401       0.63411975E-02   0.44704136E-02   0.38668202E-02
  9.6027197       0.62554417E-02   0.46709293E-02   0.31407788E-02
  9.6333993       0.58805765E-02   0.51577248E-02   0.24592457E-02
  9.6640790       0.53335526E-02   0.56695077E-02   0.25239769E-02
  9.6947586       0.48132481E-02   0.59625373E-02   0.33029780E-02
  9.7254382       0.45038013E-02   0.59085618E-02   0.41081570E-02
  9.7561178       0.44320886E-02   0.55112161E-02   0.45244956E-02
  9.7867974       0.44400027E-02   0.49017098E-02   0.44041403E-02
  9.8174770       0.43269935E-02   0.43173806E-02   0.37864675E-02
  9.8481567       0.39761116E-02   0.40106125E-02   0.29009958E-02
  9.8788363       0.33837976E-02   0.40493149E-02   0.22491625E-02
  9.9095159       0.26421885E-02   0.42400282E-02   0.24014186E-02
  9.9401955       0.19105413E-02   0.43267170E-02   0.30465863E-02
  9.9708751       0.13744525E-02   0.41568493E-02   0.35532305E-02
