# data from ifeffit
#------------------------
#   k         chi       chi       chix
  0.0000000        0.0000000        0.0000000        1.0000000
  0.50000000E-01   0.22797410       0.23964123        1.4676153
  0.10000000       0.44392147       0.46529553        1.9092170
  0.15000000       0.63645126       0.66379399        2.3002452
  0.20000000       0.79541070       0.82355579        2.6189665
  0.25000000       0.91242172       0.93526521        2.8476869
  0.30000000       0.98132347       0.99241596        2.9737394
  0.35000000       0.99849747       0.99169086        2.9901883
  0.40000000       0.96305802       0.93315478        2.8962128
  0.45000000       0.87689798       0.82024953        2.6971475
  0.50000000       0.74458749       0.65959107        2.4041786
  0.55000000       0.57313097       0.46058111        2.0337121
  0.60000000       0.37159553       0.23485576        1.6064513
  0.65000000       0.15063038      -0.43961737E-02    1.1462342
  0.70000000      -0.78097090E-01  -0.24320533       0.67869758
  0.75000000      -0.30251879      -0.46763909       0.22984212
  0.80000000      -0.51080405      -0.66461609      -0.17542014
  0.85000000      -0.69198471      -0.82267018      -0.51465489
  0.90000000      -0.83653395      -0.93261923      -0.76915318
  0.95000000      -0.93686838      -0.98809964      -0.92496802
  1.0000000      -0.98774671      -0.98593536      -0.97368207
  1.0500000      -0.98654417      -0.92632002      -0.91286419
  1.1000000      -0.93338815      -0.81280164      -0.74618979
  1.1500000      -0.83114808      -0.65207119      -0.48321928
  1.2000000      -0.68528030      -0.45356743      -0.13884773
  1.2500000      -0.50353623      -0.22892156       0.26754221
  1.3000000      -0.29554962       0.87256505E-02   0.71317603
  1.3500000      -0.72324782E-01   0.24549403        1.1731693
  1.4000000       0.15434695       0.46757636        1.6219233
  1.4500000       0.37251138       0.66204508        2.0345565
  1.5000000       0.57068330       0.81760635        2.3882896
  1.5500000       0.73845246       0.92525719        2.6637097
  1.6000000       0.86703160       0.97880757        2.8458392
  1.6500000       0.94971768       0.97523691        2.9249546
  1.7000000       0.98224208       0.91486463        2.8971067
  1.7500000       0.96299130       0.80132501        2.7643163
  1.8000000       0.89308690       0.64134817        2.5344351
  1.8500000       0.77632062       0.44436048        2.2206811
  1.9000000       0.61894838       0.22192810        1.8408765
  1.9500000       0.42935453      -0.12923417E-01    1.4164311
  2.0000000       0.21760424      -0.24647335       0.97113089
  2.0500000      -0.50919886E-02  -0.46510897       0.52979904
  2.1000000      -0.22697305      -0.65612053       0.11690642
  2.1500000      -0.43634971      -0.80844150      -0.24479120
  2.2000000      -0.62222172      -0.91329090      -0.53551262
  2.2500000      -0.77485699      -0.96468047      -0.73953746
  2.3000000      -0.88630219      -0.95975715      -0.84605933
  2.3500000      -0.95079799      -0.89896134      -0.84975933
  2.4000000      -0.96507723      -0.78599229      -0.75106952
  2.4500000      -0.92853048      -0.62758290      -0.55611338
  2.5000000      -0.84323065      -0.43309793      -0.27632858
  2.5500000      -0.71381581      -0.21397940       0.72204797E-01
  2.6000000      -0.54723667       0.16927768E-01   0.46969109
  2.6500000      -0.35238267       0.24613010       0.89374743
  2.7000000      -0.13960662       0.46027558        1.3206690
  2.7500000       0.79826381E-01   0.64693290        1.7267593
  2.8000000       0.29433660       0.79531442        2.0896510
  2.8500000       0.49264199       0.89690072        2.3895427
  2.9000000       0.66435278       0.94593055        2.6102833
  2.9500000       0.80051690       0.93972788        2.7402448
  3.0000000       0.89408758       0.87884756        2.7729351
  3.0500000       0.94028863       0.76703160        2.7073202
  3.1000000       0.93685849       0.61097936        2.5478379
  3.1500000       0.88416052       0.41994575        2.3041063
  3.2000000       0.78515409       0.20519147        1.9903456
  3.2500000       0.64522879      -0.20681814E-01    1.6245470
  3.3000000       0.47191067      -0.24447227        1.2274384
  3.3500000       0.27445688      -0.45315084       0.82130603
  3.4000000       0.63360297E-01  -0.63462119       0.42873911
  3.4500000      -0.15020909      -0.77842200       0.71368914E-01
  3.5000000      -0.35499636      -0.87633111      -0.23132747
  3.5500000      -0.54025598      -0.92283619      -0.46309218
  3.6000000      -0.69631665      -0.91544529      -0.61176193
  3.6500000      -0.81508712      -0.85481948      -0.66990661
  3.7000000      -0.89047641      -0.74472088      -0.63519729
  3.7500000      -0.91870647      -0.59177958      -0.51048604
  3.8000000      -0.89850140      -0.40509411      -0.30359551
  3.8500000      -0.83114362      -0.19568951      -0.26833132E-01
  3.9000000      -0.72039465       0.24134822E-01   0.30374017
  3.9500000      -0.57228536       0.24152869       0.66924333
  4.0000000      -0.39478723       0.44384351        1.0490563
  4.0500000      -0.19738278       0.61936946        1.4219867
  4.1000000       0.94418977E-02   0.75801431        1.7674562
  4.1500000       0.21475511       0.85188452        2.0666396
  4.2000000       0.40775839       0.89573511        2.3034935
  4.2500000       0.57835547       0.88726262        2.4656181
  4.3000000       0.71768133       0.82722483        2.5449062
  4.3500000       0.81856356       0.71938110        2.5379447
  4.4000000       0.87589207       0.57025773        2.4461498
  4.4500000       0.88687790       0.38875283        2.2756307
  4.5000000       0.85118825       0.18560492        2.0367932
  4.5500000       0.77095099      -0.27243346E-01    1.7437076
  4.6000000       0.65062930      -0.23734826        1.4132810
  4.6500000       0.49677368      -0.43249365        1.0642800
  4.7000000       0.31766506      -0.60140228       0.71626278
  4.7500000       0.12286858      -0.73438845       0.38848014
  4.8000000      -0.77278013E-01  -0.82391404       0.98807951E-01
  4.8500000      -0.27221388      -0.86501611      -0.13722999
  4.9000000      -0.45171320      -0.85558167      -0.30729487
  4.9500000      -0.60642248      -0.79645448      -0.40287696
  5.0000000      -0.72834865      -0.69136861      -0.41971726
  5.0500000      -0.81127253      -0.54671369      -0.35798622
  5.1000000      -0.85106616      -0.37114646      -0.22221262
  5.1500000      -0.84589794      -0.17507231      -0.20970251E-01
  5.2000000      -0.79631525       0.29972105E-01   0.23365686
  5.2500000      -0.70520102       0.23199857       0.52679755
  5.3000000      -0.57760733       0.41926917       0.84166184
  5.3500000      -0.42047554       0.58097921        1.1605037
  5.4000000      -0.24225845       0.70788134        1.4656229
  5.4500000      -0.52465070E-01   0.79281485        1.7403498
  5.5000000       0.13884736       0.83110983        1.9699572
  5.5500000       0.32160713       0.82084328        2.1424504
  5.6000000       0.48625900       0.76293330        2.2491923
  5.6500000       0.62426449       0.66106679        2.2853313
  5.7000000       0.72854515       0.52146608        2.2500112
  5.7500000       0.79384583       0.35250913        2.1463550
  5.8000000       0.81699931       0.16422652        1.9812258
  5.8500000       0.79707896      -0.32294603E-01    1.7647844
  5.9000000       0.73543214      -0.22556415        1.5098680
  5.9500000       0.63559337      -0.40436168        1.2312317
  6.0000000       0.50308270      -0.55838856       0.94469414
  6.0500000       0.34510079      -0.67886177       0.66623902
  6.1000000       0.17013747      -0.75901504       0.41112243
  6.1500000      -0.12484956E-01  -0.79447873       0.19303632
  6.2000000      -0.19310893      -0.78351714       0.23373933E-01
  6.2500000      -0.36225302      -0.72711042      -0.89363434E-01
  6.3000000      -0.51111021      -0.62887741      -0.13998761
  6.3500000      -0.63200695      -0.49484513      -0.12685207
  6.4000000      -0.71879896      -0.33307949      -0.51878451E-01
  6.4500000      -0.76718345      -0.15319984       0.79616711E-01
  6.5000000      -0.77491177       0.34193450E-01   0.25928168
  6.5500000      -0.74189218       0.21814426       0.47625208
  6.6000000      -0.67017797       0.38798188       0.71780392
  6.6500000      -0.56384262       0.53394066       0.97009804
  6.7000000      -0.42874934       0.64772188        1.2189725
  6.7500000      -0.27222804       0.72296578        1.4507377
  6.8000000      -0.10267753       0.75560664        1.6529291
  6.8500000       0.70885479E-01   0.74409128        1.8149768
  6.9000000       0.23930637       0.68944925        1.9287556
  6.9500000       0.39377592       0.59521178        1.9889877
  7.0000000       0.52629150       0.46718557        1.9934771
  7.0500000       0.63007192       0.31309564        1.9431676
  7.1000000       0.69990446       0.14211936        1.8420238
  7.1500000       0.73240622      -0.35660417E-01    1.6967458
  7.2000000       0.72618693      -0.20985033        1.5163366
  7.2500000       0.68190516      -0.37035465        1.3115505
  7.3000000       0.60221613      -0.50796080        1.0942553
  7.3500000       0.49161468      -0.61486841       0.87674627
  7.4000000       0.35618259      -0.68513142       0.67105117
  7.4500000       0.20325443      -0.71498825       0.48826619
  7.5000000       0.41020304E-01  -0.70306161       0.33795870
  7.5500000      -0.12191301      -0.65041769       0.22766930
  7.6000000      -0.27697899      -0.56048222       0.16253879
  7.6500000      -0.41610206      -0.43881979       0.14507815
  7.7000000      -0.53211843      -0.29279043       0.17509113
  7.7500000      -0.61914495      -0.13110466       0.24975039
  7.8000000      -0.67287719       0.36696200E-01   0.36381901
  7.8500000      -0.69080152       0.20080328       0.51000177
  7.9000000      -0.67231082       0.35171391       0.67940309
  7.9500000      -0.61871871       0.48078208       0.86206337
  8.0000000      -0.53317232       0.58071394        1.0475416
  8.0500000      -0.42046929       0.64597966        1.2255104
  8.1000000      -0.28678950       0.67311875        1.3863292
  8.1500000      -0.13935653       0.66092166        1.5215651
  8.2000000       0.13952652E-01   0.61047860        1.6244313
  8.2500000       0.16502869       0.52509376        1.6901224
  8.3000000       0.30595895       0.41007133        1.7160303
  8.3500000       0.42944211       0.27238711        1.7018292
  8.4000000       0.52916646       0.12026586        1.6494323
  8.4500000       0.60013227      -0.37309947E-01    1.5628223
  8.5000000       0.63890188      -0.19113059        1.4477713
  8.5500000       0.64376495      -0.33229757        1.3114674
  8.6000000       0.61481100      -0.45273846        1.1620725
  8.6500000       0.55390644      -0.54566844        1.0082380
  8.7000000       0.46457817      -0.60597212       0.85860605
  8.7500000       0.35181089      -0.63048408       0.72132681
  8.8000000       0.22176973      -0.61815304       0.60361669
  8.8500000       0.81463505E-01  -0.57008101       0.51138249
  8.9000000      -0.61632941E-01  -0.48943664       0.44893042
  8.9500000      -0.19997696      -0.38124907       0.41877397
  9.0000000      -0.32635575      -0.25209551       0.42154874
  9.0500000      -0.43426236      -0.10970200       0.45603564
  9.1000000      -0.51823057       0.37518551E-01   0.51928798
  9.1500000      -0.57411127       0.18096337       0.60685210
  9.2000000      -0.59927658       0.31234254       0.71306596
  9.2500000      -0.59274154       0.42415802       0.83141648
  9.3000000      -0.55519800       0.51013135       0.95493335
  9.3500000      -0.48895977       0.56555559        1.0765958
  9.4000000      -0.39782300       0.58755189        1.1897289
  9.4500000      -0.28684995       0.57521665        1.2883667
  9.5000000      -0.16208856       0.52965209        1.3675635
  9.5500000      -0.30243189E-01   0.45387956        1.4236364
  9.6000000       0.10168544       0.35264206        1.4543275
  9.6500000       0.22677194       0.23210878        1.4588807
  9.7000000       0.33852966       0.99499852E-01    1.4380295
  9.7500000       0.43124688      -0.37345763E-01    1.3939011
  9.8000000       0.50027834      -0.17043349        1.3298448
  9.8500000       0.54227724      -0.29208007        1.2501972
  9.9000000       0.55535612      -0.39535689        1.1599992
  9.9500000       0.53916910      -0.47448428        1.0646848
  10.000000       0.49491194      -0.52515420       0.96975773
  10.050000       0.42524090      -0.54476348       0.88047742
  10.100000       0.33411573      -0.53254496       0.80157077
  10.150000       0.22657581      -0.48959024       0.73698557
  10.200000       0.10846218      -0.41876385       0.68969833
  10.250000      -0.13899283E-01  -0.32451524       0.66158548
  10.300000      -0.13403644      -0.21260081       0.65336274
  10.350000      -0.24567304      -0.89733137E-01   0.66459383
  10.400000      -0.34305632       0.36821156E-01   0.69376484
  10.450000      -0.42125315       0.15967083       0.73841769
  10.500000      -0.47639927       0.27173148       0.79533221
  10.550000      -0.50588925       0.36663373       0.86074448
  10.600000      -0.50849776       0.43908475       0.93058699
  10.650000      -0.48442673       0.48516259        1.0007359
  10.700000      -0.43527677       0.50252702        1.0672503
  10.750000      -0.36394528       0.49053556        1.1265903
  10.800000      -0.27445772       0.45025933        1.1758016
  10.850000      -0.17174145       0.38439883        1.2126574
  10.900000      -0.61355222E-01   0.29710606        1.2357508
  10.950000       0.50811292E-01   0.19372432        1.2445356
  11.000000       0.15885136       0.80462142E-01    1.2393135
  11.050000       0.25715197      -0.35978996E-01    1.2211730
  11.100000       0.34068504      -0.14880075        1.1918843
  11.150000       0.40526410      -0.25150446        1.1537596
  11.200000       0.44775326      -0.33826506        1.1094882
  11.250000       0.46621814      -0.40426081        1.0619573
  11.300000       0.46001157      -0.44594029        1.0140713
  11.350000       0.42979042      -0.46121191       0.96857850
  11.400000       0.37746359      -0.44954594       0.92791765
  11.450000       0.30607479      -0.41198419       0.89409060
  11.500000       0.21962719      -0.35105824       0.86856896
  11.550000       0.12286002      -0.27062199       0.85223803
  11.600000       0.20989348E-01  -0.17560957       0.84537978
  11.650000      -0.80572506E-01  -0.71733713E-01   0.84769378
  11.700000      -0.17650419       0.34857049E-01   0.85835286
  11.750000      -0.26185369       0.13794181       0.87608812
  11.800000      -0.33229347       0.23158987       0.89929640
  11.850000      -0.38433917       0.31050145       0.92616228
  11.900000      -0.41552092       0.37030685       0.95478593
  11.950000      -0.42449885       0.40780737       0.98330852
  12.000000      -0.41111753       0.42114465        1.0100271
  12.050000      -0.37639737       0.40988970        1.0334923
  12.100000      -0.32246420       0.37504743        1.0525832
  12.150000      -0.25242183       0.31897776        1.0665559
  12.200000      -0.17017484       0.24523900        1.0750642
  12.250000      -0.80211916E-01   0.15836380        1.0781519
  12.300000       0.12638451E-01   0.63581593E-01    1.0762200
  12.350000       0.10346662      -0.33495389E-01    1.0699712
  12.400000       0.18754094      -0.12720385        1.0603371
  12.450000       0.26055371      -0.21215925        1.0483945
  12.500000       0.31884128      -0.28356461        1.0352767
  12.550000       0.35956700      -0.33748054        1.0220865
  12.600000       0.38085801      -0.37104144        1.0098166
  12.650000       0.38188922      -0.38260597       0.99928324
  12.700000       0.36291102      -0.37183415       0.99107687
  12.750000       0.32522001      -0.33968754       0.98553247
  12.800000       0.27107507      -0.28835379       0.98272129
  12.850000       0.20356418      -0.22110096       0.98246322
  12.900000       0.12642960      -0.14207125       0.98435834
  12.950000       0.43861325E-01  -0.56027062E-01   0.98783426
  13.000000      -0.39729826E-01   0.31935229E-01   0.99220540
  13.050000      -0.11994732       0.11668642       0.99673910
  13.100000      -0.19263960       0.19336298        1.0007234
  13.150000      -0.25411435       0.25764544        1.0035311
  13.200000      -0.30132527       0.30600087        1.0046756
  13.250000      -0.33202200       0.33587585        1.0038538
  13.300000      -0.34485588       0.34582937        1.0009735
  13.350000      -0.33943653       0.33559915       0.99616262
  13.400000      -0.31633732       0.30609820       0.98976088
  13.450000      -0.27704993       0.25934319       0.98229325
  13.500000      -0.22389146       0.19831978       0.97442832
  13.550000      -0.15986955       0.12679376       0.96692421
  13.600000      -0.88513396E-01   0.49079831E-01   0.96056643
  13.650000      -0.13680045E-01  -0.30217829E-01   0.95610213
  13.700000       0.60653439E-01  -0.10647760       0.95417584
  13.750000       0.13060075      -0.17532911       0.95527164
  13.800000       0.19256894      -0.23290298       0.95966596
  13.850000       0.24344228      -0.27604735       0.96739492
  13.900000       0.28073804      -0.30249915       0.97823889
  13.950000       0.30272648      -0.31100093       0.99172555
  14.000000       0.30850923      -0.30135732        1.0071519
  14.050000       0.29805272      -0.27442876        1.0236240
  14.100000       0.27217555      -0.23206404        1.0401115
  14.150000       0.23249138      -0.17697645        1.0555149
  14.200000       0.18131086      -0.11257183        1.0687390
  14.250000       0.12150863      -0.42739131E-01    1.0787695
  14.300000       0.56362966E-01   0.28383495E-01    1.0847465
  14.350000      -0.10623201E-01   0.96653155E-01    1.0860300
  14.400000      -0.75909956E-01   0.15816285        1.0822529
  14.450000      -0.13610686       0.20946427        1.0733574
  14.500000      -0.18814837       0.24776021        1.0596118
  14.550000      -0.22944922       0.27105574        1.0416065
  14.600000      -0.25803182       0.27826027        1.0202284
  14.650000      -0.27261962       0.26923525       0.99661563
  14.700000      -0.27269198       0.24478574       0.97209375
  14.750000      -0.25849835       0.20659726       0.94809891
  14.800000      -0.23103174       0.15712262       0.92609088
  14.850000      -0.19196367       0.99426122E-01   0.90746246
  14.900000      -0.14354445       0.36994946E-01   0.89345050
  14.950000      -0.88474945E-01  -0.26470709E-01   0.88505435
  15.000000      -0.29756845E-01  -0.87276164E-01   0.88296699
  15.050000       0.29470203E-01  -0.14194661       0.88752359
  15.100000       0.86095816E-01  -0.18742490       0.89867091
  15.150000       0.13720159      -0.22124152       0.91596007
  15.200000       0.18021081      -0.24164739       0.93856341
  15.250000       0.21301755      -0.24770250       0.96531505
  15.300000       0.23408869      -0.23931579       0.99477290
  15.350000       0.24253404      -0.21723520        1.0252988
  15.400000       0.23814136      -0.18298895        1.0551524
  15.450000       0.22137519      -0.13878272        1.0825925
  15.500000       0.19334011      -0.87359244E-01    1.1059809
  15.550000       0.15571108      -0.31829342E-01    1.1238817
  15.600000       0.11063505       0.24515392E-01    1.1351504
  15.650000       0.60609637E-01   0.78396912E-01    1.1390065
  15.700000       0.83455805E-02   0.12674070        1.1350863
  15.750000      -0.43379431E-01   0.16685038        1.1234709
  15.800000      -0.91867743E-01   0.19655715        1.1046894
  15.850000      -0.13464177       0.21433581        1.0796940
  15.900000      -0.16956989       0.21938113        1.0498112
  15.950000      -0.19497171       0.21164112        1.0166694
  16.000000      -0.20969783       0.19180584       0.98210801
  16.050000      -0.21318002       0.16125332       0.94807330
  16.100000      -0.20545004       0.12195657       0.91650654
  16.150000      -0.18712658       0.76357814E-01   0.88923124
  16.200000      -0.15937159       0.27217822E-01   0.86784623
  16.250000      -0.12381897      -0.22550323E-01   0.85363071
  16.300000      -0.82479741E-01  -0.70053163E-01   0.84746710
  16.350000      -0.37629352E-01  -0.11258434       0.84978630
  16.400000       0.83168089E-02  -0.14777800       0.86053881
  16.450000       0.52932817E-01  -0.17373939       0.87919343
  16.500000       0.93909661E-01  -0.18914569       0.90476397
  16.550000       0.12917408      -0.19331156       0.93586252
  16.600000       0.15699269      -0.18621642       0.97077626
  16.650000       0.17605625      -0.16849266        1.0075636
  16.700000       0.18553999      -0.14137606        1.0441639
  16.750000       0.18513732      -0.10662226        1.0785151
  16.800000       0.17506563      -0.66394632E-01    1.1086710
  16.850000       0.15604453      -0.23130691E-01    1.1329138
  16.900000       0.12924812       0.20604713E-01    1.1498528
  16.950000       0.96234308E-01   0.62270704E-01    1.1585050
  17.000000       0.58855472E-01   0.99497260E-01    1.1583527
  17.050000       0.19155379E-01   0.13021924        1.1493746
  17.100000      -0.20741833E-01   0.15279002        1.1320482
  17.150000      -0.58744672E-01   0.16606852        1.1073239
  17.200000      -0.92903306E-01   0.16947517        1.0765719
  17.250000      -0.12150893       0.16301408        1.0415051
  17.300000      -0.14317847       0.14726094        1.0040825
  17.350000      -0.15692044       0.12331796       0.96639752
  17.400000      -0.16217891       0.92739145E-01   0.93056023
  17.450000      -0.15885375       0.57430932E-01   0.89857718
  17.500000      -0.14729642       0.19534359E-01   0.87223794
  17.550000      -0.12828228      -0.18703926E-01   0.85301379
  17.600000      -0.10296110      -0.55064118E-01   0.84197478
  17.650000      -0.72789055E-01  -0.87481414E-01   0.83972953
  17.700000      -0.39445937E-01  -0.11416250       0.84639156
  17.750000      -0.47424545E-02  -0.13368387       0.86157368
  17.800000       0.29477455E-01  -0.14506657       0.88441088
  17.850000       0.61433997E-01  -0.14782369       0.91361031
  17.900000       0.89503473E-01  -0.14197813       0.94752534
  17.950000       0.11230010      -0.12805059       0.98424952
  18.000000       0.12874364      -0.10701877        1.0217249
  18.050000       0.13810949      -0.80251005E-01    1.0578585
  18.100000       0.14005916      -0.49418627E-01    1.0906405
  18.150000       0.13464970      -0.16392571E-01    1.1182571
  18.200000       0.12232228       0.16869341E-01    1.1391916
  18.250000       0.10387081       0.48437766E-01    1.1523086
  18.300000       0.80392699E-01   0.76523067E-01    1.1569158
  18.350000       0.53224817E-01   0.99576039E-01    1.1528009
  18.400000       0.23868207E-01   0.11637250        1.1402407
  18.450000      -0.60941506E-02   0.12607720        1.1199831
  18.500000      -0.35082088E-01   0.12828376        1.0932017
  18.550000      -0.61601015E-01   0.12302885        1.0614278
  18.600000      -0.84318383E-01   0.11078040        1.0264620
  18.650000      -0.10212997       0.92400983E-01   0.99027102
  18.700000      -0.11421271       0.69089133E-01   0.95487642
  18.750000      -0.12006167       0.42302481E-01   0.92224081
  18.800000      -0.11950943       0.13667531E-01   0.89415810
  18.850000      -0.11272739      -0.15118353E-01   0.87215425
  18.900000      -0.10020926      -0.42386892E-01   0.85740385
  18.950000      -0.82737982E-01  -0.66594930E-01   0.85066709
  19.000000      -0.61338237E-01  -0.86411069E-01   0.85225069
  19.050000      -0.37217338E-01  -0.10078808       0.86199459
  19.100000      -0.11697850E-01  -0.10901718       0.87928497
  19.150000       0.13854313E-01  -0.11076154       0.90309277
  19.200000       0.38102443E-01  -0.10606733       0.93203511
  19.250000       0.59808419E-01  -0.95352394E-01   0.96445602
  19.300000       0.77895350E-01  -0.79373615E-01   0.99852174
  19.350000       0.91500330E-01  -0.59175308E-01    1.0323250
  19.400000       0.10001477      -0.36022160E-01    1.0639926
  19.450000       0.10311045      -0.11320898E-01    1.0917896
  19.500000       0.10075034       0.13464475E-01    1.1142148
  19.550000       0.93183743E-01   0.36898829E-01    1.1300826
  19.600000       0.80926739E-01   0.57658392E-01    1.1385851
  19.650000       0.64728903E-01   0.74604872E-01    1.1393338
  19.700000       0.45528649E-01   0.86847115E-01    1.1323758
  19.750000       0.24399675E-01   0.93786986E-01    1.1181867
  19.800000       0.24915551E-02   0.95147201E-01    1.0976388
  19.850000      -0.19032256E-01   0.90979895E-01    1.0719476
  19.900000      -0.39055703E-01   0.81655892E-01    1.0426002
  19.950000      -0.56567483E-01   0.67835734E-01    1.0112683
  20.000000      -0.70711566E-01   0.50424604E-01   0.97971304
