# data from ifeffit
#------------------------
#   r         chirr     chirr     chirr
  0.0000000      -0.12346936        39.765122        79.928649
  0.30679616E-01  -0.16351703        39.764183        79.947733
  0.61359232E-01  -0.17742262        39.799054        80.010088
  0.92038847E-01  -0.10324000E-01    39.931462        80.106158
  0.12271846       0.26323976        40.140830        80.178308
  0.15339808       0.33341635        40.274842        80.147375
  0.18407769       0.32011164E-02    40.145177        79.997072
  0.21475731      -0.48241571        39.730719        79.825988
  0.24543693      -0.56863179        39.305145        79.785409
  0.27611654       0.38363930E-01    39.297847        79.937095
  0.30679616       0.92768883        39.909507        80.169098
  0.33747577        1.2306953        40.796256        80.274072
  0.36815539       0.46477863        41.202814        80.137500
  0.39883500      -0.82184227        40.587025        79.858455
  0.42951462       -1.3710638        39.254462        79.673346
  0.46019424      -0.38773762        38.331193        79.741752
  0.49087385        1.4981903        38.878287        79.996915
  0.52155347        2.5534357        40.798505        80.208698
  0.55223308        1.4935829        42.605501        80.199363
  0.58291270       -1.0887025        42.539715        80.000664
  0.61359232       -2.9244202        40.256187        79.802846
  0.64427193       -2.0271716        37.516826        79.760121
  0.67495155        1.2349151        36.939685        79.859166
  0.70563116        4.0338562        39.600593        79.976670
  0.73631078        3.4307315        43.626977        80.038234
  0.76699039      -0.71066203        45.408161        80.082638
  0.79767001       -5.0502439        42.782186        80.158897
  0.82834963       -5.4237912        37.454216        80.200852
  0.85902924      -0.80255570        34.099439        80.073709
  0.88970886        5.1120319        36.371243        79.782208
  0.92038847        6.6548645        43.130347        79.588820
  0.95106809        1.3931368        48.634788        79.819486
  0.98174770       -6.8978961        47.261984        80.471445
  1.0124273       -10.782068        39.012754        81.044784
  1.0431069       -5.7452445        30.583386        80.903843
  1.0737866        4.8510366        30.127751        79.945637
  1.1044662        11.544956        39.597547        78.912475
  1.1351458        6.8081893        51.616406        78.873727
  1.1658254       -7.2357343        54.786264        80.184467
  1.1965050       -18.904174        43.972227        81.895822
  1.2271846       -16.330146        26.682105        82.377138
  1.2578642       0.92623936        18.610621        80.819200
  1.2885439        18.580926        30.239639        78.272632
  1.3192235        17.587161        55.117892        77.030745
  1.3499031       -8.8710526        71.079268        78.599434
  1.3805827       -45.188916        56.245164        82.003618
  1.4112623       -60.505748        8.9149493        84.221613
  1.4419419       -30.763926       -44.990122        82.764352
  1.4726216        39.802543       -65.643316        78.258240
  1.5033012        115.24528       -26.883071        74.453695
  1.5339808        148.06918        61.832166        75.140693
  1.5646604        110.75878        156.54062        80.425267
  1.5953400        16.541223        204.53790        85.920122
  1.6260196       -86.396113        178.06106        86.195000
  1.6566993       -144.41323        92.505174        79.895725
  1.6873789       -131.67550       -3.7200639        71.831473
  1.7180585       -64.445084       -60.488399        69.434069
  1.7487381        12.547871       -56.490700        76.001046
  1.7794177        56.766866       -8.5657191        86.694117
  1.8100973        53.550062        44.562725        91.685362
  1.8407769        20.112492        70.402939        84.751364
  1.8714566       -12.022337        62.112533        70.058933
  1.9021362       -20.968937        37.234280        60.249992
  1.9328158       -7.1556365        19.994445        65.907696
  1.9634954        12.268833        22.520271        84.673870
  1.9941750        19.960982        38.699135        100.27257
  2.0248546        11.658068        52.852388        94.566278
  2.0555343       -3.1691510        53.960366        64.462850
  2.0862139       -11.476793        43.534527        29.470623
  2.1168935       -7.7732331        32.148709        21.157967
  2.1475731        2.7455183        29.340107        59.730283
  2.1782527        10.204873        36.054644        134.67327
  2.2089323        8.8620586        45.291829        205.76177
  2.2396120        1.1274342        49.104429        226.75047
  2.2702916       -5.7172830        45.252584        176.68460
  2.3009712       -6.2730598        38.135657        76.541031
  2.3316508       -1.1674701        34.132185       -21.776472
  2.3623304        4.4138001        36.044107       -67.507790
  2.3930100        5.7235544        41.356346       -42.319131
  2.4236896        2.2997410        45.151859        30.478774
  2.4543693       -2.3399373        44.546099        104.06748
  2.4850489       -4.2459286        40.735413        139.60860
  2.5157285       -2.3671587        37.344895        128.77310
  2.5464081        1.0649330        37.041058        93.192074
  2.5770877        2.9338447        39.500190        64.283843
  2.6077673        1.9604396        42.190974        60.235818
  2.6384470      -0.56808748        42.845047        76.624116
  2.6691266       -2.3227154        41.273590        94.927135
  2.6998062       -2.0420533        39.138042        99.518623
  2.7304858      -0.36487689        38.236364        89.020792
  2.7611654        1.0685225        39.004645        74.503793
  2.7918450        1.1646302        40.437892        68.312866
  2.8225246       0.15548300        41.215500        73.912895
  2.8532043      -0.88377380        40.848657        84.608469
  2.8838839       -1.1076472        39.888605        90.672239
  2.9145635      -0.53559359        39.227889        87.761913
  2.9452431       0.18261309        39.286922        79.597309
  2.9759227       0.46543580        39.797306        73.625962
  3.0066023       0.25444543        40.216707        74.319168
  3.0372820      -0.98481130E-01    40.256950        79.965056
  3.0679616      -0.25772219        40.038730        85.052090
  3.0986412      -0.17938969        39.843980        85.410033
  3.1293208      -0.34198974E-01    39.808598        81.434390
  3.1600004       0.39893742E-01    39.860033        77.028899
  3.1906800       0.59652055E-01    39.884970        75.818381
  3.2213597       0.10411101        39.883747        78.206076
  3.2520393       0.17000909        39.939735        81.578973
  3.2827189       0.16451857        40.073611        82.973391
  3.3133985       0.35589918E-01    40.180084        81.576424
  3.3440781      -0.12953197        40.133573        79.013480
  3.3747577      -0.16959929        39.944079        77.568339
  3.4054373      -0.19455935E-01    39.778999        78.183606
  3.4361170       0.20055599        39.809713        79.944466
  3.4667966       0.28398313        40.034370        81.196847
  3.4974762       0.13671111        40.262869        81.053325
  3.5281558      -0.12367971        40.289210        79.954837
  3.5588354      -0.27130427        40.086630        79.014407
  3.5895150      -0.18125386        39.835442        78.951430
  3.6201947       0.56028829E-01    39.756373        79.599749
  3.6508743       0.22227226        39.909290        80.270092
  3.6815539       0.17323544        40.145855        80.454956
  3.7122335      -0.36531405E-01    40.253215        80.191000
  3.7429131      -0.21581087        40.146762        79.858963
  3.7735927      -0.21623563        39.933939        79.750706
  3.8042724      -0.57667512E-01    39.802190        79.853950
  3.8349520       0.10771091        39.847837        79.984629
  3.8656316       0.14316913        40.004518        80.034116
  3.8963112       0.42447438E-01    40.122786        80.049287
  3.9269908      -0.85301340E-01    40.110620        80.107710
  3.9576704      -0.12823511        40.002012        80.181541
  3.9883500      -0.67176042E-01    39.904522        80.163191
  4.0190297       0.27393336E-01    39.892947        80.013548
  4.0497093       0.75262248E-01    39.953385        79.844877
  4.0803889       0.56466816E-01    40.017365        79.826061
  4.1110685       0.10895592E-01    40.035688        80.002477
  4.1417481      -0.15077435E-01    40.015122        80.226744
  4.1724277      -0.11627401E-01    39.992742        80.286602
  4.2031074       0.38102349E-03    39.988875        80.110135
  4.2337870       0.45898706E-02    39.992256        79.843329
  4.2644666       0.75969873E-02    39.985958        79.718687
  4.2951462       0.22331317E-01    39.975741        79.839752
  4.3258258       0.42377506E-01    39.984399        80.087791
  4.3565054       0.42855427E-01    40.019465        80.236223
  4.3871851       0.98086983E-02    40.055017        80.159192
  4.4178647      -0.36293225E-01    40.053456        79.937606
  4.4485443      -0.53992453E-01    40.007002        79.772139
  4.4792239      -0.21938163E-01    39.953190        79.796437
  4.5099035       0.34698312E-01    39.943131        79.967435
  4.5405831       0.63277950E-01    39.991144        80.123312
  4.5712627       0.33069328E-01    40.056702        80.138581
  4.6019424      -0.33068050E-01    40.079649        80.026404
  4.6326220      -0.77494940E-01    40.036608        79.904748
  4.6633016      -0.60764070E-01    39.964141        79.876940
  4.6939812       0.15872151E-02    39.925618        79.946527
  4.7246608       0.53568604E-01    39.953016        80.035828
  4.7553404       0.50433341E-01    40.018645        80.071456
  4.7860201      -0.15288410E-02    40.062395        80.045872
  4.8166997      -0.53374587E-01    40.047186        80.004331
  4.8473793      -0.59825983E-01    39.990306        79.987289
  4.8780589      -0.18843309E-01    39.943698        79.994660
  4.9087385       0.30798526E-01    39.945084        80.002014
  4.9394181       0.47787759E-01    39.986725        79.998635
  4.9700978       0.24222400E-01    40.028002        79.999314
  5.0007774      -0.12593979E-01    40.035296        80.019128
  5.0314570      -0.29397811E-01    40.009741        80.046041
  5.0621366      -0.16429315E-01    39.979807        80.048090
  5.0928162       0.92058047E-02    39.971144        80.010113
  5.1234958       0.24384934E-01    39.985107        79.958148
  5.1541754       0.21214756E-01    40.003866        79.939960
  5.1848551       0.91543651E-02    40.011723        79.977512
  5.2155347       0.70668750E-03    40.008680        80.040210
  5.2462143      -0.12088776E-02    40.004701        80.069686
  5.2768939      -0.18081801E-02    40.005135        80.034872
  5.3075735      -0.41392869E-02    40.005331        79.963680
  5.3382531      -0.42085859E-02    39.999390        79.918840
  5.3689328       0.25708252E-02    39.990729        79.939907
  5.3996124       0.12451327E-01    39.990331        80.006732
  5.4302920       0.14385030E-01    40.003576        80.058920
  5.4609716       0.17816288E-02    40.020970        80.051877
  5.4916512      -0.17761778E-01    40.025060        79.996081
  5.5223308      -0.27059661E-01    40.008222        79.944163
  5.5530105      -0.15681108E-01    39.982829        79.940894
  5.5836901       0.81261897E-02    39.971604        79.984450
  5.6143697       0.23223894E-01    39.986065        80.033077
  5.6450493       0.14987531E-01    40.014161        80.046457
  5.6757289      -0.10141263E-01    40.030273        80.020459
  5.7064085      -0.29670448E-01    40.018915        79.984857
  5.7370881      -0.25591518E-01    39.989556        79.971459
  5.7677678      -0.10952652E-02    39.968119        79.986198
  5.7984474       0.22421858E-01    39.973111        80.009820
  5.8291270       0.25100229E-01    39.998979        80.021058
  5.8598066       0.63662369E-02    40.022044        80.016042
  5.8904862      -0.15608914E-01    40.022657        80.006314
  5.9211658      -0.21296112E-01    40.002386        80.002316
  5.9518455      -0.71033604E-02    39.980829        80.002738
  5.9825251       0.13068778E-01    39.976580        80.000135
  6.0132047       0.21919295E-01    39.991074        79.993465
  6.0438843       0.14117269E-01    40.009616        79.991021
  6.0745639      -0.97183621E-03    40.016575        79.999828
  6.1052435      -0.98500935E-02    40.009068        80.014396
  6.1359232      -0.71746601E-02    39.996955        80.019469
  6.1666028       0.15673288E-02    39.991455        80.005800
  6.1972824       0.75217999E-02    39.994969        79.982273
  6.2279620       0.70376477E-02    40.001406        79.969907
  6.2586416       0.30768233E-02    40.004443        79.981840
  6.2893212      -0.65584008E-04    40.003769        80.009024
  6.3200008      -0.15900438E-02    40.003226        80.027057
  6.3506805      -0.34088059E-02    40.004547        80.018780
  6.3813601      -0.59019674E-02    40.004839        79.991022
  6.4120397      -0.63067771E-02    40.000805        79.968845
  6.4427193      -0.21782000E-02    39.994270        79.972384
  6.4733989       0.42760008E-02    39.991738        79.998302
  6.5040785       0.68720941E-02    39.997491        80.023359
  6.5347582       0.15455383E-02    40.007674        80.026207
  6.5654378      -0.83562748E-02    40.012602        80.006463
  6.5961174      -0.13928587E-01    40.006075        79.983567
  6.6267970      -0.89274318E-02    39.992456        79.977817
  6.6574766       0.35192946E-02    39.983679        79.992337
  6.6881562       0.12883318E-01    39.988231        80.012338
  6.7188359       0.10735379E-01    40.002628        80.020470
  6.7495155      -0.11184739E-02    40.014050        80.012366
  6.7801951      -0.11903773E-01    40.012081        79.998187
  6.8108747      -0.11669934E-01    39.998470        79.990907
  6.8415543      -0.44176590E-03    39.985549        79.994312
  6.8722339       0.11898894E-01    39.984810        80.001936
  6.9029135       0.14776823E-01    39.996493        80.005772
  6.9335932       0.64007426E-02    40.009868        80.004272
  6.9642728      -0.51681714E-02    40.013478        80.001735
  6.9949524      -0.98554717E-02    40.005366        80.001542
  7.0256320      -0.45691650E-02    39.993924        80.001976
  7.0563116       0.48733234E-02    39.989392        79.999315
  7.0869912       0.99030721E-02    39.994647        79.993873
  7.1176709       0.69693177E-02    40.003751        79.991083
  7.1483505      -0.25411884E-03    40.008566        79.995606
  7.1790301      -0.53585423E-02    40.006250        80.004935
  7.2097097      -0.52134495E-02    40.000616        80.010323
  7.2403893      -0.17813430E-02    39.997183        80.005228
  7.2710689       0.10336756E-02    39.997770        79.992837
  7.3017486       0.14092173E-02    39.999948        79.984265
  7.3324282       0.41322407E-03    40.000854        79.988264
  7.3631078      -0.35957658E-03    40.000448        80.002290
  7.3937874      -0.91691460E-03    40.000711        80.014134
  7.4244670      -0.22519927E-02    40.002302        80.013107
  7.4551466      -0.41436715E-02    40.003128        80.000193
  7.4858262      -0.45493476E-02    40.000800        79.987286
  7.5165059      -0.17994157E-02    39.996151        79.986145
  7.5471855       0.28049977E-02    39.993380        79.997597
  7.5778651       0.53537978E-02    39.995979        80.011147
  7.6085447       0.29677769E-02    40.002530        80.015017
  7.6392243      -0.28192628E-02    40.007194        80.006799
  7.6699039      -0.67789511E-02    40.005079        79.994837
  7.7005836      -0.46973138E-02    39.997367        79.989778
  7.7312632       0.23198818E-02    39.990828        79.994894
  7.7619428       0.83828966E-02    39.991689        80.004176
  7.7926224       0.80726705E-02    39.999608        80.009017
  7.8233020       0.15576944E-02    40.007689        80.006229
  7.8539816      -0.53849812E-02    40.008766        79.999813
  7.8846612      -0.66055666E-02    40.002040        79.995848
  7.9153409      -0.11841228E-02    39.993765        79.996526
  7.9460205       0.58451050E-02    39.991385        79.999216
  7.9767001       0.82212133E-02    39.996751        80.000459
  8.0073797       0.40911605E-02    40.004753        79.999825
  8.0380593      -0.26476958E-02    40.008363        79.999487
  8.0687389      -0.62399479E-02    40.005030        80.000696
  8.0994186      -0.42609536E-02    39.998474        80.001777
  8.1300982       0.69450171E-03    39.994668        80.000194
  8.1607778       0.39490748E-02    39.996291        79.996222
  8.1914574       0.30797298E-02    40.000910        79.993617
  8.2221370      -0.43473462E-03    40.004030        79.995931
  8.2528166      -0.32888992E-02    40.003465        80.002201
  8.2834963      -0.35840586E-02    40.000736        80.006988
  8.3141759      -0.20322362E-02    39.998730        80.005395
  8.3448555      -0.48179164E-03    39.998629        79.998247
  8.3755351       0.15048716E-03    39.999313        79.991960
  8.4062147       0.30803663E-03    39.999365        79.992703
  8.4368943       0.56209515E-03    39.998959        80.000353
  8.4675739       0.58118720E-03    39.999396        80.008271
  8.4982536      -0.32985453E-03    40.001023        80.009368
  8.5289332      -0.18684939E-02    40.002257        80.002740
  8.5596128      -0.24624910E-02    40.001159        79.994502
  8.5902924      -0.79315575E-03    39.997939        79.992043
  8.6209720       0.24158667E-02    39.995402        79.997239
  8.6516516       0.45272379E-02    39.996408        80.005015
  8.6823313       0.33476284E-02    40.000732        80.008359
  8.7130109      -0.48527985E-03    40.004733        80.004762
  8.7436905      -0.36690781E-02    40.004582        79.998027
  8.7743701      -0.31469412E-02    40.000073        79.994193
  8.8050497       0.89689454E-03    39.995161        79.995898
  8.8357293       0.49503960E-02    39.994439        80.000564
  8.8664090       0.52894013E-02    39.998786        80.003567
  8.8970886       0.14407011E-02    40.004422        80.002744
  8.9277682      -0.33113717E-02    40.006350        79.999797
  8.9584478      -0.49052048E-02    40.002966        79.997809
  8.9891274      -0.21790998E-02    39.997464        79.997984
  9.0198070       0.21812989E-02    39.994778        79.999025
  9.0504866       0.42174412E-02    39.997048        79.999282
  9.0811663       0.22791792E-02    40.001889        79.998841
  9.1118459      -0.17065892E-02    40.004874        79.999127
  9.1425255      -0.42551419E-02    40.003661        80.000710
  9.1732051      -0.35136178E-02    39.999817        80.002132
  9.2038847      -0.63192407E-03    39.996925        80.001384
  9.2345643       0.16877396E-02    39.997136        79.998479
  9.2652440       0.17632657E-02    39.999532        79.996064
  9.2959236       0.13969620E-03    40.001553        79.996986
  9.3266032      -0.14068364E-02    40.001640        80.001140
  9.3572828      -0.17113849E-02    40.000384        80.005036
  9.3879624      -0.10123775E-02    39.999358        80.004917
  9.4186420      -0.20403414E-03    39.999263        80.000540
  9.4493217       0.29151417E-03    39.999472        79.995749
  9.4800013       0.72089280E-03    39.999210        79.995022
  9.5106809       0.12571183E-02    39.998752        79.999198
  9.5413605       0.14567575E-02    39.999109        80.004550
  9.5720401       0.73635679E-03    40.000577        80.006214
  9.6027197      -0.66282275E-03    40.001962        80.002711
  9.6333993      -0.15054003E-02    40.001629        79.997265
  9.6640790      -0.67055807E-03    39.999394        79.994705
  9.6947586       0.15011765E-02    39.997145        79.997004
  9.7254382       0.31703714E-02    39.997219        80.001683
  9.7561178       0.25963188E-02    40.000003        80.004385
  9.7867974      -0.71846660E-04    40.003224        80.002955
  9.8174770      -0.26686195E-02    40.003908        79.999119
  9.8481567      -0.28861599E-02    40.001240        79.996449
  9.8788363      -0.46579224E-03    39.997515        79.996919
  9.9095159       0.24299467E-02    39.996122        79.999423
  9.9401955       0.31308105E-02    39.998379        80.001354
  9.9708751       0.91269659E-03    40.002265        80.001285
