# data from ifeffit
#------------------------
#   k         chi       chix      chix      chix      kwin
  0.0000000        0.0000000        2.5000000        3.0000000        5.5000000        0.0000000
  0.50000000E-01   0.15931582        2.4872125        3.2279741        5.7151866        0.0000000
  0.10000000       0.31454769        2.4491785        3.4439215        5.8930999        0.0000000
  0.15000000       0.46171684        2.3868752        3.6364513        6.0233264        0.0000000
  0.20000000       0.59705213        2.3019033        3.7954107        6.0973140        0.0000000
  0.25000000       0.71708713        2.1964455        3.9124217        6.1088672        0.0000000
  0.30000000       0.81874932        2.0732104        3.9813235        6.0545338        0.0000000
  0.35000000       0.89943911        1.9353623        3.9984975        5.9338598        0.0000000
  0.40000000       0.95709661        1.7864401        3.9630580        5.7494981        0.0000000
  0.45000000       0.99025446        1.6302653        3.8768980        5.5071633        0.0000000
  0.50000000       0.99807537        1.4708442        3.7445875        5.2154317        0.0000000
  0.55000000       0.98037332        1.3122642        3.5731310        4.8853952       0.68523230E-03
  0.60000000       0.93761803        1.1585886        3.3715955        4.5301841       0.27390510E-02
  0.65000000       0.87092239        1.0137521        3.1506304        4.1643825       0.61558268E-02
  0.70000000       0.78201342       0.88145957        2.9219029        3.8033625       0.10926195E-01
  0.75000000       0.67318733       0.76509079        2.6974812        3.4625720       0.17037079E-01
  0.80000000       0.54724996       0.66761373        2.4891960        3.1568097       0.24471731E-01
  0.85000000       0.40744407       0.59150850        2.3080153        2.8995238       0.33209771E-01
  0.90000000       0.25736551       0.53870396        2.1634660        2.7021700       0.43227251E-01
  0.95000000       0.10087029       0.51052862        2.0631316        2.5736602       0.54496713E-01
  1.0000000      -0.58024947E-01   0.50767706        2.0122533        2.5199304       0.66987268E-01
  1.0500000      -0.21524650       0.53019276        2.0134558        2.5436486       0.80664679E-01
  1.1000000      -0.36676853       0.57746775        2.0666118        2.6440796       0.95491460E-01
  1.1500000      -0.50871658       0.64825902        2.1688519        2.8171109       0.11142697
  1.2000000      -0.63746716       0.74072136        2.3147197        3.0554411       0.12842753
  1.2500000      -0.74974063       0.85245565        2.4964638        3.3489194       0.14644654
  1.3000000      -0.84268510       0.98057140        2.7044504        3.6850218       0.16543462
  1.3500000      -0.91394928        1.1217618        2.9276752        4.0494370       0.18533972
  1.4000000      -0.96174213        1.2723896        3.1543469        4.4267365       0.20610728
  1.4500000      -0.98487813        1.4285809        3.3725114        4.8010923       0.22768039
  1.5000000      -0.98280676        1.5863257        3.5706833        5.1570090       0.24999989
  1.5500000      -0.95562559        1.7415809        3.7384525        5.4800334       0.27300464
  1.6000000      -0.90407666        1.8903748        3.8670316        5.7574064       0.29663156
  1.6500000      -0.82952615        2.0289086        3.9497177        5.9786262       0.32081589
  1.7000000      -0.73392812        2.1536543        3.9822421        6.1358964       0.34549136
  1.7500000      -0.61977303        2.2614450        3.9629913        6.2244363       0.37059033
  1.8000000      -0.49002265        2.3495551        3.8930869        6.2426420       0.39604400
  1.8500000      -0.34803282        2.4157702        3.7763206        6.1920908       0.42178260
  1.9000000      -0.19746635        2.4584425        3.6189484        6.0773908       0.44773560
  1.9500000      -0.42198070E-01    2.4765320        3.4293545        5.9058865       0.47383184
  2.0000000       0.11378532        2.4696322        3.2176042        5.6872365       0.49999982
  2.0500000       0.26648807        2.4379790        2.9949080        5.4328870       0.52616779
  2.1000000       0.41200815        2.3824427        2.7730270        5.1554697       0.55226404
  2.1500000       0.54663747        2.3045047        2.5636503        4.8681550       0.57821703
  2.2000000       0.66695673        2.2062175        2.3777783        4.5839958       0.60395564
  2.2500000       0.76992266        2.0901505        2.2251430        4.3152935       0.62940932
  2.3000000       0.85294530        1.9593225        2.1136978        4.0730204       0.65450829
  2.3500000       0.91395346        1.8171233        2.0492020        3.8663253       0.67918376
  2.4000000       0.95144654        1.6672249        2.0349228        3.7021477       0.70336811
  2.4500000       0.96453154        1.5134866        2.0714695        3.5849561       0.72699504
  2.5000000       0.95294434        1.3598552        2.1567694        3.5166245       0.74999979
  2.5500000       0.91705464        1.2102631        2.2861842        3.4964473       0.77231931
  2.6000000       0.85785459        1.0685275        2.4527633        3.5212908       0.79389242
  2.6500000       0.77693140       0.93825215        2.6476173        3.5858695       0.81465999
  2.7000000       0.67642468       0.82273576        2.8603934        3.6831291       0.83456510
  2.7500000       0.55896971       0.72488784        3.0798264        3.8047142       0.85355320
  2.8000000       0.42762808       0.64715525        3.2943366        3.9414918       0.87157222
  2.8500000       0.28580755       0.59146073        3.4926420        4.0841027       0.88857280
  2.9000000       0.13717334       0.55915526        3.6643528        4.2235080       0.90450832
  2.9500000      -0.14447057E-01   0.55098518        3.8005169        4.3515021       0.91933512
  3.0000000      -0.16516279       0.56707511        3.8940876        4.4611627       0.93301255
  3.0500000      -0.31111994       0.60692693        3.9402886        4.5472156       0.94550312
  3.1000000      -0.44860046       0.66943478        3.9368585        4.6062933       0.95677260
  3.1500000      -0.57411729       0.75291567        3.8841605        4.6370762       0.96679010
  3.2000000      -0.68450317       0.85515491        3.7851541        4.6403090       0.97552816
  3.2500000      -0.77699083       0.97346498        3.6452288        4.6186938       0.98296283
  3.3000000      -0.84928268        1.1047565        3.4719107        4.5766671       0.98907373
  3.3500000      -0.89960802        1.2456190        3.2744569        4.5200759       0.99384412
  3.4000000      -0.92676650        1.3924102        3.0633603        4.4557705       0.99726091
  3.4500000      -0.93015676        1.5413501        2.8497909        4.3911410       0.99931475
  3.5000000      -0.90978942        1.6886192        2.6450036        4.3336228       1.00000000
  3.5500000      -0.86628434        1.8304563        2.4597440        4.2902004        1.0000000
  3.6000000      -0.80085216        1.9632556        2.3036834        4.2669390        1.0000000
  3.6500000      -0.71526066        2.0836581        2.1849129        4.2685710        1.0000000
  3.7000000      -0.61178699        2.1886371        2.1095236        4.2981607        1.0000000
  3.7500000      -0.49315694        2.2755748        2.0812935        4.3568683        1.0000000
  3.8000000      -0.36247287        2.3423275        2.1014986        4.4438261        1.0000000
  3.8500000      -0.22313233        2.3872785        2.1688564        4.5561349        1.0000000
  3.9000000      -0.78739417E-01    2.4093779        2.2796053        4.6889832        1.0000000
  3.9500000       0.66988804E-01    2.4081660        2.4277146        4.8358806        1.0000000
  4.0000000       0.21031835        2.3837834        2.6052128        4.9889961        1.0000000
  4.0500000       0.34759434        2.3369638        2.8026172        5.1395810        1.0000000
  4.1000000       0.47533457        2.2690129        3.0094419        5.2784548        1.0000000
  4.1500000       0.59031816        2.1817716        3.2147551        5.3965267        1.0000000
  4.2000000       0.68966704        2.0775664        3.4077584        5.4853248        1.0000000
  4.2500000       0.77091821        1.9591474        3.5783555        5.5375029        1.0000000
  4.3000000       0.83208499        1.8296150        3.7176813        5.5472963        1.0000000
  4.3500000       0.87170566        1.6923389        3.8185636        5.5109024        1.0000000
  4.4000000       0.88887832        1.5508699        3.8758921        5.4267620        1.0000000
  4.4500000       0.88328120        1.4088480        3.8868779        5.2957259        1.0000000
  4.5000000       0.85517789        1.2699081        3.8511883        5.1210963        1.0000000
  4.5500000       0.80540746        1.1375869        3.7709510        4.9085378        1.0000000
  4.6000000       0.73535987        1.0152323        3.6506293        4.6658616        1.0000000
  4.6500000       0.64693726       0.90591875        3.4967737        4.4026924        1.0000000
  4.7000000       0.54250230       0.81236941        3.3176651        4.1300345        1.0000000
  4.7500000       0.42481494       0.73688832        3.1228686        3.8597569        1.0000000
  4.8000000       0.29695930       0.68130350        2.9227220        3.6040255        1.0000000
  4.8500000       0.16226264       0.64692269        2.7277861        3.3747088        1.0000000
  4.9000000       0.24208443E-01   0.63450270        2.5482868        3.1827895        1.0000000
  4.9500000      -0.11365390       0.64423314        2.3935775        3.0378107        1.0000000
  5.0000000      -0.24780068       0.67573485        2.2716513        2.9473862        1.0000000
  5.0500000      -0.37482424       0.72807298        2.1887275        2.9168005        1.0000000
  5.1000000      -0.49151978       0.79978432        2.1489338        2.9487182        1.0000000
  5.1500000      -0.59496651       0.88891800        2.1541021        3.0430201        1.0000000
  5.2000000      -0.68260089       0.99308858        2.2036848        3.1967733        1.0000000
  5.2500000      -0.75228034        1.1095400        2.2947990        3.4043390        1.0000000
  5.3000000      -0.80233565        1.2352185        2.4223927        3.6576112        1.0000000
  5.3500000      -0.83161091        1.3668533        2.5795245        3.9463777        1.0000000
  5.4000000      -0.83948995        1.5010413        2.7577416        4.2587829        1.0000000
  5.4500000      -0.82590877        1.6343361        2.9475349        4.5818710        1.0000000
  5.5000000      -0.79135362        1.7633361        3.1388474        4.9021834        1.0000000
  5.5500000      -0.73684497        1.8847719        3.3216071        5.2063791        1.0000000
  5.6000000      -0.66390779        1.9955897        3.4862590        5.4818487        1.0000000
  5.6500000      -0.57452912        2.0930274        3.6242645        5.7172919        1.0000000
  5.7000000      -0.47110392        2.1746845        3.7285452        5.9032297        1.0000000
  5.7500000      -0.35637087        2.2385810        3.7938458        6.0324269        1.0000000
  5.8000000      -0.23333972        2.2832052        3.8169993        6.1002045        1.0000000
  5.8500000      -0.10521213        2.3075495        3.7970790        6.1046284        1.0000000
  5.9000000       0.24701823E-01    2.3111328        3.7354321        6.0465649        1.0000000
  5.9500000       0.15306941        2.2940093        3.6355934        5.9296026        1.0000000
  6.0000000       0.27662096        2.2567630        3.5030827        5.7598457        1.0000000
  6.0500000       0.39223339        2.2004895        3.3451008        5.5455903        1.0000000
  6.1000000       0.49700932        2.1267637        3.1701375        5.2969011        1.0000000
  6.1500000       0.58834986        2.0375963        2.9875150        5.0251113        1.0000000
  6.2000000       0.66401916        1.9353788        2.8068911        4.7422699        1.0000000
  6.2500000       0.72219914        1.8228195        2.6377470        4.4605665        1.0000000
  6.3000000       0.76153314        1.7028715        2.4888898        4.1917613        1.0000000
  6.3500000       0.78115728        1.5786551        2.3679931        3.9466482        1.0000000
  6.4000000       0.78071900        1.4533766        2.2812010        3.7345776        1.0000000
  6.4500000       0.76038221        1.3302450        2.2328166        3.5630615        1.0000000
  6.5000000       0.72081917        1.2123900        2.2250882        3.4374783        1.0000000
  6.5500000       0.66318937        1.1027821        2.2581078        3.3608900        1.0000000
  6.6000000       0.58910599        1.0041575        2.3298220        3.3339795        1.0000000
  6.6500000       0.50059096       0.91894972        2.4361574        3.3551071        1.0000000
  6.7000000       0.40001987       0.84922962        2.5712507        3.4204803        1.0000000
  6.7500000       0.29005821       0.79665500        2.7277720        3.5244270        1.0000000
  6.8000000       0.17359063       0.76243140        2.8973225        3.6597539        1.0000000
  6.8500000       0.53645172E-01   0.74728469        3.0708855        3.8181702        1.0000000
  6.9000000      -0.66685630E-01   0.75144642        3.2393064        3.9907528        1.0000000
  6.9500000      -0.18432463       0.77465181        3.3937759        4.1684277        1.0000000
  7.0000000      -0.29628890       0.81615065        3.5262915        4.3424421        1.0000000
  7.0500000      -0.39976557       0.87473055        3.6300719        4.5048025        1.0000000
  7.1000000      -0.49218253       0.94875190        3.6999045        4.6486564        1.0000000
  7.1500000      -0.57127247        1.0361935        3.7324062        4.7685997        1.0000000
  7.2000000      -0.63512846        1.1347076        3.7261869        4.8608946        1.0000000
  7.2500000      -0.68224990        1.2416832        3.6819052        4.9235883        1.0000000
  7.3000000      -0.71157746        1.3543147        3.6022161        4.9565308        1.0000000
  7.3500000      -0.72251656        1.4696763        3.4916147        4.9612910        1.0000000
  7.4000000      -0.71494851        1.5847976        3.3561826        4.9409802        1.0000000
  7.4500000      -0.68922950        1.6967404        3.2032544        4.8999948        1.0000000
  7.5000000      -0.64617723        1.8026738        3.0410203        4.8436941        1.0000000
  7.5500000      -0.58704584        1.8999458        2.8780870        4.7780327        1.0000000
  7.6000000      -0.51348991        1.9861499        2.7230210        4.7091709        1.0000000
  7.6500000      -0.42751834        2.0591846        2.5838979        4.6430825        1.0000000
  7.7000000      -0.33143969        2.1173045        2.4678816        4.5851861        1.0000000
  7.7500000      -0.22780015        2.1591619        2.3808550        4.5400170        1.0000000
  7.8000000      -0.11931612        2.1838378        2.3271228        4.5109606        1.0000000
  7.8500000      -0.88028984E-02    2.1908613        2.3091985        4.5000598        1.0000000
  7.9000000       0.10089845        2.1802180        2.3276892        4.5079072        1.0000000
  7.9500000       0.20699421        2.1523455        2.3812813        4.5336268        1.0000000
  8.0000000       0.30680924        2.1081185        2.4668277        4.5749462        1.0000000
  8.0500000       0.39785452        2.0488219        2.5795307        4.6283526        1.0000000
  8.1000000       0.47788917        1.9761141        2.7132105        4.6893246        1.0000000
  8.1500000       0.54497563        1.8919809        2.8606435        4.7526243        1.0000000
  8.2000000       0.59752643        1.7986810        3.0139527        4.8126337        1.0000000
  8.2500000       0.63434151        1.6986863        3.1650287        4.8637150        1.0000000
  8.3000000       0.65463524        1.5946154        3.3059590        4.9005744        1.0000000
  8.3500000       0.65805253        1.4891659        3.4294421        4.9186080        1.0000000
  8.4000000       0.64467370        1.3850436        3.5291665        4.9142101        1.0000000
  8.4500000       0.61500809        1.2848938        3.6001323        4.8850260        1.0000000
  8.5000000       0.56997671        1.1912334        3.6389019        4.8301352        1.0000000
  8.5500000       0.51088454        1.1063880        3.6437650        4.7501529        1.0000000
  8.6000000       0.43938314        1.0324341        3.6148110        4.6472451        1.0000000
  8.6500000       0.35742479       0.97114833        3.5539064        4.5250548        1.0000000
  8.7000000       0.26720936       0.92396500        3.4645782        4.3885432        1.0000000
  8.7500000       0.17112531       0.89194274        3.3518109        4.2437536        1.0000000
  8.8000000       0.71686562E-01   0.87574130        3.2217697        4.0975110        1.0000000
  8.8500000      -0.28533363E-01   0.87560872        3.0814635        3.9570722        1.0000000
  8.9000000      -0.12696791       0.89137933        2.9383671        3.8297464        1.0000000
  8.9500000      -0.22112324       0.92248227        2.8000230        3.7225053        1.0000000
  9.0000000      -0.30864147       0.96796046        2.6736442        3.6416047        1.0000000
  9.0500000      -0.38735962        1.0264992        2.5657376        3.5922369        1.0000000
  9.1000000      -0.45536307        1.0964638        2.4817694        3.5782332        1.0000000
  9.1500000      -0.51103194        1.1759447        2.4258887        3.6018335        1.0000000
  9.2000000      -0.55307948        1.2628098        2.4007234        3.6635333        1.0000000
  9.2500000      -0.58058143        1.3547612        2.4072585        3.7620196        1.0000000
  9.3000000      -0.59299580        1.4493958        2.4448020        3.8941978        1.0000000
  9.3500000      -0.59017253        1.5442688        2.5110402        4.0553091        1.0000000
  9.4000000      -0.57235303        1.6369561        2.6021770        4.2391331        1.0000000
  9.4500000      -0.54015967        1.7251164        2.7131500        4.4382665        1.0000000
  9.5000000      -0.49457556        1.8065506        2.8379114        4.6444621        1.0000000
  9.5500000      -0.43691527        1.8792564        2.9697568        4.8490132        1.0000000
  9.6000000      -0.36878745        1.9414772        3.1016854        5.0431627        1.0000000
  9.6500000      -0.29205020        1.9917449        3.2267719        5.2185168        1.0000000
  9.7000000      -0.20876064        2.0289136        3.3385297        5.3674432        1.0000000
  9.7500000      -0.12111983        2.0521859        3.4312469        5.4834327        1.0000000
  9.8000000      -0.31414753E-01    2.0611289        3.5002783        5.5614072        1.0000000
  9.8500000       0.58041378E-01    2.0556812        3.5422772        5.5979585        1.0000000
  9.9000000       0.14496868        2.0361505        3.5553561        5.5915066        1.0000000
  9.9500000       0.22717869        2.0032008        3.5391691        5.5423699        1.0000000
  10.000000       0.30262938        1.9578315        3.4949119        5.4527434        1.0000000
  10.050000       0.36947578        1.9013480        3.4252409        5.3265889        1.0000000
  10.100000       0.42611494        1.8353243        3.3341157        5.1694400        1.0000000
  10.150000       0.47122416        1.7615596        3.2265758        4.9881354        1.0000000
  10.200000       0.50379150        1.6820295        3.1084622        4.7904917        1.0000000
  10.250000       0.52313801        1.5988331        2.9861007        4.5849338        1.0000000
  10.300000       0.52893110        1.5141379        2.8659636        4.3801015        1.0000000
  10.350000       0.52118886        1.4301232        2.7543270        4.1844502        1.0000000
  10.400000       0.50027529        1.3489242        2.6569437        4.0058679        1.0000000
  10.450000       0.46688676        1.2725779        2.5787469        3.8513248        1.0000000
  10.500000       0.42203006        1.2029718        2.5236007        3.7265726        1.0000000
  10.550000       0.36699270        1.1417978        2.4941107        3.6359086        1.0000000
  10.600000       0.30330649        1.0905109        2.4915022        3.5820131        1.0000000
  10.650000       0.23270513        1.0502950        2.5155733        3.5658682        1.0000000
  10.700000       0.15707735        1.0220359        2.5647232        3.5867592        1.0000000
  10.750000       0.78416431E-01    1.0063027        2.6360547        3.6423575        1.0000000
  10.800000      -0.12321299E-02    1.0033368        2.7255423        3.7288790        1.0000000
  10.850000      -0.79823746E-01    1.0130498        2.8282585        3.8413084        1.0000000
  10.900000      -0.15536712        1.0350307        2.9386448        3.9736755        1.0000000
  10.950000      -0.22597460        1.0685598        3.0508113        4.1193711        1.0000000
  11.000000      -0.28990921        1.1126316        3.1588514        4.2714830        1.0000000
  11.050000      -0.34562722        1.1659840        3.2571520        4.4231360        1.0000000
  11.100000      -0.39181516        1.2271342        3.3406850        4.5678193        1.0000000
  11.150000      -0.42742053        1.2944196        3.4052641        4.6996837        1.0000000
  11.200000      -0.45167525        1.3660425        3.4477533        4.8137958        1.0000000
  11.250000      -0.46411165        1.4401183        3.4662181        4.9063364        1.0000000
  11.300000      -0.46457046        1.5147246        3.4600116        4.9747362        1.0000000
  11.350000      -0.45320075        1.5879514        3.4297904        5.0177418        1.0000000
  11.400000      -0.43045201        1.6579495        3.3774636        5.0354130        1.0000000
  11.450000      -0.39705855        1.7229771        3.3060748        5.0290519        1.0000000
  11.500000      -0.35401691        1.7814433        3.2196272        5.0010705        1.0000000
  11.550000      -0.30255668        1.8319465        3.1228600        4.9548065        1.0000000
  11.600000      -0.24410587        1.8733078        3.0209893        4.8942971        1.0000000
  11.650000      -0.18025160        1.9045982        2.9194275        4.8240257        1.0000000
  11.700000      -0.11269723        1.9251590        2.8234958        4.7486549        1.0000000
  11.750000      -0.43217098E-01    1.9346150        2.7381463        4.6727613        1.0000000
  11.800000       0.26389883E-01    1.9328800        2.6677065        4.6005865        1.0000000
  11.850000       0.94346700E-01    1.9201549        2.6156608        4.5358157        1.0000000
  11.900000       0.15894345        1.8969191        2.5844791        4.4813982        1.0000000
  11.950000       0.21858020        1.8639136        2.5755011        4.4394148        1.0000000
  12.000000       0.27180644        1.8221189        2.5888825        4.4110014        1.0000000
  12.050000       0.31735614        1.7727260        2.6236026        4.3963287        1.0000000
  12.100000       0.35417752        1.7171033        2.6775358        4.3946391        1.0000000
  12.150000       0.38145701        1.6567588        2.7475782        4.4043370        1.0000000
  12.200000       0.39863660        1.5932995        2.8298252        4.4231247        1.0000000
  12.250000       0.40542452        1.5283887        2.9197881        4.4481768        1.0000000
  12.300000       0.40179882        1.4637030        3.0126385        4.4763414        1.0000000
  12.350000       0.38800405        1.4008883        3.1034666        4.5043550        1.0000000
  12.400000       0.36454110        1.3415193        3.1875409        4.5290602        1.0000000
  12.450000       0.33215062        1.2870589        3.2605537        4.5476126        1.0000000
  12.500000       0.29179051        1.2388233        3.3188413        4.5576646        1.0000000
  12.550000       0.24460819        1.1979502        3.3595670        4.5575172        1.0000000
  12.600000       0.19190841        1.1653719        3.3808580        4.5462299        1.0000000
  12.650000       0.13511748        1.1417952        3.3818892        4.5236845        1.0000000
  12.700000       0.75744884E-01    1.1276861        3.3629110        4.4905971        1.0000000
  12.750000       0.15343431E-01    1.1232614        3.3252200        4.4484814        1.0000000
  12.800000      -0.44531224E-01    1.1284875        3.2710751        4.3995625        1.0000000
  12.850000      -0.10236045        1.1430844        3.2035642        4.3466486        1.0000000
  12.900000      -0.15670098        1.1665370        3.1264296        4.2929666        1.0000000
  12.950000      -0.20622075        1.1981118        3.0438613        4.2419731        1.0000000
  13.000000      -0.24973129        1.2368789        2.9602702        4.1971490        1.0000000
  13.050000      -0.28621599        1.2817388        2.8800527        4.1617914        1.0000000
  13.100000      -0.31485349        1.3314534        2.8073604        4.1388138        1.0000000
  13.150000      -0.33503567        1.3846798        2.7458856        4.1305655        1.0000000
  13.200000      -0.34637997        1.4400062        2.6986747        4.1386809        1.0000000
  13.250000      -0.34873564        1.4959891        2.6679780        4.1639671        1.0000000
  13.300000      -0.34218397        1.5511909        2.6551441        4.2063350        1.0000000
  13.350000      -0.32703261        1.6042166        2.6605635        4.2647801        1.0000000
  13.400000      -0.30380407        1.6537489        2.6836627        4.3374116        1.0000000
  13.450000      -0.27321899        1.6985806        2.7229501        4.4215307        1.0000000
  13.500000      -0.23617452        1.7376438        2.7761085        4.5137524        1.0000000
  13.550000      -0.19371852        1.7700351        2.8401305        4.6101656        1.0000000
  13.600000      -0.14702032        1.7950361        2.9114866        4.7065227        1.0000000
  13.650000      -0.97338852E-01    1.8121286        2.9863200        4.7984485        1.0000000
  13.700000      -0.45988918E-01    1.8210050        3.0606534        4.8816584        1.0000000
  13.750000       0.56933475E-02    1.8215727        3.1306008        4.9521734        1.0000000
  13.800000       0.56385057E-01    1.8139527        3.1925689        5.0065216        1.0000000
  13.850000       0.10481023        1.7984734        3.2434423        5.0419156        1.0000000
  13.900000       0.14977171        1.7756584        3.2807380        5.0563965        1.0000000
  13.950000       0.19018051        1.7462105        3.3027265        5.0489369        1.0000000
  14.000000       0.22508195        1.7109899        3.3085092        5.0194991        1.0000000
  14.050000       0.25367786        1.6709904        3.2980527        4.9690431        1.0000000
  14.100000       0.27534446        1.6273112        3.2721756        4.8994867        1.0000000
  14.150000       0.28964537        1.5811272        3.2324914        4.8136186        1.0000000
  14.200000       0.29633973        1.5336577        3.1813109        4.7149686        1.0000000
  14.250000       0.29538505        1.4861343        3.1215086        4.6076430        1.0000000
  14.300000       0.28693498        1.4397693        3.0563630        4.4961323        1.0000000
  14.350000       0.27133204        1.3957248        2.9893768        4.3851016        1.0000000
  14.400000       0.24909571        1.3550838        2.9240900        4.2791739        1.0000000
  14.450000       0.22090606        1.3188242        2.8638931        4.1827173        1.0000000
  14.500000       0.18758362        1.2877950        2.8118516        4.0996466       1.00000000
  14.550000       0.15006601        1.2626971        2.7705508        4.0332478       0.99931475
  14.600000       0.10938184        1.2440678        2.7419682        3.9860359       0.99726091
  14.650000       0.66622880E-01    1.2322699        2.7273804        3.9596502       0.99384412
  14.700000       0.22914981E-01    1.2274853        2.7273080        3.9547934       0.98907373
  14.750000      -0.20611344E-01    1.2297139        2.7415017        3.9712155       0.98296283
  14.800000      -0.62849939E-01    1.2387760        2.7689683        4.0077442       0.97552816
  14.850000      -0.10274691        1.2543207        2.8080363        4.0623571       0.96679010
  14.900000      -0.13932668        1.2758378        2.8564556        4.1322933       0.95677260
  14.950000      -0.17171560        1.3026732        2.9115251        4.2141983       0.94550312
  15.000000      -0.19916254        1.3340488        2.9702432        4.3042920       0.93301255
  15.050000      -0.22105591        1.3690842        3.0294702        4.3985544       0.91933512
  15.100000      -0.23693688        1.4068212        3.0860958        4.4929170       0.90450832
  15.150000      -0.24650838        1.4462497        3.1372016        4.5834513       0.88857280
  15.200000      -0.24963984        1.4863345        3.1802108        4.6665453       0.87157222
  15.250000      -0.24636754        1.5260423        3.2130175        4.7390598       0.85355320
  15.300000      -0.23689067        1.5643678        3.2340887        4.7984565       0.83456510
  15.350000      -0.22156329        1.6003596        3.2425340        4.8428937       0.81465999
  15.400000      -0.20088250        1.6331429        3.2381414        4.8712842       0.79389242
  15.450000      -0.17547306        1.6619408        3.2213752        4.8833160       0.77231931
  15.500000      -0.14606910        1.6860925        3.1933401        4.8794326       0.74999979
  15.550000      -0.11349335        1.7050680        3.1557111        4.8607790       0.72699504
  15.600000      -0.78634387E-01    1.7184790        3.1106351        4.8291140       0.70336811
  15.650000      -0.42422749E-01    1.7260868        3.0606096        4.7866964       0.67918376
  15.700000      -0.58062913E-02    1.7278051        3.0083456        4.7361507       0.65450829
  15.750000       0.30274385E-01    1.7236999        2.9566206        4.6803205       0.62940932
  15.800000       0.64909875E-01    1.7139844        2.9081323        4.6221167       0.60395564
  15.850000       0.97244674E-01    1.6990113        2.8653582        4.5643695       0.57821703
  15.900000       0.12649807        1.6792609        2.8304301        4.5096910       0.55226404
  15.950000       0.15198272        1.6553266        2.8050283        4.4603549       0.52616779
  16.000000       0.17312050        1.6278972        2.7903022        4.4181994       0.49999982
  16.050000       0.18945524        1.5977381        2.7868200        4.3845581       0.47383184
  16.100000       0.20066209        1.5656696        2.7945500        4.3602196       0.44773560
  16.150000       0.20655335        1.5325453        2.8128734        4.3454187       0.42178260
  16.200000       0.20708066        1.4992294        2.8406284        4.3398578       0.39604400
  16.250000       0.20233357        1.4665745        2.8761810        4.3427555       0.37059033
  16.300000       0.19253462        1.4353999        2.9175203        4.3529202       0.34549136
  16.350000       0.17803108        1.4064714        2.9623706        4.3688420       0.32081589
  16.400000       0.15928366        1.3804825        3.0083168        4.3887993       0.29663156
  16.450000       0.13685250        1.3580382        3.0529328        4.4109710       0.27300464
  16.500000       0.11138096        1.3396413        3.0939097        4.4335510       0.24999989
  16.550000       0.83577481E-01    1.3256815        3.1291741        4.4548556       0.22768039
  16.600000       0.54196190E-01    1.3164274        3.1569927        4.4734200       0.20610728
  16.650000       0.24016727E-01    1.3120221        3.1760562        4.4880783       0.18533972
  16.700000      -0.61762309E-02    1.3124823        3.1855400        4.4980223       0.16543462
  16.750000      -0.35613148E-01    1.3177000        3.1851373        4.5028373       0.14644654
  16.800000      -0.63559028E-01    1.3274478        3.1750656        4.5025134       0.12842753
  16.850000      -0.89331545E-01    1.3413872        3.1560445        4.4974317       0.11142697
  16.900000      -0.11231746        1.3590793        3.1292481        4.4883274       0.95491460E-01
  16.950000      -0.13198694        1.3799983        3.0962343        4.4762326       0.80664679E-01
  17.000000      -0.14790545        1.4035464        3.0588555        4.4624018       0.66987268E-01
  17.050000      -0.15974298        1.4290706        3.0191554        4.4482260       0.54496713E-01
  17.100000      -0.16728037        1.4558809        2.9792582        4.4351390       0.43227251E-01
  17.150000      -0.17041271        1.4832680        2.9412553        4.4245233       0.33209771E-01
  17.200000      -0.16914969        1.5105226        2.9070967        4.4176193       0.24471731E-01
  17.250000      -0.16361304        1.5369529        2.8784911        4.4154440       0.17037079E-01
  17.300000      -0.15403115        1.5619025        2.8568215        4.4187240       0.10926195E-01
  17.350000      -0.14073103        1.5847661        2.8430796        4.4278456       0.61558268E-02
  17.400000      -0.12412794        1.6050040        2.8378211        4.4428251       0.27390510E-02
  17.450000      -0.10471292        1.6221548        2.8411462        4.4633011       0.68523230E-03
  17.500000      -0.83038725E-01    1.6358454        2.8527036        4.4885490       0.10693949E-25
  17.550000      -0.59704345E-01    1.6457987        2.8717177        4.5175164        0.0000000
  17.600000      -0.35338749E-01    1.6518388        2.8970389        4.5488777        0.0000000
  17.650000      -0.10584163E-01    1.6538935        2.9272109        4.5811044        0.0000000
  17.700000       0.13920647E-01    1.6519936        2.9605541        4.6125477        0.0000000
  17.750000       0.37556650E-01    1.6462706        2.9952575        4.6415281        0.0000000
  17.800000       0.59739978E-01    1.6369504        3.0294775        4.6664279        0.0000000
  17.850000       0.79936130E-01    1.6243465        3.0614340        4.6857805        0.0000000
  17.900000       0.97672618E-01    1.6088493        3.0895035        4.6983528        0.0000000
  17.950000       0.11254974        1.5909149        3.1123001        4.7032150        0.0000000
  18.000000       0.12424930        1.5710520        3.1287436        4.6997957        0.0000000
  18.050000       0.13254097        1.5498077        3.1381095        4.6879172        0.0000000
  18.100000       0.13728636        1.5277527        3.1400592        4.6678119        0.0000000
  18.150000       0.13844060        1.5054663        3.1346497        4.6401160        0.0000000
  18.200000       0.13605146        1.4835210        3.1223223        4.6058433        0.0000000
  18.250000       0.13025614        1.4624687        3.1038708        4.5663395        0.0000000
  18.300000       0.12127589        1.4428263        3.0803927        4.5232190        0.0000000
  18.350000       0.10940847        1.4250635        3.0532248        4.4782884        0.0000000
  18.400000       0.95018899E-01    1.4095922        3.0238682        4.4334604        0.0000000
  18.450000       0.78528686E-01    1.3967564        2.9939058        4.3906622        0.0000000
  18.500000       0.60403773E-01    1.3868256        2.9649179        4.3517435        0.0000000
  18.550000       0.41141662E-01    1.3799890        2.9383990        4.3183880        0.0000000
  18.600000       0.21257994E-01    1.3763530        2.9156816        4.2920347        0.0000000
  18.650000       0.12729551E-02    1.3759397        2.8978700        4.2738097        0.0000000
  18.700000      -0.18302138E-01    1.3786884        2.8857873        4.2644757        0.0000000
  18.750000      -0.36977724E-01    1.3844592        2.8799383        4.2643975        0.0000000
  18.800000      -0.54298046E-01    1.3930379        2.8804906        4.2735285        0.0000000
  18.850000      -0.69852065E-01    1.4041436        2.8872726        4.2914162        0.0000000
  18.900000      -0.83282989E-01    1.4174370        2.8997907        4.3172278        0.0000000
  18.950000      -0.94296189E-01    1.4325306        2.9172620        4.3497926        0.0000000
  19.000000      -0.10266536        1.4489994        2.9386618        4.3876611        0.0000000
  19.050000      -0.10823677        1.4663931        2.9627827        4.4291757        0.0000000
  19.100000      -0.11093158        1.4842477        2.9883021        4.4725499        0.0000000
  19.150000      -0.11074617        1.5020981        3.0138543        4.5159525        0.0000000
  19.200000      -0.10775054        1.5194897        3.0381024        4.5575921        0.0000000
  19.250000      -0.10208484        1.5359898        3.0598084        4.5957983        0.0000000
  19.300000      -0.93954218E-01    1.5511986        3.0778954        4.6290939        0.0000000
  19.350000      -0.83622060E-01    1.5647580        3.0915003        4.6562583        0.0000000
  19.400000      -0.71401958E-01    1.5763605        3.1000148        4.6763753        0.0000000
  19.450000      -0.57648515E-01    1.5857555        3.1031105        4.6888660        0.0000000
  19.500000      -0.42747342E-01    1.5927544        3.1007503        4.6935048        0.0000000
  19.550000      -0.27104477E-01    1.5972343        3.0931837        4.6904181        0.0000000
  19.600000      -0.11135521E-01    1.5991394        3.0809267        4.6800661        0.0000000
  19.650000       0.47452113E-02    1.5984807        3.0647289        4.6632096        0.0000000
  19.700000       0.20135268E-01    1.5953348        3.0455286        4.6408634        0.0000000
  19.750000       0.34654081E-01    1.5898396        3.0243997        4.6142393        0.0000000
  19.800000       0.47952195E-01    1.5821901        3.0024916        4.5846816        0.0000000
  19.850000       0.59719485E-01    1.5726315        2.9809677        4.5535993        0.0000000
  19.900000       0.69692174E-01    1.5614522        2.9609443        4.5223965        0.0000000
  19.950000       0.77658492E-01    1.5489751        2.9434325        4.4924076        0.0000000
  20.000000       0.83462879E-01    1.5355485        2.9292884        4.4648369        0.0000000
