# data from ifeffit
#------------------------
#   r         chirx0      chirx2      chirx4      chirx6
  0.0000000       0.16249438       0.78116622        1.5069103        2.2555503
  0.30679616E-01   0.16269453       0.78127609        1.5073128        2.2556442
  0.61359232E-01   0.16323042       0.78164640        1.5083519        2.2558949
  0.92038847E-01   0.16396739       0.78237162        1.5097297        2.2562314
  0.12271846       0.16482639       0.78353196        1.5112731        2.2565894
  0.15339808       0.16586579       0.78512768        1.5129717        2.2569483
  0.18407769       0.16724013       0.78706681        1.5149013        2.2573468
  0.21475731       0.16905541       0.78922531        1.5171181        2.2578758
  0.24543693       0.17123580       0.79154991        1.5195825        2.2586426
  0.27611654       0.17353024       0.79414507        1.5221486        2.2597167
  0.30679616       0.17569152       0.79728151        1.5246149        2.2610923
  0.33747577       0.17772666       0.80128609        1.5268044        2.2626909
  0.36815539       0.18004558       0.80634671        1.5286476        2.2643911
  0.39883500       0.18336453       0.81235741        1.5302503        2.2660599
  0.42951462       0.18835263       0.81891992        1.5319185        2.2675792
  0.46019424       0.19520989       0.82549824        1.5340962        2.2688661
  0.49087385       0.20348361       0.83163662        1.5371940        2.2698934
  0.52155347       0.21228654       0.83715530        1.5413844        2.2707084
  0.55223308       0.22077999       0.84226074        1.5465193        2.2714461
  0.58291270       0.22862604       0.84750990        1.5522222        2.2723242
  0.61359232       0.23616512       0.85358946        1.5580664        2.2736026
  0.64427193       0.24421514       0.86097070        1.5637445        2.2755023
  0.67495155       0.25356623       0.86964028        1.5691919        2.2781194
  0.70563116       0.26445227       0.87911015        1.5746537        2.2813883
  0.73631078       0.27636664       0.88872100        1.5806608        2.2851103
  0.76699039       0.28839303       0.89807797        1.5878843        2.2890136
  0.79767001       0.29988211       0.90743133        1.5968840        2.2928084
  0.82834963       0.31111403       0.91783757        1.6078650        2.2962280
  0.85902924       0.32359290       0.93094574        1.6205790        2.2990595
  0.88970886       0.33971452       0.94836978        1.6344056        2.3011716
  0.92038847       0.36179407       0.97092938        1.6485372        2.3025419
  0.95106809       0.39091257       0.99826377        1.6621774        2.3032828
  0.98174770       0.42634600        1.0290408        1.6747069        2.3036626
  1.0124273       0.46593477        1.0615192        1.6858042        2.3041033
  1.0431069       0.50702439        1.0941185        1.6955115        2.3051336
  1.0737866       0.54737838        1.1258164        1.7042314        2.3072723
  1.1044662       0.58571686        1.1563249        1.7126395        2.3108703
  1.1351458       0.62180282        1.1860376        1.7215091        2.3159959
  1.1658254       0.65613736        1.2157673        1.7314841        2.3224406
  1.1965050       0.68941432        1.2463464        1.7428761        2.3298266
  1.2271846       0.72196104        1.2782313        1.7555735        2.3377371
  1.2578642       0.75340197        1.3112717        1.7691013        2.3458162
  1.2885439       0.78267620        1.3447341        1.7827956        2.3538326
  1.3192235       0.80836290        1.3775479        1.7960173        2.3617138
  1.3499031       0.82913239        1.4086485        1.8083290        2.3695583
  1.3805827       0.84411529        1.4372691        1.8195907        2.3776207
  1.4112623       0.85304993        1.4630768        1.8299538        2.3862666
  1.4419419       0.85617258        1.4861071        1.8397562        2.3958948
  1.4726216       0.85391570        1.5065226        1.8493445        2.4068419
  1.5033012       0.84655091        1.5242827        1.8588733        2.4192908
  1.5339808       0.83393374        1.5388481        1.8681515        2.4332144
  1.5646604       0.81546111        1.5490402        1.8765899        2.4483653
  1.5953400       0.79025477        1.5531108        1.8832693        2.4643095
  1.6260196       0.75748565        1.5490019        1.8871016        2.4804841
  1.6566993       0.71670508        1.5347101        1.8870325        2.4962639
  1.6873789       0.66806550        1.5086560        1.8822359        2.5110228
  1.7180585       0.61237058        1.4699821        1.8722692        2.5241857
  1.7487381       0.55095907        1.4187420        1.8571746        2.5352696
  1.7794177       0.48547768        1.3559783        1.8375316        2.5439133
  1.8100973       0.41762816        1.2837259        1.8144664        2.5498959
  1.8407769       0.34898835        1.2050167        1.7896290        2.5531455
  1.8714566       0.28102271        1.1240414        1.7651360        2.5537369
  1.9021362       0.21548037        1.0468072        1.7434388        2.5518811
  1.9328158       0.15579852       0.98287158        1.7270290        2.5479077
  1.9634954       0.11162645       0.94716531        1.7178923        2.5422430
  1.9941750       0.10441309       0.95203042        1.7168492        2.5353908
  2.0248546       0.13934884       0.98993151        1.7232671        2.5279184
  2.0555343       0.19401699        1.0431507        1.7354840        2.5204571
  2.0862139       0.25483501        1.1001148        1.7516107        2.5137152
  2.1168935       0.31688416        1.1555395        1.7701600        2.5085025
  2.1475731       0.37823657        1.2074553        1.7903313        2.5057438
  2.1782527       0.43831089        1.2557214        1.8120740        2.5064565
  2.2089323       0.49755980        1.3014575        1.8360440        2.5116576
  2.2396120       0.55745238        1.3467805        1.8634750        2.5222015
  2.2702916       0.62035853        1.3945088        1.8959302        2.5385968
  2.3009712       0.68912117        1.4476527        1.9349288        2.5608836
  2.3316508       0.76627077        1.5086833        1.9815202        2.5886229
  2.3623304       0.85307269        1.5787653        2.0359386        2.6209788
  2.3930100       0.94876354        1.6572362        2.0974419        2.6568379
  2.4236896        1.0502692        1.7415163        2.1643508        2.6949203
  2.4543693        1.1524554        1.8274195        2.2342240        2.7338643
  2.4850489        1.2487599        1.9097049        2.3040978        2.7722899
  2.5157285        1.3320021        1.9827003        2.3707388        2.8088491
  2.5464081        1.3952168        2.0408983        2.4308866        2.8422691
  2.5770877        1.4324150        2.0794748        2.4814765        2.8713916
  2.6077673        1.4392131        2.0947100        2.5198374        2.8952095
  2.6384470        1.4132885        2.0842962        2.5438578        2.9128987
  2.6691266        1.3546309        2.0475221        2.5521126        2.9238454
  2.6998062        1.2655780        1.9853249        2.5439460        2.9276660
  2.7304858        1.1506398        1.9002108        2.5195048        2.9242196
  2.7611654        1.0161403        1.7960534        2.4797217        2.9136121
  2.7918450       0.86972698        1.6777891        2.4262491        2.8961910
  2.8225246       0.71982474        1.5510414        2.3613501        2.8725322
  2.8532043       0.57513353        1.4217091        2.2877527        2.8434176
  2.8838839       0.44429202        1.2955690        2.2084786        2.8098063
  2.9145635       0.33576589        1.1779434        2.1266568        2.7727973
  2.9452431       0.25745391        1.0735074        2.0453340        2.7335876
  2.9759227       0.21374575       0.98632697        1.9672915        2.6934222
  3.0066023       0.19923359       0.92017812        1.8948770        2.6535389
  3.0372820       0.19968503       0.87851875        1.8298591        2.6151038
  3.0679616       0.20276336       0.86151705        1.7733120        2.5791378
  3.0986412       0.20275019       0.86162596        1.7255486        2.5464351
  3.1293208       0.19842221       0.86851585        1.6861334        2.5174815
  3.1600004       0.19035878       0.87617307        1.6540184        2.4923903
  3.1906800       0.17937524       0.88248163        1.6278133        2.4708878
  3.2213597       0.16591441       0.88685421        1.6061297        2.4523703
  3.2520393       0.15007864       0.88899762        1.5878714        2.4360351
  3.2827189       0.13197465       0.88860781        1.5723643        2.4210512
  3.3133985       0.11206691       0.88548541        1.5593166        2.4067221
  3.3440781       0.91354923E-01   0.87975065        1.5486878        2.3926061
  3.3747577       0.71334633E-01   0.87200821        1.5405852        2.3785891
  3.4054373       0.53799986E-01   0.86341753        1.5352930        2.3649264
  3.4361170       0.40587170E-01   0.85564313        1.5333615        2.3522733
  3.4667966       0.33377112E-01   0.85059536        1.5353573        2.3416888
  3.4974762       0.33478502E-01   0.84984769        1.5412261        2.3345134
  3.5281558       0.41301517E-01   0.85393016        1.5501707        2.3319355
  3.5588354       0.56199355E-01   0.86213775        1.5611081        2.3343067
  3.5895150       0.76874541E-01   0.87305223        1.5729723        2.3408566
  3.6201947       0.10154678       0.88516467        1.5847857        2.3501805
  3.6508743       0.12804605       0.89715584        1.5956839        2.3608984
  3.6815539       0.15400044       0.90791453        1.6049491        2.3719555
  3.7122335       0.17706575       0.91648553        1.6120517        2.3826379
  3.7429131       0.19514306       0.92204090        1.6166870        2.3924984
  3.7735927       0.20655410       0.92389081        1.6188044        2.4012820
  3.8042724       0.21015797       0.92152024        1.6186264        2.4088700
  3.8349520       0.20540331       0.91463387        1.6166577        2.4152394
  3.8656316       0.19232036       0.90319851        1.6136826        2.4204332
  3.8963112       0.17146704       0.88748822        1.6107323        2.4245367
  3.9269908       0.14385635       0.86816507        1.6089869        2.4276587
  3.9576704       0.11092576       0.84650330        1.6095695        2.4299161
  3.9883500       0.74786169E-01   0.82509141        1.6132593        2.4314214
  4.0190297       0.40596123E-01   0.80973691        1.6202698        2.4322726
  4.0497093       0.34015713E-01   0.81002554        1.6302566        2.4325471
  4.0803889       0.66019524E-01   0.82787561        1.6425247        2.4322978
  4.1110685       0.10517339       0.85518967        1.6562659        2.4315532
  4.1417481       0.14392170       0.88598898        1.6707095        2.4303210
  4.1724277       0.18028180       0.91740107        1.6851839        2.4285934
  4.2031074       0.21323232       0.94784263        1.6991293        2.4263561
  4.2337870       0.24213634       0.97626307        1.7120942        2.4235972
  4.2644666       0.26662556        1.0019005        1.7237326        2.4203182
  4.2951462       0.28656798        1.0242095        1.7338040        2.4165431
  4.3258258       0.30205146        1.0428474        1.7421777        2.4123277
  4.3565054       0.31336454        1.0576756        1.7488372        2.4077667
  4.3871851       0.32096848        1.0687607        1.7538812        2.4029978
  4.4178647       0.32545841        1.0763619        1.7575190        2.3982021
  4.4485443       0.32751360        1.0809019        1.7600557        2.3935989
  4.4792239       0.32783785        1.0829160        1.7618651        2.3894320
  4.5099035       0.32709232        1.0829834        1.7633503        2.3859473
  4.5405831       0.32582517        1.0816459        1.7648919        2.3833597
  4.5712627       0.32440592        1.0793277        1.7667921        2.3818160
  4.6019424       0.32297588        1.0762733        1.7692231        2.3813604
  4.6326220       0.32142713        1.0725202        1.7721936        2.3819155
  4.6633016       0.31941889        1.0679157        1.7755397        2.3832837
  4.6939812       0.31643265        1.0621750        1.7789457        2.3851718
  4.7246608       0.31185832        1.0549668        1.7819864        2.3872265
  4.7553404       0.30509747        1.0460055        1.7841826        2.3890741
  4.7860201       0.29566790        1.0351319        1.7850574        2.3903544
  4.8166997       0.28329560        1.0223682        1.7841863        2.3907468
  4.8473793       0.26798337        1.0079406        1.7812368        2.3899867
  4.8780589       0.25004892       0.99226599        1.7759950        2.3878763
  4.9087385       0.23012782       0.97590776        1.7683816        2.3842881
  4.9394181       0.20913813       0.95950228        1.7584578        2.3791647
  4.9700978       0.18820299       0.94366863        1.7464246        2.3725145
  5.0007774       0.16852539       0.92891682        1.7326171        2.3644043
  5.0314570       0.15121181       0.91557977        1.7174983        2.3549498
  5.0621366       0.13706212       0.90379747        1.7016545        2.3443036
  5.0928162       0.12639814       0.89357303        1.6857947        2.3326433
  5.1234958       0.11905770       0.88489623        1.6707515        2.3201600
  5.1541754       0.11463284       0.87790040        1.6574730        2.3070498
  5.1848551       0.11285661       0.87299259        1.6469737        2.2935131
  5.2155347       0.11390286       0.87087841        1.6402033        2.2797799
  5.2462143       0.11839169       0.87240446        1.6378196        2.2662948
  5.2768939       0.12705533       0.87822473        1.6399572        2.2566057
  5.3075735       0.14025748       0.88846882        1.6461624        2.2648565
  5.3382531       0.15769522       0.90264262        1.6555566        2.2779732
  5.3689328       0.17842772       0.91978119        1.6670902        2.2912418
  5.3996124       0.20108930       0.93867653        1.6797309        2.3041580
  5.4302920       0.22410361       0.95804403        1.6925424        2.3164871
  5.4609716       0.24583765       0.97661406        1.7046967        2.3280285
  5.4916512       0.26471457       0.99318562        1.7154626        2.3385828
  5.5223308       0.27931179        1.0066717        1.7241979        2.3479496
  5.5530105       0.28845572        1.0161479        1.7303503        2.3559342
  5.5836901       0.29131003        1.0209025        1.7334692        2.3623580
  5.6143697       0.28744807        1.0204828        1.7332219        2.3670701
  5.6450493       0.27689801        1.0147302        1.7294124        2.3699584
  5.6757289       0.26015183        1.0037966        1.7219986        2.3709589
  5.7064085       0.23813298       0.98814053        1.7111042        2.3700629
  5.7370881       0.21212354       0.96850137        1.6970257        2.3673209
  5.7677678       0.18365679       0.94585654        1.6802336        2.3628437
  5.7984474       0.15438734       0.92136864        1.6613693        2.3567991
  5.8291270       0.12595591       0.89633495        1.6412429        2.3494067
  5.8598066       0.99871977E-01   0.87215420        1.6208392        2.3409292
  5.8904862       0.77443635E-01   0.85032160        1.6013404        2.3316612
  5.9211658       0.59778837E-01   0.83242446        1.5841609        2.3219180
  5.9518455       0.47805418E-01   0.81997301        1.5709065        2.3120215
  5.9825251       0.42021208E-01   0.81375117        1.5629749        2.3022882
  6.0132047       0.41823392E-01   0.81295869        1.5605977        2.2930167
  6.0438843       0.45501786E-01   0.81547302        1.5622927        2.2844771
  6.0745639       0.51279469E-01   0.81915653        1.5658071        2.2769022
  6.1052435       0.57882706E-01   0.82261492        1.5693348        2.2704792
  6.1359232       0.64450677E-01   0.82517414        1.5718665        2.2653375
  6.1666028       0.70405042E-01   0.82664980        1.5730405        2.2615196
  6.1972824       0.75431210E-01   0.82716881        1.5729337        2.2589243
  6.2279620       0.79493500E-01   0.82705502        1.5719012        2.2572675
  6.2586416       0.82810258E-01   0.82673661        1.5704431        2.2561901
  6.2893212       0.85753978E-01   0.82664137        1.5690751        2.2555055
  6.3200008       0.88684004E-01   0.82707578        1.5681960        2.2553524
  6.3506805       0.91768448E-01   0.82812121        1.5679826        2.2560010
  6.3813601       0.94880175E-01   0.82959849        1.5683556        2.2574348
  6.4120397       0.97619633E-01   0.83112256        1.5690353        2.2593576
  6.4427193       0.99442308E-01   0.83221684        1.5696517        2.2614578
  6.4733989       0.99819897E-01   0.83243401        1.5698539        2.2634969
  6.5040785       0.98372842E-01   0.83144624        1.5693829        2.2653021
  6.5347582       0.94946416E-01   0.82909386        1.5681042        2.2667556
  6.5654378       0.89628902E-01   0.82539628        1.5660105        2.2677891
  6.5961174       0.82721444E-01   0.82053273        1.5632042        2.2683827
  6.6267970       0.74671876E-01   0.81479967        1.5598700        2.2685632
  6.6574766       0.65985773E-01   0.80855167        1.5562394        2.2684013
  6.6881562       0.57130264E-01   0.80213397        1.5525523        2.2680052
  6.7188359       0.48450386E-01   0.79581871        1.5490170        2.2675075
  6.7495155       0.40121346E-01   0.78976159        1.5457767        2.2670445
  6.7801951       0.32155778E-01   0.78399595        1.5428894        2.2667263
  6.8108747       0.24466411E-01   0.77847180        1.5403298        2.2666072
  6.8415543       0.16957775E-01   0.77312989        1.5380136        2.2666701
  6.8722339       0.96061894E-02   0.76799192        1.5358356        2.2668377
  6.9029135       0.25089364E-02   0.76327026        1.5337081        2.2670034
  6.9335932       0.42427968E-02   0.75956866        1.5315870        2.2670678
  6.9642728       0.10315330E-01   0.75808224        1.5294847        2.2669687
  6.9949524       0.15585256E-01   0.75931970        1.5274696        2.2667024
  7.0256320       0.19960151E-01   0.76191448        1.5256567        2.2663388
  7.0563116       0.23503064E-01   0.76475246        1.5241918        2.2660280
  7.0869912       0.26441909E-01   0.76753456        1.5232272        2.2659867
  7.1176709       0.29123357E-01   0.77036072        1.5228905        2.2664458
  7.1483505       0.31899064E-01   0.77346305        1.5232535        2.2675606
  7.1790301       0.34981773E-01   0.77702017        1.5243153        2.2693416
  7.2097097       0.38353940E-01   0.78104078        1.5260106        2.2716636
  7.2403893       0.41784187E-01   0.78534678        1.5282312        2.2743293
  7.2710689       0.44924663E-01   0.78963318        1.5308470        2.2771283
  7.3017486       0.47423660E-01   0.79355139        1.5337173        2.2798682
  7.3324282       0.49011851E-01   0.79678106        1.5366958        2.2823855
  7.3631078       0.49553344E-01   0.79908074        1.5396339        2.2845486
  7.3937874       0.49066514E-01   0.80031887        1.5423860        2.2862585
  7.4244670       0.47720326E-01   0.80048740        1.5448164        2.2874484
  7.4551466       0.45808733E-01   0.79969984        1.5468079        2.2880835
  7.4858262       0.43702708E-01   0.79817444        1.5482701        2.2881599
  7.5165059       0.41779392E-01   0.79620291        1.5491467        2.2877026
  7.5471855       0.40336536E-01   0.79410593        1.5494203        2.2867631
  7.5778651       0.39519713E-01   0.79217935        1.5491139        2.2854146
  7.6085447       0.39301735E-01   0.79064157        1.5482885        2.2837473
  7.6392243       0.39529607E-01   0.78959944        1.5470354        2.2818610
  7.6699039       0.40006798E-01   0.78904758        1.5454640        2.2798566
  7.7005836       0.40560416E-01   0.78889929        1.5436845        2.2778270
  7.7312632       0.41067383E-01   0.78902785        1.5417891        2.2758472
  7.7619428       0.41445045E-01   0.78929533        1.5398348        2.2739651
  7.7926224       0.41625922E-01   0.78956167        1.5378330        2.2721976
  7.8233020       0.41535799E-01   0.78968276        1.5357516        2.2705308
  7.8539816       0.41087385E-01   0.78951176        1.5335295        2.2689279
  7.8846612       0.40193015E-01   0.78891286        1.5311014        2.2673419
  7.9153409       0.38792912E-01   0.78778881        1.5284275        2.2657302
  7.9460205       0.36892412E-01   0.78611790        1.5255251        2.2640678
  7.9767001       0.34601862E-01   0.78399442        1.5225009        2.2623583
  8.0073797       0.32172159E-01   0.78166479        1.5195866        2.2606423
  8.0380593       0.30008936E-01   0.77954176        1.5171713        2.2590068
  8.0687389       0.28621519E-01   0.77815154        1.5157637        2.2575959
  8.0994186       0.28449800E-01   0.77795385        1.5157490        2.2566077
  8.1300982       0.29620081E-01   0.77908577        1.5170492        2.2562243
  8.1607778       0.31858631E-01   0.78127048        1.5191762        2.2564598
  8.1914574       0.34664844E-01   0.78399991        1.5215974        2.2571230
  8.2221370       0.37545778E-01   0.78677984        1.5239374        2.2579797
  8.2528166       0.40146300E-01   0.78926225        1.5259938        2.2588765
  8.2834963       0.42281986E-01   0.79127540        1.5277037        2.2597558
  8.3141759       0.43922813E-01   0.79280378        1.5291109        2.2606328
  8.3448555       0.45149802E-01   0.79394234        1.5303310        2.2615700
  8.3755351       0.46091293E-01   0.79483228        1.5315099        2.2626472
  8.4062147       0.46849103E-01   0.79558868        1.5327741        2.2639309
  8.4368943       0.47435890E-01   0.79623946        1.5341850        2.2654484
  8.4675739       0.47748492E-01   0.79669889        1.5357141        2.2671785
  8.4982536       0.47588510E-01   0.79678525        1.5372473        2.2690568
  8.5289332       0.46719239E-01   0.79627201        1.5386140        2.2709903
  8.5596128       0.44935207E-01   0.79495020        1.5396251        2.2728730
  8.5902924       0.42123611E-01   0.79268284        1.5401074        2.2745980
  8.6209720       0.38308234E-01   0.78944283        1.5399280        2.2760675
  8.6516516       0.33677036E-01   0.78533487        1.5390090        2.2771985
  8.6823313       0.28602267E-01   0.78060791        1.5373325        2.2779282
  8.7130109       0.23664212E-01   0.77566844        1.5349393        2.2782163
  8.7436905       0.19659696E-01   0.77110261        1.5319232        2.2780469
  8.7743701       0.17426402E-01   0.76766909        1.5284219        2.2774289
  8.8050497       0.17224195E-01   0.76605652        1.5246088        2.2763960
  8.8357293       0.18316768E-01   0.76626718        1.5206877        2.2750054
  8.8664090       0.19615694E-01   0.76746557        1.5168966        2.2733366
  8.8970886       0.20347024E-01   0.76869165        1.5135304        2.2714896
  8.9277682       0.20133175E-01   0.76932388        1.5109777        2.2695833
  8.9584478       0.18887436E-01   0.76907346        1.5096822        2.2677521
  8.9891274       0.16734898E-01   0.76788711        1.5098186        2.2661393
  9.0198070       0.13988301E-01   0.76588999        1.5110144        2.2648798
  9.0504866       0.11201718E-01   0.76338308        1.5127124        2.2640708
  9.0811663       0.93132293E-02   0.76091933        1.5145369        2.2637363
  9.1118459       0.93951545E-02   0.75943891        1.5162967        2.2638141
  9.1425255       0.11383167E-01   0.75990981        1.5179001        2.2641800
  9.1732051       0.14228699E-01   0.76216047        1.5192990        2.2646924
  9.2038847       0.17149270E-01   0.76522199        1.5204622        2.2652277
  9.2345643       0.19760627E-01   0.76837280        1.5213637        2.2656939
  9.2652440       0.21889489E-01   0.77122080        1.5219802        2.2660310
  9.2959236       0.23470222E-01   0.77355383        1.5222915        2.2662056
  9.3266032       0.24496272E-01   0.77525934        1.5222836        2.2662045
  9.3572828       0.24993460E-01   0.77628903        1.5219513        2.2660297
  9.3879624       0.25003411E-01   0.77664110        1.5213000        2.2656944
  9.4186420       0.24573445E-01   0.77634928        1.5203475        2.2652199
  9.4493217       0.23751380E-01   0.77547435        1.5191231        2.2646336
  9.4800013       0.22583891E-01   0.77409641        1.5176664        2.2639667
  9.5106809       0.21116682E-01   0.77230708        1.5160238        2.2632530
  9.5413605       0.19394660E-01   0.77020135        1.5142445        2.2625267
  9.5720401       0.17460841E-01   0.76786928        1.5123751        2.2618215
  9.6027197       0.15353976E-01   0.76538899        1.5104546        2.2611681
  9.6333993       0.13106990E-01   0.76282382        1.5085112        2.2605934
  9.6640790       0.10751758E-01   0.76022988        1.5065649        2.2601193
  9.6947586       0.83439220E-02   0.75769142        1.5046442        2.2597618
  9.7254382       0.60543331E-02   0.75544795        1.5028693        2.2595314
  9.7561178       0.44891438E-02   0.75427939        1.5019348        2.2594337
  9.7867974       0.49062742E-02   0.75524025        1.5030012        2.2594690
  9.8174770       0.72182647E-02   0.75769243        1.5049931        2.2596322
  9.8481567       0.10311446E-01   0.76067953        1.5072104        2.2599123
  9.8788363       0.13624917E-01   0.76378527        1.5094725        2.2602912
  9.9095159       0.16868324E-01   0.76677870        1.5116777        2.2607439
  9.9401955       0.19820361E-01   0.76947574        1.5137354        2.2612393
  9.9708751       0.22287032E-01   0.77171265        1.5155587        2.2617423
