# data from ifeffit
#------------------------
#   r         chir_h0      chir_h2      chir_h4      chir_h6
  0.0000000       0.10607408       0.54049684        1.0074361        1.5117636
  0.30679616E-01   0.10754351       0.54102332        1.0074030        1.5119238
  0.61359232E-01   0.11124016       0.54243033        1.0073867        1.5123776
  0.92038847E-01   0.11548899       0.54430463        1.0076010        1.5130446
  0.12271846       0.11856742       0.54621354        1.0082639        1.5138011
  0.15339808       0.11941134       0.54789868        1.0094378        1.5145118
  0.18407769       0.11794818       0.54938188        1.0110112        1.5150761
  0.21475731       0.11514456       0.55097488        1.0128307        1.5154655
  0.24543693       0.11276076       0.55317504        1.0148296        1.5157342
  0.27611654       0.11268535       0.55644275        1.0170834        1.5159967
  0.30679616       0.11594208       0.56094997        1.0197813        1.5163917
  0.33747577       0.12204550       0.56646662        1.0231168        1.5170671
  0.36815539       0.12932938       0.57245822        1.0271522        1.5181980
  0.39883500       0.13587771       0.57830444        1.0317510        1.5199927
  0.42951462       0.14031583       0.58351565        1.0366177        1.5226172
  0.46019424       0.14221827       0.58788981        1.0414099        1.5260669
  0.49087385       0.14221156       0.59159026        1.0458761        1.5301068
  0.52155347       0.14180135       0.59511953        1.0499828        1.5343459
  0.55223308       0.14284630       0.59915860        1.0539900        1.5384017
  0.58291270       0.14670811       0.60428789        1.0584144        1.5420871
  0.61359232       0.15350529       0.61070948        1.0638323        1.5455602
  0.64427193       0.16206480       0.61814629        1.0705897        1.5493513
  0.67495155       0.17059701       0.62599381        1.0786152        1.5541717
  0.70563116       0.17755750       0.63363734        1.0874923        1.5605423
  0.73631078       0.18229095       0.64079109        1.0967477        1.5685280
  0.76699039       0.18537590       0.64775004        1.1062010        1.5778496
  0.79767001       0.18864229       0.65546621        1.1162337        1.5882947
  0.82834963       0.19471696       0.66535409        1.1278431        1.6001340
  0.85902924       0.20601002       0.67880036        1.1423642        1.6142672
  0.88970886       0.22356717       0.69657275        1.1608985        1.6319345
  0.92038847       0.24664693       0.71849312        1.1837668        1.6540775
  0.95106809       0.27330082       0.74356369        1.2103439        1.6807605
  0.98174770       0.30134194       0.77038941        1.2393171        1.7110402
  1.0124273       0.32908980       0.79763106        1.2691377        1.7432806
  1.0431069       0.35573745       0.82434039        1.2984571        1.7756654
  1.0737866       0.38140054       0.85013858        1.3264491        1.8067032
  1.1044662       0.40691037       0.87523305        1.3529753        1.8356122
  1.1351458       0.43340834       0.90027511        1.3785589        1.8625015
  1.1658254       0.46185281       0.92608609        1.4041501        1.8882710
  1.1965050       0.49261327       0.95332818        1.4307312        1.9142104
  1.2271846       0.52531379       0.98223645        1.4588943        1.9413990
  1.2578642       0.55897327        1.0125169        1.4885709        1.9701625
  1.2885439       0.59235160        1.0434431        1.5190315        1.9998605
  1.3192235       0.62434399        1.0740968        1.5491411        2.0291073
  1.3499031       0.65428195        1.1036448        1.5777356        2.0562890
  1.3805827       0.68205347        1.1315496        1.6039603        2.0801210
  1.4112623       0.70801022        1.1576402        1.6274480        2.1000228
  1.4419419       0.73268513        1.1820190        1.6482841        2.1161870
  1.4726216       0.75640146        1.2048273        1.6667685        2.1293226
  1.5033012       0.77890238        1.2259449        1.6830595        2.1401638
  1.5339808       0.79913493        1.2447282        1.6968294        2.1489304
  1.5646604       0.81526749        1.2598881        1.7070710        2.1549690
  1.5953400       0.82493037        1.2695578        1.7121339        2.1567344
  1.6260196       0.82559547        1.2715328        1.7099756        2.1521084
  1.6566993       0.81498858        1.2636129        1.6985382        2.1389079
  1.6873789       0.79144792        1.2439611        1.6761355        2.1153907
  1.7180585       0.75418139        1.2114127        1.6417619        2.0806193
  1.7487381       0.70341064        1.1656930        1.5952771        2.0346243
  1.7794177       0.64041917        1.1075376        1.5374606        1.9783751
  1.8100973       0.56754868        1.0387355        1.4699643        1.9136049
  1.8407769       0.48822695       0.96215975        1.3952225        1.8425536
  1.8714566       0.40718507       0.88192311        1.3164408        1.7677135
  1.9021362       0.33114946       0.80398308        1.2379892        1.6917203
  1.9328158       0.27023279       0.73780167        1.1673201        1.6179340
  1.9634954       0.23816338       0.69849464        1.1215274        1.5568053
  1.9941750       0.24410147       0.70007401        1.1266926        1.5627389
  2.0248546       0.28100023       0.73661900        1.1728478        1.6212498
  2.0555343       0.33359725       0.78975405        1.2316655        1.6839931
  2.0862139       0.39074806       0.84698128        1.2909645        1.7439912
  2.1168935       0.44665784       0.90261934        1.3467910        1.7997230
  2.1475731       0.49883540       0.95459751        1.3980369        1.8508157
  2.1782527       0.54680024        1.0027774        1.4450065        1.8977212
  2.2089323       0.59151129        1.0482794        1.4890725        1.9418591
  2.2396120       0.63505816        1.0931610        1.5325463        1.9856961
  2.2702916       0.68030308        1.1401026        1.5784244        2.0325061
  2.3009712       0.73030635        1.1919282        1.6298564        2.0856904
  2.3316508       0.78754647        1.2509456        1.6893675        2.1477965
  2.3623304       0.85314211        1.3182629        1.7580835        2.2196417
  2.3930100       0.92636549        1.3933228        1.8352718        2.2999413
  2.4236896        1.0046147        1.4738145        1.9183508        2.3855266
  2.4543693        1.0837892        1.5559466        2.0032793        2.4719282
  2.4850489        1.1588802        1.6349422        2.0851277        2.5540472
  2.5157285        1.2245969        1.7056049        2.1586653        2.6267488
  2.5464081        1.2759285        1.7628612        2.2188822        2.6853292
  2.5770877        1.3086019        1.8022295        2.2614226        2.7258628
  2.6077673        1.3194269        1.8201970        2.2829199        2.7454496
  2.6384470        1.3065286        1.8144937        2.2812355        2.7423782
  2.6691266        1.2694647        1.7842559        2.2555958        2.7162140
  2.6998062        1.2092333        1.7300758        2.2066256        2.6678128
  2.7304858        1.1281748        1.6539399        2.1362814        2.5992600
  2.7611654        1.0297802        1.5590644        2.0476907        2.5137335
  2.7918450       0.91842507        1.4496435        1.9449123        2.4152916
  2.8225246       0.79905087        1.3305344        1.8326362        2.3085962
  2.8532043       0.67682316        1.2069047        1.7158502        2.1985871
  2.8838839       0.55679789        1.0838755        1.5994988        2.0901348
  2.9145635       0.44363186       0.96619131        1.4881681        1.9877020
  2.9452431       0.34138139       0.85795928        1.3858261        1.8950473
  2.9759227       0.25345153       0.76251079        1.2956552        1.8149943
  3.0066023       0.18278189       0.68250739        1.2200127        1.7492712
  3.0372820       0.13223864       0.62060509        1.1605497        1.6984012
  3.0679616       0.10415276       0.58116974        1.1183949        1.6616245
  3.0986412       0.96572731E-01   0.56933492        1.0937996        1.6369352
  3.1293208       0.10126100       0.57823221        1.0844383        1.6214435
  3.1600004       0.11029459       0.59358468        1.0848124        1.6120937
  3.1906800       0.11983910       0.60879041        1.0894461        1.6063109
  3.2213597       0.12846767       0.62212737        1.0950903        1.6022102
  3.2520393       0.13543073       0.63303084        1.1001169        1.5984984
  3.2827189       0.14004193       0.64100528        1.1035940        1.5943544
  3.3133985       0.14169673       0.64556892        1.1049341        1.5893891
  3.3440781       0.14010465       0.64649217        1.1038983        1.5836501
  3.3747577       0.13552693       0.64405914        1.1007097        1.5776263
  3.4054373       0.12894343       0.63925861        1.0961624        1.5722299
  3.4361170       0.12209780       0.63384473        1.0916694        1.5687021
  3.4667966       0.11728460       0.63013644        1.0891231        1.5683223
  3.4974762       0.11665783       0.63036003        1.0903539        1.5718859
  3.5281558       0.12117580       0.63563730        1.0962577        1.5793182
  3.5588354       0.13005158       0.64538225        1.1063345        1.5898226
  3.5895150       0.14130486       0.65770610        1.1191213        1.6023041
  3.6201947       0.15272926       0.67031957        1.1329146        1.6156417
  3.6508743       0.16248526       0.68117822        1.1461796        1.6287640
  3.6815539       0.16927104       0.68873056        1.1576581        1.6406562
  3.7122335       0.17229835       0.69194756        1.1663606        1.6503756
  3.7429131       0.17121576       0.69027540        1.1715437        1.6570887
  3.7735927       0.16602905       0.68356953        1.1726963        1.6601220
  3.8042724       0.15703347       0.67202902        1.1695375        1.6590149
  3.8349520       0.14476514       0.65614085        1.1620203        1.6535690
  3.8656316       0.12998336       0.63664896        1.1503448        1.6438948
  3.8963112       0.11370803       0.61458563        1.1349970        1.6304724
  3.9269908       0.97359259E-01   0.59147386        1.1168535        1.6142754
  3.9576704       0.83053756E-01   0.57002786        1.0974608        1.5970629
  3.9883500       0.73896431E-01   0.55591074        1.0797216        1.5820007
  4.0190297       0.73221612E-01   0.55726619        1.0689794        1.5742454
  4.0497093       0.82006858E-01   0.57398913        1.0715186        1.5787286
  4.0803889       0.98078909E-01   0.59848216        1.0875499        1.5949458
  4.1110685       0.11857727       0.62581803        1.1115791        1.6182738
  4.1417481       0.14144968       0.65376723        1.1389472        1.6446849
  4.1724277       0.16537463       0.68116072        1.1669808        1.6716590
  4.2031074       0.18940854       0.70722083        1.1941089        1.6976113
  4.2337870       0.21276831       0.73133407        1.2193222        1.7214877
  4.2644666       0.23474299       0.75298400        1.2419511        1.7425932
  4.2951462       0.25468557       0.77174890        1.2615770        1.7605277
  4.3258258       0.27204947       0.78732739        1.2779914        1.7751559
  4.3565054       0.28644558       0.79957287        1.2911688        1.7865766
  4.3871851       0.29769998       0.80852284        1.3012423        1.7950771
  4.4178647       0.30589476       0.81441220        1.3084761        1.8010708
  4.4485443       0.31137633       0.81766108        1.3132340        1.8050265
  4.4792239       0.31471783       0.81883131        1.3159432        1.8074003
  4.5099035       0.31662938       0.81855081        1.3170515        1.8085852
  4.5405831       0.31782182       0.81741390        1.3169804        1.8088822
  4.5712627       0.31884886       0.81587598        1.3160746        1.8084939
  4.6019424       0.31997027       0.81416941        1.3145584        1.8075306
  4.6326220       0.32108247       0.81226664        1.3125055        1.8060184
  4.6633016       0.32174304       0.80990411        1.3098352        1.8039039
  4.6939812       0.32128037       0.80666003        1.3063371        1.8010555
  4.7246608       0.31894948       0.80206250        1.3017231        1.7972711
  4.7553404       0.31408817       0.79569870        1.2956954        1.7922994
  4.7860201       0.30623909       0.78730151        1.2880157        1.7858799
  4.8166997       0.29522225       0.77680108        1.2785621        1.7777966
  4.8473793       0.28115723       0.76433836        1.2673635        1.7679334
  4.8780589       0.26444270       0.75024447        1.2546055        1.7563164
  4.9087385       0.24570374       0.73499324        1.2406107        1.7431329
  4.9394181       0.22571841       0.71913639        1.2257961        1.7287192
  4.9700978       0.20533434       0.70323221        1.2106192        1.7135234
  5.0007774       0.18538503       0.68778103        1.1955249        1.6980523
  5.0314570       0.16661575       0.67318159        1.1809066        1.6828194
  5.0621366       0.14962879       0.65972215        1.1670976        1.6683123
  5.0928162       0.13485934       0.64761497        1.1543975        1.6549927
  5.1234958       0.12259340       0.63707184        1.1431343        1.6433281
  5.1541754       0.11303371       0.62840281        1.1337440        1.6338414
  5.1848551       0.10640110       0.62209909        1.1268304        1.6271404
  5.2155347       0.10302656       0.61883803        1.1231440        1.6238791
  5.2462143       0.10335911       0.61934554        1.1234217        1.6246197
  5.2768939       0.10783414       0.62412550        1.1281126        1.6296399
  5.3075735       0.11665248       0.63320725        1.1371521        1.6388015
  5.3382531       0.12962100       0.64609166        1.1499480        1.6515604
  5.3689328       0.14614793       0.66189536        1.1655479        1.6670742
  5.3996124       0.16533988       0.67954233        1.1828301        1.6843127
  5.4302920       0.18610769       0.69789676        1.2006284        1.7021355
  5.4609716       0.20724564       0.71583158        1.2177953        1.7193487
  5.4916512       0.22749417       0.73226604        1.2332407        1.7347662
  5.5223308       0.24560201       0.74619825        1.2459701        1.7472833
  5.5530105       0.26039458       0.75674229        1.2551278        1.7559567
  5.5836901       0.27084684       0.76317012        1.2600434        1.7600797
  5.6143697       0.27615492       0.76495356        1.2602743        1.7592392
  5.6450493       0.27579931       0.76180084        1.2556367        1.7533460
  5.6757289       0.26959331       0.75368281        1.2462219        1.7426350
  5.7064085       0.25771238       0.74084565        1.2323929        1.7276353
  5.7370881       0.24070246       0.72380911        1.2147652        1.7091177
  5.7677678       0.21946886       0.70335218        1.1941726        1.6880287
  5.7984474       0.19525082       0.68049144        1.1716284        1.6654241
  5.8291270       0.16959021       0.65646057        1.1482892        1.6424138
  5.8598066       0.14430133       0.63270214        1.1254357        1.6201325
  5.8904862       0.12142688       0.61087457        1.1044763        1.5997463
  5.9211658       0.10308276       0.59282578        1.0869488        1.5824837
  5.9518455       0.90946172E-01   0.58032775        1.0743767        1.5696058
  5.9825251       0.85301180E-01   0.57426445        1.0676993        1.5620800
  6.0132047       0.84528485E-01   0.57371609        1.0664299        1.5598621
  6.0438843       0.86023677E-01   0.57634136        1.0686879        1.5615759
  6.0745639       0.87561032E-01   0.57979429        1.0723388        1.5652874
  6.1052435       0.87851451E-01   0.58254216        1.0758575        1.5694188
  6.1359232       0.86446996E-01   0.58387853        1.0784376        1.5730062
  6.1666028       0.83480446E-01   0.58369384        1.0798082        1.5755858
  6.1972824       0.79429507E-01   0.58226868        1.0800548        1.5770469
  6.2279620       0.74923743E-01   0.58011533        1.0794922        1.5775340
  6.2586416       0.70578972E-01   0.57783649        1.0785603        1.5773732
  6.2893212       0.66857866E-01   0.57597791        1.0777159        1.5769905
  6.3200008       0.63980316E-01   0.57488385        1.0773136        1.5767982
  6.3506805       0.61915925E-01   0.57460226        1.0775010        1.5770639
  6.3813601       0.60460821E-01   0.57489010        1.0781731        1.5778092
  6.4120397       0.59352488E-01   0.57531670        1.0790108        1.5787944
  6.4427193       0.58362211E-01   0.57540594        1.0795847        1.5795997
  6.4733989       0.57335741E-01   0.57475464        1.0794722        1.5797583
  6.5040785       0.56190470E-01   0.57310188        1.0783506        1.5788826
  6.5347582       0.54893661E-01   0.57035343        1.0760495        1.5767467
  6.5654378       0.53442890E-01   0.56657538        1.0725663        1.5733203
  6.5961174       0.51858249E-01   0.56196723        1.0680512        1.5687586
  6.6267970       0.50184042E-01   0.55682087        1.0627705        1.5633585
  6.6574766       0.48490205E-01   0.55146867        1.0570515        1.5574910
  6.6881562       0.46862640E-01   0.54622456        1.0512195        1.5515216
  6.7188359       0.45377493E-01   0.54132578        1.0455361        1.5457354
  6.7495155       0.44065353E-01   0.53689020        1.0401560        1.5402886
  6.7801951       0.42882077E-01   0.53290841        1.0351178        1.5352094
  6.8108747       0.41704753E-01   0.52928156        1.0303780        1.5304511
  6.8415543       0.40359643E-01   0.52589336        1.0258764        1.5259774
  6.8722339       0.38671868E-01   0.52268600        1.0216092        1.5218432
  6.9029135       0.36517679E-01   0.51971079        1.0176871        1.5182407
  6.9335932       0.33863231E-01   0.51713700        1.0143686        1.5154814
  6.9642728       0.30781929E-01   0.51520471        1.0120425        1.5138667
  6.9949524       0.27448010E-01   0.51410831        1.0110525        1.5134525
  7.0256320       0.24105350E-01   0.51386409        1.0113652        1.5139775
  7.0563116       0.21010518E-01   0.51431575        1.0125810        1.5151281
  7.0869912       0.18357101E-01   0.51530683        1.0143604        1.5167860
  7.1176709       0.16217065E-01   0.51682396        1.0166146        1.5190106
  7.1483505       0.14571317E-01   0.51897908        1.0193959        1.5218741
  7.1790301       0.13479448E-01   0.52187810        1.0227342        1.5253258
  7.2097097       0.13302190E-01   0.52549957        1.0265485        1.5291709
  7.2403893       0.14654028E-01   0.52966545        1.0306461        1.5331277
  7.2710689       0.17873609E-01   0.53408812        1.0347707        1.5369025
  7.3017486       0.22713580E-01   0.53843724        1.0386561        1.5402440
  7.3324282       0.28632891E-01   0.54239565        1.0420685        1.5429751
  7.3631078       0.35067949E-01   0.54569891        1.0448349        1.5450050
  7.3937874       0.41504805E-01   0.54816109        1.0468571        1.5463265
  7.4244670       0.47493011E-01   0.54968872        1.0481157        1.5470031
  7.4551466       0.52659326E-01   0.55028349        1.0486633        1.5471488
  7.4858262       0.56724119E-01   0.55003422        1.0486101        1.5469045
  7.5165059       0.59514275E-01   0.54909933        1.0481025        1.5464137
  7.5471855       0.60967816E-01   0.54768201        1.0472982        1.5457995
  7.5778651       0.61127837E-01   0.54600138        1.0463419        1.5451470
  7.6085447       0.60125401E-01   0.54426407        1.0453461        1.5444941
  7.6392243       0.58152983E-01   0.54264079        1.0443815        1.5438335
  7.6699039       0.55431909E-01   0.54125119        1.0434785        1.5431271
  7.7005836       0.52179062E-01   0.54015743        1.0426374        1.5423275
  7.7312632       0.48579282E-01   0.53936399        1.0418400        1.5414012
  7.7619428       0.44769612E-01   0.53882035        1.0410567        1.5403434
  7.7926224       0.40838866E-01   0.53842590        1.0402476        1.5391791
  7.8233020       0.36841251E-01   0.53803950        1.0393580        1.5379472
  7.8539816       0.32817925E-01   0.53749721        1.0383165        1.5366740
  7.8846612       0.28818103E-01   0.53663942        1.0370417        1.5353479
  7.9153409       0.24912981E-01   0.53534532        1.0354616        1.5339109
  7.9460205       0.21200612E-01   0.53357157        1.0335454        1.5322801
  7.9767001       0.17806083E-01   0.53139211        1.0313440        1.5303975
  8.0073797       0.14886895E-01   0.52903534        1.0290329        1.5282983
  8.0380593       0.12651927E-01   0.52690425        1.0269417        1.5261809
  8.0687389       0.11371727E-01   0.52553195        1.0255298        1.5244489
  8.0994186       0.11289483E-01   0.52539711        1.0252415        1.5236467
  8.1300982       0.12420359E-01   0.52664247        1.0262546        1.5242011
  8.1607778       0.14516272E-01   0.52897475        1.0283459        1.5261039
  8.1914574       0.17254614E-01   0.53187059        1.0310356        1.5289024
  8.2221370       0.20366418E-01   0.53483411        1.0338277        1.5319912
  8.2528166       0.23653955E-01   0.53752133        1.0363536        1.5348605
  8.2834963       0.26983254E-01   0.53976096        1.0384127        1.5371928
  8.3141759       0.30281106E-01   0.54153151        1.0399651        1.5388750
  8.3448555       0.33530049E-01   0.54291790        1.0410972        1.5399737
  8.3755351       0.36751053E-01   0.54405238        1.0419664        1.5406830
  8.4062147       0.39970468E-01   0.54504718        1.0427279        1.5412395
  8.4368943       0.43177720E-01   0.54593584        1.0434623        1.5418205
  8.4675739       0.46288196E-01   0.54664420        1.0441295        1.5424602
  8.4982536       0.49126065E-01   0.54700154        1.0445719        1.5430265
  8.5289332       0.51433599E-01   0.54678444        1.0445601        1.5432694
  8.5596128       0.52903061E-01   0.54577388        1.0438607        1.5429095
  8.5902924       0.53221076E-01   0.54380770        1.0422980        1.5417243
  8.6209720       0.52115188E-01   0.54081937        1.0397985        1.5396084
  8.6516516       0.49395038E-01   0.53686211        1.0364156        1.5366006
  8.6823313       0.44983641E-01   0.53212351        1.0323370        1.5328866
  8.7130109       0.38936444E-01   0.52694090        1.0278851        1.5287834
  8.7436905       0.31447618E-01   0.52183453        1.0235117        1.5247100
  8.7743701       0.22845722E-01   0.51756657        1.0197765        1.5211342
  8.8050497       0.13593145E-01   0.51508896        1.0172401        1.5184646
  8.8357293       0.45247605E-02   0.51491161        1.0161669        1.5168691
  8.8664090       0.58499048E-02   0.51634040        1.0162389        1.5161410
  8.8970886       0.13852137E-01   0.51814966        1.0167581        1.5158150
  8.9277682       0.20704973E-01   0.51947269        1.0170987        1.5154408
  8.9584478       0.25808999E-01   0.51987682        1.0169000        1.5147500
  8.9891274       0.28846713E-01   0.51921722        1.0160465        1.5136791
  9.0198070       0.29659881E-01   0.51754820        1.0146157        1.5123447
  9.0504866       0.28246567E-01   0.51509918        1.0128601        1.5110304
  9.0811663       0.24757064E-01   0.51232255        1.0112312        1.5101721
  9.1118459       0.19480702E-01   0.51005692        1.0103779        1.5102234
  9.1425255       0.12827865E-01   0.50955937        1.0108531        1.5113404
  9.1732051       0.53679938E-02   0.51134373        1.0126019        1.5132745
  9.2038847       0.33489917E-02   0.51445860        1.0150910        1.5156385
  9.2345643       0.10965781E-01   0.51789034        1.0178038        1.5181082
  9.2652440       0.18278579E-01   0.52107468        1.0203881        1.5204457
  9.2959236       0.24673096E-01   0.52371698        1.0226153        1.5224724
  9.3266032       0.29848389E-01   0.52566579        1.0243339        1.5240500
  9.3572828       0.33641409E-01   0.52685942        1.0254469        1.5250735
  9.3879624       0.36018253E-01   0.52730008        1.0259021        1.5254725
  9.4186420       0.37061664E-01   0.52703690        1.0256894        1.5252150
  9.4493217       0.36946530E-01   0.52615163        1.0248392        1.5243113
  9.4800013       0.35903800E-01   0.52474515        1.0234196        1.5228153
  9.5106809       0.34176809E-01   0.52292465        1.0215308        1.5208221
  9.5413605       0.31978213E-01   0.52079207        1.0192947        1.5184598
  9.5720401       0.29460020E-01   0.51843499        1.0168406        1.5158769
  9.6027197       0.26710661E-01   0.51592182        1.0142877        1.5132221
  9.6333993       0.23788749E-01   0.51330409        1.0117287        1.5106214
  9.6640790       0.20795787E-01   0.51063145        1.0092218        1.5081569
  9.6947586       0.17985094E-01   0.50799643        1.0068108        1.5058670
  9.7254382       0.15880817E-01   0.50567798        1.0046301        1.5038307
  9.7561178       0.15232179E-01   0.50454298        1.0033316        1.5026243
  9.7867974       0.16478818E-01   0.50562807        1.0041906        1.5035754
  9.8174770       0.19234700E-01   0.50817673        1.0065989        1.5059715
  9.8481567       0.22677704E-01   0.51120865        1.0095292        1.5088684
  9.8788363       0.26075650E-01   0.51429915        1.0125875        1.5119355
  9.9095159       0.28900233E-01   0.51721676        1.0155474        1.5149490
  9.9401955       0.30791622E-01   0.51978590        1.0182186        1.5176968
  9.9708751       0.31527238E-01   0.52185819        1.0204325        1.5199814
