# data from ifeffit
#------------------------
#   k         chik      hann3      kaiser3      kaiser5      welch3      parzen3      sine3
  0.0000000        0.0000000        0.0000000        0.0000000        0.0000000        0.0000000        0.0000000       0.92268359E-01
  0.50000000E-01   0.40993028E-04    0.0000000        0.0000000       0.39626118E-01    0.0000000        0.0000000       0.10146485
  0.10000000       0.20348534E-03    0.0000000        0.0000000       0.42636245E-01    0.0000000        0.0000000       0.11065268
  0.15000000       0.61809401E-03    0.0000000        0.0000000       0.45742032E-01    0.0000000        0.0000000       0.11983106
  0.20000000       0.15349257E-02    0.0000000        0.0000000       0.48944192E-01    0.0000000        0.0000000       0.12899922
  0.25000000       0.33447319E-02    0.0000000        0.0000000       0.52243399E-01    0.0000000        0.0000000       0.13815635
  0.30000000       0.65250493E-02    0.0000000        0.0000000       0.55640284E-01    0.0000000        0.0000000       0.14730170
  0.35000000       0.11420372E-01    0.0000000        0.0000000       0.59135433E-01    0.0000000        0.0000000       0.15643447
  0.40000000       0.18606694E-01    0.0000000        0.0000000       0.62729388E-01    0.0000000        0.0000000       0.16555388
  0.45000000       0.28285239E-01    0.0000000        0.0000000       0.66422645E-01    0.0000000        0.0000000       0.17465915
  0.50000000       0.40607275E-01    0.0000000        0.0000000       0.70215655E-01    0.0000000        0.0000000       0.18374952
  0.55000000       0.55810347E-01    0.0000000        0.0000000       0.74108821E-01    0.0000000        0.0000000       0.19282419
  0.60000000       0.74068860E-01    0.0000000        0.0000000       0.78102497E-01    0.0000000        0.0000000       0.20188241
  0.65000000       0.95394573E-01    0.0000000        0.0000000       0.82196990E-01    0.0000000        0.0000000       0.21092339
  0.70000000       0.11977653        0.0000000        0.0000000       0.86392557E-01    0.0000000        0.0000000       0.21994636
  0.75000000       0.14769079        0.0000000        0.0000000       0.90689405E-01    0.0000000        0.0000000       0.22895055
  0.80000000       0.18045751        0.0000000        0.0000000       0.95087690E-01    0.0000000        0.0000000       0.23793520
  0.85000000       0.22141960        0.0000000        0.0000000       0.99587517E-01    0.0000000        0.0000000       0.24689953
  0.90000000       0.27398717        0.0000000        0.0000000       0.10418894        0.0000000        0.0000000       0.25584278
  0.95000000       0.33158785        0.0000000        0.0000000       0.10889196        0.0000000        0.0000000       0.26476419
  1.0000000       0.40027321        0.0000000        0.0000000       0.11369652        0.0000000        0.0000000       0.27366299
  1.0500000       0.48498664       0.68523230E-03   0.21149955       0.11860252       0.33055548E-01   0.16666663E-01   0.28253843
  1.1000000       0.57915347       0.27390510E-02   0.21817199       0.12360980       0.65555541E-01   0.33333326E-01   0.29138975
  1.1500000       0.66813302       0.61558268E-02   0.22490091       0.12871814       0.97499978E-01   0.49999988E-01   0.30021619
  1.2000000       0.73547052       0.10926195E-01   0.23168513       0.13392728       0.12888886       0.66666651E-01   0.30901699
  1.2500000       0.77149839       0.17037079E-01   0.23852343       0.13923688       0.15972219       0.83333314E-01   0.31779142
  1.3000000       0.77483341       0.24471731E-01   0.24541457       0.14464658       0.18999996       0.99999977E-01   0.32653871
  1.3500000       0.73249279       0.33209771E-01   0.25235730       0.15015592       0.21972217       0.11666664       0.33525813
  1.4000000       0.63691970       0.43227251E-01   0.25935033       0.15576443       0.24888883       0.13333330       0.34394892
  1.4500000       0.55768579       0.54496713E-01   0.26639237       0.16147155       0.27749994       0.14999997       0.35261034
  1.5000000       0.45979783       0.66987268E-01   0.27348210       0.16727668       0.30555549       0.16666663       0.36124167
  1.5500000       0.36556681       0.80664679E-01   0.28061817       0.17317915       0.33305549       0.18333329       0.36984215
  1.6000000       0.29197536       0.95491460E-01   0.28779922       0.17917825       0.35999993       0.19999995       0.37841105
  1.6500000       0.23299752       0.11142697       0.29502387       0.18527320       0.38638881       0.21666662       0.38694765
  1.7000000       0.18522687       0.12842753       0.30229072       0.19146316       0.41222214       0.23333328       0.39545121
  1.7500000       0.12353770       0.14644654       0.30959835       0.19774724       0.43749991       0.24999994       0.40392100
  1.8000000       0.67165378E-01   0.16543462       0.31694532       0.20412450       0.46222213       0.26666660       0.41235632
  1.8500000       0.34502582E-02   0.18533972       0.32433017       0.21059393       0.48638879       0.28333327       0.42075642
  1.9000000      -0.52379834E-01   0.20610728       0.33175144       0.21715447       0.50999990       0.29999993       0.42912061
  1.9500000      -0.90461521E-01   0.22768039       0.33920762       0.22380499       0.53305545       0.31666659       0.43744816
  2.0000000      -0.10574515       0.24999989       0.34669722       0.23054433       0.55555545       0.33333326       0.44573836
  2.0500000      -0.82184415E-01   0.27300464       0.35421869       0.23737124       0.57749989       0.34999992       0.45399050
  2.1000000      -0.22653040E-01   0.29663156       0.36177051       0.24428445       0.59888878       0.36666658       0.46220388
  2.1500000       0.81480023E-01   0.32081589       0.36935112       0.25128259       0.61972211       0.38333324       0.47037781
  2.2000000       0.18626380       0.34549136       0.37695894       0.25836427       0.63999989       0.39999991       0.47851157
  2.2500000       0.25414676       0.37059033       0.38459239       0.26552803       0.65972211       0.41666657       0.48660448
  2.3000000       0.26150875       0.39604400       0.39224986       0.27277236       0.67888877       0.43333323       0.49465584
  2.3500000       0.19924955       0.42178260       0.39992973       0.28009568       0.69749988       0.44999990       0.50266498
  2.4000000       0.75249338E-01   0.44773560       0.40763039       0.28749639       0.71555544       0.46666656       0.51063119
  2.4500000      -0.71770038E-01   0.47383184       0.41535018       0.29497279       0.73305544       0.48333322       0.51855381
  2.5000000      -0.21943728       0.49999982       0.42308746       0.30252315       0.74999988       0.49999988       0.52643216
  2.5500000      -0.36222316       0.52616779       0.43084055       0.31014570       0.76638877       0.51666655       0.53426557
  2.6000000      -0.49055211       0.55226404       0.43860778       0.31783860       0.78222211       0.53333321       0.54205336
  2.6500000      -0.59896381       0.57821703       0.44638745       0.32559996       0.79749988       0.54999987       0.54979487
  2.7000000      -0.68576173       0.60395564       0.45417788       0.33342784       0.81222211       0.56666653       0.55748944
  2.7500000      -0.76253804       0.62940932       0.46197734       0.34132025       0.82638878       0.58333320       0.56513641
  2.8000000      -0.83083727       0.65450829       0.46978412       0.34927516       0.83999989       0.59999986       0.57273514
  2.8500000      -0.88689324       0.67918376       0.47759650       0.35729047       0.85305545       0.61666652       0.58028497
  2.9000000      -0.92501532       0.70336811       0.48541272       0.36536404       0.86555545       0.63333319       0.58778525
  2.9500000      -0.93855189       0.72699504       0.49323106       0.37349371       0.87749989       0.64999985       0.59523535
  3.0000000      -0.92255000       0.74999979       0.50104974       0.38167723       0.88888879       0.66666651       0.60263464
  3.0500000      -0.88048506       0.77231931       0.50886703       0.38991232       0.89972212       0.68333317       0.60998247
  3.1000000      -0.83143178       0.79389242       0.51668115       0.39819667       0.90999990       0.69999984       0.61727822
  3.1500000      -0.77048184       0.81465999       0.52449032       0.40652792       0.91972213       0.71666650       0.62452127
  3.2000000      -0.69605556       0.83456510       0.53229277       0.41490365       0.92888880       0.73333316       0.63171101
  3.2500000      -0.59228487       0.85355320       0.54008673       0.42332141       0.93749991       0.74999983       0.63884681
  3.3000000      -0.40419419       0.87157222       0.54787039       0.43177872       0.94555547       0.76666649       0.64592806
  3.3500000      -0.10628873       0.88857280       0.55564198       0.44027304       0.95305548       0.78333315       0.65295417
  3.4000000       0.23944616       0.90450832       0.56339970       0.44880182       0.95999993       0.79999981       0.65992453
  3.4500000       0.56426311       0.91933512       0.57114175       0.45736243       0.96638882       0.81666648       0.66683856
  3.5000000       0.86798864       0.93301255       0.57886633       0.46595225       0.97222216       0.83333314       0.67369564
  3.5500000        1.1306499       0.94550312       0.58657165       0.47456858       0.97749994       0.84999980       0.68049521
  3.6000000        1.3132158       0.95677260       0.59425590       0.48320873       0.98222217       0.86666646       0.68723669
  3.6500000        1.4309114       0.96679010       0.60191728       0.49186995       0.98638884       0.88333313       0.69391948
  3.7000000        1.4796283       0.97552816       0.60955399       0.50054947       0.98999996       0.89999979       0.70054304
  3.7500000        1.4378013       0.98296283       0.61716424       0.50924448       0.99305552       0.91666645       0.70710678
  3.8000000        1.2976242       0.98907373       0.62474621       0.51795214       0.99555553       0.93333312       0.71361015
  3.8500000        1.0849697       0.99384412       0.63229812       0.52666960       0.99749998       0.94999978       0.72005260
  3.9000000       0.84408410       0.99726091       0.63981817       0.53539397       0.99888887       0.96666644       0.72643357
  3.9500000       0.60799430       0.99931475       0.64730456       0.54412234       0.99972221       0.98333310       0.73275253
  4.0000000       0.39172237       1.00000000       0.65475551       0.55285178       1.00000000       0.99999977       0.73900892
  4.0500000       0.21573339        1.0000000       0.66216923       0.56157932        1.0000000        1.0000000       0.74520221
  4.1000000       0.25943489E-01    1.0000000       0.66954394       0.57030200        1.0000000        1.0000000       0.75133189
  4.1500000      -0.17192774        1.0000000       0.67687786       0.57901681        1.0000000        1.0000000       0.75739742
  4.2000000      -0.36272125        1.0000000       0.68416923       0.58772076        1.0000000        1.0000000       0.76339828
  4.2500000      -0.53750176        1.0000000       0.69141628       0.59641079        1.0000000        1.0000000       0.76933397
  4.3000000      -0.66753126        1.0000000       0.69861726       0.60508389        1.0000000        1.0000000       0.77520398
  4.3500000      -0.72860942        1.0000000       0.70577041       0.61373698        1.0000000        1.0000000       0.78100780
  4.4000000      -0.71135233        1.0000000       0.71287400       0.62236701        1.0000000        1.0000000       0.78674494
  4.4500000      -0.62360068        1.0000000       0.71992628       0.63097089        1.0000000        1.0000000       0.79241491
  4.5000000      -0.49608916        1.0000000       0.72692554       0.63954555        1.0000000        1.0000000       0.79801723
  4.5500000      -0.36768368        1.0000000       0.73387006       0.64808789        1.0000000        1.0000000       0.80355141
  4.6000000      -0.27696917        1.0000000       0.74075814       0.65659482        1.0000000        1.0000000       0.80901699
  4.6500000      -0.24924566        1.0000000       0.74758808       0.66506323        1.0000000        1.0000000       0.81441350
  4.7000000      -0.26452784        1.0000000       0.75435820       0.67349004        1.0000000        1.0000000       0.81974048
  4.7500000      -0.28088793        1.0000000       0.76106682       0.68187213        1.0000000        1.0000000       0.82499747
  4.8000000      -0.26424123        1.0000000       0.76771229       0.69020641        1.0000000        1.0000000       0.83018403
  4.8500000      -0.20169647        1.0000000       0.77429296       0.69848979        1.0000000        1.0000000       0.83529971
  4.9000000      -0.80459870E-01    1.0000000       0.78080720       0.70671916        1.0000000        1.0000000       0.84034407
  4.9500000       0.90102641E-01    1.0000000       0.78725339       0.71489146        1.0000000        1.0000000       0.84531669
  5.0000000       0.28687900        1.0000000       0.79362992       0.72300359        1.0000000        1.0000000       0.85021714
  5.0500000       0.45222291        1.0000000       0.79993520       0.73105250        1.0000000        1.0000000       0.85504499
  5.1000000       0.52059572        1.0000000       0.80616765       0.73903514        1.0000000        1.0000000       0.85979985
  5.1500000       0.46741603        1.0000000       0.81232572       0.74694845        1.0000000        1.0000000       0.86448130
  5.2000000       0.30854846        1.0000000       0.81840787       0.75478941        1.0000000        1.0000000       0.86908895
  5.2500000       0.73506533E-01    1.0000000       0.82441256       0.76255501        1.0000000        1.0000000       0.87362239
  5.3000000      -0.20848167        1.0000000       0.83033829       0.77024226        1.0000000        1.0000000       0.87808125
  5.3500000      -0.51075039        1.0000000       0.83618356       0.77784819        1.0000000        1.0000000       0.88246514
  5.4000000      -0.80060735        1.0000000       0.84194691       0.78536983        1.0000000        1.0000000       0.88677369
  5.4500000      -0.99717406        1.0000000       0.84762687       0.79280427        1.0000000        1.0000000       0.89100652
  5.5000000       -1.0394926        1.0000000       0.85322201       0.80014860        1.0000000        1.0000000       0.89516329
  5.5500000      -0.84047398        1.0000000       0.85873092       0.80739993        1.0000000        1.0000000       0.89924363
  5.6000000      -0.57638322        1.0000000       0.86415220       0.81455542        1.0000000        1.0000000       0.90324720
  5.6500000      -0.21936552        1.0000000       0.86948447       0.82161225        1.0000000        1.0000000       0.90717365
  5.7000000       0.11757116        1.0000000       0.87472639       0.82856762        1.0000000        1.0000000       0.91102265
  5.7500000       0.34080064        1.0000000       0.87987661       0.83541877        1.0000000        1.0000000       0.91479387
  5.8000000       0.43595750        1.0000000       0.88493382       0.84216298        1.0000000        1.0000000       0.91848699
  5.8500000       0.43520364        1.0000000       0.88989675       0.84879756        1.0000000        1.0000000       0.92210169
  5.9000000       0.40303379        1.0000000       0.89476412       0.85531985        1.0000000        1.0000000       0.92563766
  5.9500000       0.39646881        1.0000000       0.89953468       0.86172724        1.0000000        1.0000000       0.92909461
  6.0000000       0.45209434        1.0000000       0.90420722       0.86801715        1.0000000        1.0000000       0.93247223
  6.0500000       0.56541736        1.0000000       0.90878055       0.87418706        1.0000000        1.0000000       0.93577024
  6.1000000       0.70173731        1.0000000       0.91325348       0.88023446        1.0000000        1.0000000       0.93898836
  6.1500000       0.82017221        1.0000000       0.91762489       0.88615691        1.0000000        1.0000000       0.94212631
  6.2000000       0.91217552        1.0000000       0.92189363       0.89195201        1.0000000        1.0000000       0.94518383
  6.2500000       0.95233770        1.0000000       0.92605862       0.89761740        1.0000000        1.0000000       0.94816065
  6.3000000       0.91309827        1.0000000       0.93011879       0.90315077        1.0000000        1.0000000       0.95105652
  6.3500000       0.79990706        1.0000000       0.93407309       0.90854987        1.0000000        1.0000000       0.95387119
  6.4000000       0.60963902        1.0000000       0.93792050       0.91381248        1.0000000        1.0000000       0.95660442
  6.4500000       0.33430455        1.0000000       0.94166003       0.91893646        1.0000000        1.0000000       0.95925598
  6.5000000       0.13378451E-01    1.0000000       0.94529072       0.92391969        1.0000000        1.0000000       0.96182564
  6.5500000      -0.34858131        1.0000000       0.94881164       0.92876013        1.0000000        1.0000000       0.96431319
  6.6000000      -0.70284737        1.0000000       0.95222186       0.93345579        1.0000000        1.0000000       0.96671840
  6.6500000       -1.0189567        1.0000000       0.95552052       0.93800472        1.0000000        1.0000000       0.96904108
  6.7000000       -1.2118005        1.0000000       0.95870675       0.94240506        1.0000000        1.0000000       0.97128103
  6.7500000       -1.2766048        1.0000000       0.96177973       0.94665498        1.0000000        1.0000000       0.97343805
  6.8000000       -1.2308441        1.0000000       0.96473868       0.95075271        1.0000000        1.0000000       0.97551197
  6.8500000       -1.0557534        1.0000000       0.96758281       0.95469656        1.0000000        1.0000000       0.97750260
  6.9000000      -0.80077303        1.0000000       0.97031140       0.95848490        1.0000000        1.0000000       0.97940977
  6.9500000      -0.52204795        1.0000000       0.97292373       0.96211614        1.0000000        1.0000000       0.98123332
  7.0000000      -0.23459187        1.0000000       0.97541914       0.96558877        1.0000000        1.0000000       0.98297310
  7.0500000       0.26783873E-01    1.0000000       0.97779696       0.96890135        1.0000000        1.0000000       0.98462896
  7.1000000       0.23085564        1.0000000       0.98005659       0.97205249        1.0000000        1.0000000       0.98620075
  7.1500000       0.37740542        1.0000000       0.98219743       0.97504088        1.0000000        1.0000000       0.98768834
  7.2000000       0.47820528        1.0000000       0.98421894       0.97786526        1.0000000        1.0000000       0.98909161
  7.2500000       0.54532946        1.0000000       0.98612058       0.98052446        1.0000000        1.0000000       0.99041043
  7.3000000       0.57743863        1.0000000       0.98790186       0.98301737        1.0000000        1.0000000       0.99164470
  7.3500000       0.57387957        1.0000000       0.98956232       0.98534293        1.0000000        1.0000000       0.99279430
  7.4000000       0.53924569        1.0000000       0.99110152       0.98750017        1.0000000        1.0000000       0.99385914
  7.4500000       0.47445262        1.0000000       0.99251907       0.98948818        1.0000000        1.0000000       0.99483912
  7.5000000       0.38071367        1.0000000       0.99381459       0.99130614        1.0000000        1.0000000       0.99573418
  7.5500000       0.26872994        1.0000000       0.99498775       0.99295327        1.0000000        1.0000000       0.99654422
  7.6000000       0.14021465        1.0000000       0.99603824       0.99442889        1.0000000        1.0000000       0.99726917
  7.6500000       0.18815583E-01    1.0000000       0.99696579       0.99573237        1.0000000        1.0000000       0.99790899
  7.7000000      -0.76845374E-01    1.0000000       0.99777015       0.99686317        1.0000000        1.0000000       0.99846360
  7.7500000      -0.13477969        1.0000000       0.99845113       0.99782080        1.0000000        1.0000000       0.99893297
  7.8000000      -0.14735801        1.0000000       0.99900853       0.99860487        1.0000000        1.0000000       0.99931706
  7.8500000      -0.14951601        1.0000000       0.99944221       0.99921505        1.0000000        1.0000000       0.99961583
  7.9000000      -0.17182629        1.0000000       0.99975207       0.99965107        1.0000000        1.0000000       0.99982925
  7.9500000      -0.21488246        1.0000000       0.99993801       0.99991276        1.0000000        1.0000000       0.99995731
  8.0000000      -0.26009739        1.0000000        1.0000000        1.0000000        1.0000000        1.0000000        1.0000000
  8.0500000      -0.29580365        1.0000000       0.99993801       0.99991276        1.0000000        1.0000000       0.99995731
  8.1000000      -0.31104202        1.0000000       0.99975207       0.99965107        1.0000000        1.0000000       0.99982925
  8.1500000      -0.26244465        1.0000000       0.99944221       0.99921505        1.0000000        1.0000000       0.99961583
  8.2000000      -0.21472279        1.0000000       0.99900853       0.99860487        1.0000000        1.0000000       0.99931706
  8.2500000      -0.13333428        1.0000000       0.99845113       0.99782080        1.0000000        1.0000000       0.99893297
  8.3000000      -0.43225553E-01    1.0000000       0.99777015       0.99686317        1.0000000        1.0000000       0.99846360
  8.3500000       0.10180201        1.0000000       0.99696579       0.99573237        1.0000000        1.0000000       0.99790899
  8.4000000       0.22306169        1.0000000       0.99603824       0.99442889        1.0000000        1.0000000       0.99726917
  8.4500000       0.31804757        1.0000000       0.99498775       0.99295327        1.0000000        1.0000000       0.99654422
  8.5000000       0.38651688        1.0000000       0.99381459       0.99130614        1.0000000        1.0000000       0.99573418
  8.5500000       0.40683024        1.0000000       0.99251907       0.98948818        1.0000000        1.0000000       0.99483912
  8.6000000       0.36841146        1.0000000       0.99110152       0.98750017        1.0000000        1.0000000       0.99385914
  8.6500000       0.28835050        1.0000000       0.98956232       0.98534293        1.0000000        1.0000000       0.99279430
  8.7000000       0.16639340        1.0000000       0.98790186       0.98301737        1.0000000        1.0000000       0.99164470
  8.7500000       0.25963959E-01    1.0000000       0.98612058       0.98052446        1.0000000        1.0000000       0.99041043
  8.8000000      -0.13927806        1.0000000       0.98421894       0.97786526        1.0000000        1.0000000       0.98909161
  8.8500000      -0.26955265        1.0000000       0.98219743       0.97504088        1.0000000        1.0000000       0.98768834
  8.9000000      -0.33872682        1.0000000       0.98005659       0.97205249        1.0000000        1.0000000       0.98620075
  8.9500000      -0.37765823        1.0000000       0.97779696       0.96890135        1.0000000        1.0000000       0.98462896
  9.0000000      -0.37597261        1.0000000       0.97541914       0.96558877        1.0000000        1.0000000       0.98297310
  9.0500000      -0.16343316        1.0000000       0.97292373       0.96211614        1.0000000        1.0000000       0.98123332
  9.1000000      -0.18867731        1.0000000       0.97031140       0.95848490        1.0000000        1.0000000       0.97940977
  9.1500000      -0.29160492        1.0000000       0.96758281       0.95469656        1.0000000        1.0000000       0.97750260
  9.2000000      -0.23245288        1.0000000       0.96473868       0.95075271        1.0000000        1.0000000       0.97551197
  9.2500000      -0.16346258        1.0000000       0.96177973       0.94665498        1.0000000        1.0000000       0.97343805
  9.3000000      -0.80265653E-01    1.0000000       0.95870675       0.94240506        1.0000000        1.0000000       0.97128103
  9.3500000       0.18563204E-01    1.0000000       0.95552052       0.93800472        1.0000000        1.0000000       0.96904108
  9.4000000       0.12393033        1.0000000       0.95222186       0.93345579        1.0000000        1.0000000       0.96671840
  9.4500000       0.22845403        1.0000000       0.94881164       0.92876013        1.0000000        1.0000000       0.96431319
  9.5000000       0.30795569        1.0000000       0.94529072       0.92391969        1.0000000        1.0000000       0.96182564
  9.5500000       0.35890387        1.0000000       0.94166003       0.91893646        1.0000000        1.0000000       0.95925598
  9.6000000       0.37948614        1.0000000       0.93792050       0.91381248        1.0000000        1.0000000       0.95660442
  9.6500000       0.37641562        1.0000000       0.93407309       0.90854987        1.0000000        1.0000000       0.95387119
  9.7000000       0.35699885        1.0000000       0.93011879       0.90315077        1.0000000        1.0000000       0.95105652
  9.7500000       0.27825088        1.0000000       0.92605862       0.89761740        1.0000000        1.0000000       0.94816065
  9.8000000       0.15688385        1.0000000       0.92189363       0.89195201        1.0000000        1.0000000       0.94518383
  9.8500000       0.38510518E-01    1.0000000       0.91762489       0.88615691        1.0000000        1.0000000       0.94212631
  9.9000000      -0.78689728E-01    1.0000000       0.91325348       0.88023446        1.0000000        1.0000000       0.93898836
  9.9500000      -0.15481087        1.0000000       0.90878055       0.87418706        1.0000000        1.0000000       0.93577024
  10.000000      -0.19514877        1.0000000       0.90420722       0.86801715        1.0000000        1.0000000       0.93247223
  10.050000      -0.20717612        1.0000000       0.89953468       0.86172724        1.0000000        1.0000000       0.92909461
  10.100000      -0.18220783        1.0000000       0.89476412       0.85531985        1.0000000        1.0000000       0.92563766
  10.150000      -0.16358765        1.0000000       0.88989675       0.84879756        1.0000000        1.0000000       0.92210169
  10.200000      -0.14832223        1.0000000       0.88493382       0.84216298        1.0000000        1.0000000       0.91848699
  10.250000      -0.13108710        1.0000000       0.87987661       0.83541877        1.0000000        1.0000000       0.91479387
  10.300000      -0.12935025        1.0000000       0.87472639       0.82856762        1.0000000        1.0000000       0.91102265
  10.350000      -0.12422552        1.0000000       0.86948447       0.82161225        1.0000000        1.0000000       0.90717365
  10.400000      -0.11394618        1.0000000       0.86415220       0.81455542        1.0000000        1.0000000       0.90324720
  10.450000      -0.97189393E-01    1.0000000       0.85873092       0.80739993        1.0000000        1.0000000       0.89924363
  10.500000      -0.60935131E-01    1.0000000       0.85322201       0.80014860        1.0000000        1.0000000       0.89516329
  10.550000      -0.96239597E-01    1.0000000       0.84762687       0.79280427        1.0000000        1.0000000       0.89100652
  10.600000      -0.10257565        1.0000000       0.84194691       0.78536983        1.0000000        1.0000000       0.88677369
  10.650000       0.68595652E-01    1.0000000       0.83618356       0.77784819        1.0000000        1.0000000       0.88246514
  10.700000       0.91265755E-01    1.0000000       0.83033829       0.77024226        1.0000000        1.0000000       0.87808125
  10.750000       0.13988626        1.0000000       0.82441256       0.76255501        1.0000000        1.0000000       0.87362239
  10.800000       0.18483347        1.0000000       0.81840787       0.75478941        1.0000000        1.0000000       0.86908895
  10.850000       0.18157287        1.0000000       0.81232572       0.74694845        1.0000000        1.0000000       0.86448130
  10.900000       0.15832962        1.0000000       0.80616765       0.73903514        1.0000000        1.0000000       0.85979985
  10.950000       0.12570436        1.0000000       0.79993520       0.73105250        1.0000000        1.0000000       0.85504499
  11.000000       0.90884368E-01    1.0000000       0.79362992       0.72300359        1.0000000        1.0000000       0.85021714
  11.050000       0.54178691E-01    1.0000000       0.78725339       0.71489146        1.0000000        1.0000000       0.84531669
  11.100000       0.18178063E-01    1.0000000       0.78080720       0.70671916        1.0000000        1.0000000       0.84034407
  11.150000       0.67955030E-02    1.0000000       0.77429296       0.69848979        1.0000000        1.0000000       0.83529971
  11.200000      -0.59579493E-02    1.0000000       0.76771229       0.69020641        1.0000000        1.0000000       0.83018403
  11.250000      -0.42606699E-01    1.0000000       0.76106682       0.68187213        1.0000000        1.0000000       0.82499747
  11.300000      -0.60309051E-01    1.0000000       0.75435820       0.67349004        1.0000000        1.0000000       0.81974048
  11.350000      -0.73022548E-01    1.0000000       0.74758808       0.66506323        1.0000000        1.0000000       0.81441350
  11.400000      -0.88874563E-01    1.0000000       0.74075814       0.65659482        1.0000000        1.0000000       0.80901699
  11.450000      -0.82757835E-01    1.0000000       0.73387006       0.64808789        1.0000000        1.0000000       0.80355141
  11.500000      -0.76708971E-01    1.0000000       0.72692554       0.63954555        1.0000000        1.0000000       0.79801723
  11.550000      -0.79508591E-01    1.0000000       0.71992628       0.63097089        1.0000000        1.0000000       0.79241491
  11.600000      -0.61214699E-01    1.0000000       0.71287400       0.62236701        1.0000000        1.0000000       0.78674494
  11.650000      -0.49866191E-01    1.0000000       0.70577041       0.61373698        1.0000000        1.0000000       0.78100780
  11.700000      -0.57481951E-01    1.0000000       0.69861726       0.60508389        1.0000000        1.0000000       0.77520398
  11.750000       0.13892900E-01    1.0000000       0.69141628       0.59641079        1.0000000        1.0000000       0.76933397
  11.800000       0.26550468E-01    1.0000000       0.68416923       0.58772076        1.0000000        1.0000000       0.76339828
  11.850000       0.48534196E-01    1.0000000       0.67687786       0.57901681        1.0000000        1.0000000       0.75739742
  11.900000       0.76915873E-01    1.0000000       0.66954394       0.57030200        1.0000000        1.0000000       0.75133189
  11.950000       0.70504519E-01    1.0000000       0.66216923       0.56157932        1.0000000        1.0000000       0.74520221
  12.000000       0.45748843E-01   1.00000000       0.65475551       0.55285178       1.00000000       0.99999977       0.73900892
  12.050000       0.43999400E-01   0.99931475       0.64730456       0.54412234       0.99972221       0.98333310       0.73275253
  12.100000       0.36703391E-01   0.99726091       0.63981817       0.53539397       0.99888887       0.96666644       0.72643357
  12.150000       0.31355808E-01   0.99384412       0.63229812       0.52666960       0.99749998       0.94999978       0.72005260
  12.200000       0.10791578E-01   0.98907373       0.62474621       0.51795214       0.99555553       0.93333312       0.71361015
  12.250000      -0.33867148E-02   0.98296283       0.61716424       0.50924448       0.99305552       0.91666645       0.70710678
  12.300000      -0.47903157E-03   0.97552816       0.60955399       0.50054947       0.98999996       0.89999979       0.70054304
  12.350000      -0.12858783E-01   0.96679010       0.60191728       0.49186995       0.98638884       0.88333313       0.69391948
  12.400000      -0.36592448E-01   0.95677260       0.59425590       0.48320873       0.98222217       0.86666646       0.68723669
  12.450000      -0.42584783E-01   0.94550312       0.58657165       0.47456858       0.97749994       0.84999980       0.68049521
  12.500000      -0.32217917E-01   0.93301255       0.57886633       0.46595225       0.97222216       0.83333314       0.67369564
  12.550000      -0.27864343E-01   0.91933512       0.57114175       0.45736243       0.96638882       0.81666648       0.66683856
  12.600000      -0.37120918E-01   0.90450832       0.56339970       0.44880182       0.95999993       0.79999981       0.65992453
  12.650000      -0.41026237E-01   0.88857280       0.55564198       0.44027304       0.95305548       0.78333315       0.65295417
  12.700000      -0.32387366E-01   0.87157222       0.54787039       0.43177872       0.94555547       0.76666649       0.64592806
  12.750000      -0.20305489E-01   0.85355320       0.54008673       0.42332141       0.93749991       0.74999983       0.63884681
  12.800000       0.12937201E-01   0.83456510       0.53229277       0.41490365       0.92888880       0.73333316       0.63171101
  12.850000       0.52356489E-01   0.81465999       0.52449032       0.40652792       0.91972213       0.71666650       0.62452127
  12.900000       0.56827508E-01   0.79389242       0.51668115       0.39819667       0.90999990       0.69999984       0.61727822
  12.950000       0.56151085E-01   0.77231931       0.50886703       0.38991232       0.89972212       0.68333317       0.60998247
  13.000000       0.52032929E-01   0.74999979       0.50104974       0.38167723       0.88888879       0.66666651       0.60263464
  13.050000       0.46921287E-01   0.72699504       0.49323106       0.37349371       0.87749989       0.64999985       0.59523535
  13.100000       0.31038825E-01   0.70336811       0.48541272       0.36536404       0.86555545       0.63333319       0.58778525
  13.150000       0.27575862E-01   0.67918376       0.47759650       0.35729047       0.85305545       0.61666652       0.58028497
  13.200000       0.19702204E-01   0.65450829       0.46978412       0.34927516       0.83999989       0.59999986       0.57273514
  13.250000       0.10487193E-01   0.62940932       0.46197734       0.34132025       0.82638878       0.58333320       0.56513641
  13.300000       0.70193118E-02   0.60395564       0.45417788       0.33342784       0.81222211       0.56666653       0.55748944
  13.350000       0.12581416E-01   0.57821703       0.44638745       0.32559996       0.79749988       0.54999987       0.54979487
  13.400000       0.50000707E-02   0.55226404       0.43860778       0.31783860       0.78222211       0.53333321       0.54205336
  13.450000       0.84534518E-03   0.52616779       0.43084055       0.31014570       0.76638877       0.51666655       0.53426557
  13.500000      -0.32048813E-01   0.49999982       0.42308746       0.30252315       0.74999988       0.49999988       0.52643216
  13.550000      -0.34972451E-01   0.47383184       0.41535018       0.29497279       0.73305544       0.48333322       0.51855381
  13.600000      -0.22077432E-01   0.44773560       0.40763039       0.28749639       0.71555544       0.46666656       0.51063119
  13.650000      -0.28797829E-01   0.42178260       0.39992973       0.28009568       0.69749988       0.44999990       0.50266498
  13.700000      -0.35654063E-01   0.39604400       0.39224986       0.27277236       0.67888877       0.43333323       0.49465584
  13.750000      -0.17775377E-01   0.37059033       0.38459239       0.26552803       0.65972211       0.41666657       0.48660448
  13.800000      -0.27743957E-01   0.34549136       0.37695894       0.25836427       0.63999989       0.39999991       0.47851157
  13.850000      -0.36473129E-01   0.32081589       0.36935112       0.25128259       0.61972211       0.38333324       0.47037781
  13.900000      -0.30443424E-01   0.29663156       0.36177051       0.24428445       0.59888878       0.36666658       0.46220388
  13.950000      -0.20818896E-01   0.27300464       0.35421869       0.23737124       0.57749989       0.34999992       0.45399050
  14.000000       0.22854038E-02   0.24999989       0.34669722       0.23054433       0.55555545       0.33333326       0.44573836
  14.050000       0.25493520E-02   0.22768039       0.33920762       0.22380499       0.53305545       0.31666659       0.43744816
  14.100000      -0.27723943E-01   0.20610728       0.33175144       0.21715447       0.50999990       0.29999993       0.42912061
  14.150000      -0.21144366E-01   0.18533972       0.32433017       0.21059393       0.48638879       0.28333327       0.42075642
  14.200000      -0.51059373E-02   0.16543462       0.31694532       0.20412450       0.46222213       0.26666660       0.41235632
  14.250000      -0.13386461E-01   0.14644654       0.30959835       0.19774724       0.43749991       0.24999994       0.40392100
  14.300000      -0.35988098E-01   0.12842753       0.30229072       0.19146316       0.41222214       0.23333328       0.39545121
  14.350000      -0.27348059E-01   0.11142697       0.29502387       0.18527320       0.38638881       0.21666662       0.38694765
  14.400000      -0.18343176E-01   0.95491460E-01   0.28779922       0.17917825       0.35999993       0.19999995       0.37841105
  14.450000      -0.41838159E-02   0.80664679E-01   0.28061817       0.17317915       0.33305549       0.18333329       0.36984215
  14.500000       0.37064400E-02   0.66987268E-01   0.27348210       0.16727668       0.30555549       0.16666663       0.36124167
  14.550000      -0.22857388E-01   0.54496713E-01   0.26639237       0.16147155       0.27749994       0.14999997       0.35261034
  14.600000      -0.11027845E-01   0.43227251E-01   0.25935033       0.15576443       0.24888883       0.13333330       0.34394892
  14.650000       0.14131797E-02   0.33209771E-01   0.25235730       0.15015592       0.21972217       0.11666664       0.33525813
  14.700000       0.44440831E-02   0.24471731E-01   0.24541457       0.14464658       0.18999996       0.99999977E-01   0.32653871
  14.750000       0.95437103E-01   0.17037079E-01   0.23852343       0.13923688       0.15972219       0.83333314E-01   0.31779142
  14.800000       0.60048605E-01   0.10926195E-01   0.23168513       0.13392728       0.12888886       0.66666651E-01   0.30901699
  14.850000       0.19833514E-01   0.61558268E-02   0.22490091       0.12871814       0.97499978E-01   0.49999988E-01   0.30021619
  14.900000       0.37709204E-01   0.27390510E-02   0.21817199       0.12360980       0.65555541E-01   0.33333326E-01   0.29138975
  14.950000       0.16476068E-02   0.68523230E-03   0.21149955       0.11860252       0.33055548E-01   0.16666663E-01   0.28253843
  15.000000       0.27938018E-01    0.0000000        0.0000000       0.11369652        0.0000000        0.0000000       0.27366299
  15.050000       0.47847037E-01    0.0000000        0.0000000       0.10889196        0.0000000        0.0000000       0.26476419
  15.100000       0.42226716E-01    0.0000000        0.0000000       0.10418894        0.0000000        0.0000000       0.25584278
  15.150000       0.48154834E-01    0.0000000        0.0000000       0.99587517E-01    0.0000000        0.0000000       0.24689953
  15.200000       0.40076949E-01    0.0000000        0.0000000       0.95087690E-01    0.0000000        0.0000000       0.23793520
  15.250000       0.34801048E-01    0.0000000        0.0000000       0.90689405E-01    0.0000000        0.0000000       0.22895055
  15.300000       0.48590591E-01    0.0000000        0.0000000       0.86392557E-01    0.0000000        0.0000000       0.21994636
  15.350000       0.40582354E-01    0.0000000        0.0000000       0.82196990E-01    0.0000000        0.0000000       0.21092339
  15.400000       0.46887976E-02    0.0000000        0.0000000       0.78102497E-01    0.0000000        0.0000000       0.20188241
  15.450000      -0.21437391E-01    0.0000000        0.0000000       0.74108821E-01    0.0000000        0.0000000       0.19282419
  15.500000      -0.25947341E-01    0.0000000        0.0000000       0.70215655E-01    0.0000000        0.0000000       0.18374952
  15.550000      -0.24025526E-01    0.0000000        0.0000000       0.66422645E-01    0.0000000        0.0000000       0.17465915
  15.600000      -0.37051340E-01    0.0000000        0.0000000       0.62729388E-01    0.0000000        0.0000000       0.16555388
  15.650000      -0.53370281E-01    0.0000000        0.0000000       0.59135433E-01    0.0000000        0.0000000       0.15643447
  15.700000      -0.69692752E-01    0.0000000        0.0000000       0.55640284E-01    0.0000000        0.0000000       0.14730170
  15.750000      -0.63814192E-01    0.0000000        0.0000000       0.52243399E-01    0.0000000        0.0000000       0.13815635
  15.800000      -0.84750024E-01    0.0000000        0.0000000       0.48944192E-01    0.0000000        0.0000000       0.12899922
