# data from ifeffit
#------------------------
#   r         chir_kw0      chir_kw1      chir_kw2      chir_kw3
  0.0000000       0.57481991        4.2742099        8.0794814        12.009293
  0.30679616E-01   0.57723750        4.2757374        8.0810273        12.013228
  0.61359232E-01   0.58451274        4.2803808        8.0858771        12.022073
  0.92038847E-01   0.59669912        4.2882585        8.0942921        12.033314
  0.12271846       0.61384933        4.2994078        8.1059607        12.045384
  0.15339808       0.63598957        4.3136971        8.1199239        12.056756
  0.18407769       0.66312152        4.3308745        8.1351061        12.066466
  0.21475731       0.69525517        4.3507341        8.1509521        12.074877
  0.24543693       0.73245287        4.3732866        8.1677752        12.084142
  0.27611654       0.77485122        4.3988070        8.1866210        12.097455
  0.30679616       0.82263416        4.4277013        8.2086380        12.116819
  0.33747577       0.87595625        4.4602409        8.2342563        12.141333
  0.36815539       0.93484737        4.4963100        8.2627076        12.167695
  0.39883500       0.99914999        4.5353197        8.2921952        12.191710
  0.42951462        1.0685331        4.5763628        8.3205713        12.209585
  0.46019424        1.1425934        4.6185536        8.3461790        12.218969
  0.49087385        1.2210115        4.6614125        8.3685827        12.219985
  0.52155347        1.3036982        4.7051317        8.3889671        12.216232
  0.55223308        1.3908643        4.7505920        8.4099645        12.215041
  0.58291270        1.4829744        4.7990877        8.4347398        12.224903
  0.61359232        1.5805987        4.8518473        8.4655527        12.249452
  0.64427193        1.6842275        4.9095673        8.5025978        12.284207
  0.67495155        1.7941429        4.9722127        8.5439640        12.320245
  0.70563116        1.9104224        5.0392247        8.5867909        12.349311
  0.73631078        2.0330867        5.1100700        8.6289817        12.367028
  0.76699039        2.1623320        5.1848909        8.6707521        12.375362
  0.79767001        2.2987304        5.2649545        8.7154555        12.384892
  0.82834963        2.4432817        5.3526473        8.7691502        12.413915
  0.85902924        2.5972514        5.4509211        8.8386074        12.478923
  0.88970886        2.7618178        5.5623410        8.9284002        12.582481
  0.92038847        2.9376440        5.6881218        9.0387760        12.713844
  0.95106809        3.1245376        5.8275920        9.1656306        12.857705
  0.98174770        3.3213336        5.9783246        9.3022512        12.999871
  1.0124273        3.5260477        6.1368409        9.4415886        13.129611
  1.0431069        3.7362351        6.2995710        9.5781591        13.240968
  1.0737866        3.9494191        6.4637146        9.7092371        13.333707
  1.1044662        4.1634365        6.6277419        9.8352306        13.413575
  1.1351458        4.3765910        6.7914142        9.9591853        13.491180
  1.1658254        4.5875843        6.9553541        10.085485        13.578939
  1.1965050        4.7952740        7.1203294        10.218084        13.686577
  1.2271846        4.9983689        7.2865168        10.358890        13.817218
  1.2578642        5.1951850        7.4530121        10.506956        13.966412
  1.2885439        5.3835537        7.6177536        10.658781        14.124502
  1.3192235        5.5609049        7.7778507        10.809512        14.280646
  1.3499031        5.7244767        7.9301449        10.954476        14.426535
  1.3805827        5.8715536        8.0717557        11.090424        14.558768
  1.4112623        5.9996357        8.2003840        11.216058        14.679469
  1.4419419        6.1064725        8.3142538        11.331676        14.795041
  1.4726216        6.1899653        8.4117137        11.438028        14.913211
  1.5033012        6.2480003        8.4906561        11.534773        15.039117
  1.5339808        6.2783155        8.5479942        11.619091        15.171910
  1.5646604        6.2785080        8.5794321        11.684992        15.303321
  1.5953400        6.2462457        8.5796765        11.723610        15.418738
  1.6260196        6.1796898        8.5430939        11.724389        15.500106
  1.6566993        6.0780644        8.4646917        11.676803        15.529401
  1.6873789        5.9422704        8.3412251        11.572141        15.491695
  1.7180585        5.7754187        8.1722350        11.405007        15.377329
  1.7487381        5.5831730        7.9608760        11.174318        15.183077
  1.7794177        5.3738140        7.7144725        10.883778        14.912444
  1.8100973        5.1579650        7.4448023        10.541925        14.575253
  1.8407769        4.9479406        7.1681146        10.162073        14.186867
  1.8714566        4.7567087        6.9047670        9.7628247        13.767592
  1.9021362        4.5965166        6.6780302        9.3709064        13.343672
  1.9328158        4.4773510        6.5111663        9.0307534        12.954324
  1.9634954        4.4055659        6.4221338        8.8238727        12.677595
  1.9941750        4.3831053        6.4174986        8.8398086        12.642483
  2.0248546        4.4076308        6.4899790        9.0418129        12.833345
  2.0555343        4.4735238        6.6223394        9.3202262        13.098695
  2.0862139        4.5733821        6.7945430        9.6113915        13.360649
  2.1168935        4.6995132        6.9892996        9.8898027        13.593587
  2.1475731        4.8450686        7.1944285        10.147059        13.791055
  2.1782527        5.0046916        7.4030702        10.383524        13.956820
  2.2089323        5.1747045        7.6129870        10.605522        14.103869
  2.2396120        5.3529166        7.8255233        10.824090        14.255143
  2.2702916        5.5381274        8.0443206        11.053502        14.442317
  2.3009712        5.7293972        8.2737456        11.308746        14.699585
  2.3316508        5.9251818        8.5170981        11.601977        15.053005
  2.3623304        6.1224710        8.7748584        11.938923        15.511388
  2.3930100        6.3161028        9.0433680        12.316585        16.064429
  2.4236896        6.4984198        9.3142848        12.723023        16.687063
  2.4543693        6.6593728        9.5749400        13.138970        17.345419
  2.4850489        6.7870879        9.8094750        13.540456        18.001673
  2.5157285        6.8688200        10.000474        13.901643        18.617548
  2.5464081        6.8921504        10.130785        14.197454        19.156995
  2.5770877        6.8462632        10.185261        14.405796        19.588410
  2.6077673        6.7231390        10.152262        14.509331        19.886499
  2.6384470        6.5185333        10.024775        14.496756        20.033722
  2.6691266        6.2326419        9.8011088        14.363570        20.021245
  2.6998062        5.8703970        9.4851250        14.112318        19.849320
  2.7304858        5.4413744        9.0860098        13.752308        19.527044
  2.7611654        4.9593359        8.6176232        13.298841        19.071534
  2.7918450        4.4414650        8.0974941        12.772035        18.506577
  2.8225246        3.9073884        7.5455520        12.195328        17.860853
  2.8532043        3.3780947        6.9827182        11.593794        17.165887
  2.8838839        2.8748565        6.4294944        10.992418        16.453892
  2.9145635        2.4181910        5.9047179        10.414484        15.755648
  2.9452431        2.0266818        5.4247252        9.8802476        15.098595
  2.9759227        1.7150845        5.0034178        9.4061107        14.505249
  3.0066023        1.4909406        4.6547788        9.0046795        13.992031
  3.0372820        1.3503511        4.4036094        8.6865271        13.568554
  3.0679616        1.2768978        4.3061654        8.4650021        13.237371
  3.0986412        1.2471894        4.3643550        8.3583929        12.994260
  3.1293208        1.2392487        4.4691265        8.3584005        12.829258
  3.1600004        1.2372662        4.5656117        8.4105883        12.728600
  3.1906800        1.2317177        4.6428716        8.4730225        12.676962
  3.2213597        1.2175229        4.7007022        8.5305061        12.658836
  3.2520393        1.1922972        4.7406939        8.5780365        12.658938
  3.2827189        1.1553081        4.7643338        8.6127797        12.662776
  3.3133985        1.1070174        4.7730548        8.6324940        12.657829
  3.3440781        1.0489023        4.7687881        8.6361491        12.634888
  3.3747577       0.98329952        4.7544350        8.6249703        12.589262
  3.4054373       0.91313978        4.7339949        8.6032881        12.522167
  3.4361170       0.84157365        4.7122503        8.5788837        12.443430
  3.4667966       0.77159928        4.6940201        8.5622469        12.377293
  3.4974762       0.70586304        4.6831467        8.5637811        12.364776
  3.5281558       0.64677517        4.6815909        8.5891998        12.431059
  3.5588354       0.59692544        4.6890883        8.6365521        12.553769
  3.5895150       0.55949911        4.7035342        8.6978931        12.698983
  3.6201947       0.53810092        4.7217944        8.7633343        12.844090
  3.6508743       0.53548715        4.7404518        8.8238986        12.975195
  3.6815539       0.55166641        4.7562248        8.8725428        13.083433
  3.7122335       0.58294517        4.7660867        8.9042205        13.163371
  3.7429131       0.62283604        4.7672524        8.9156599        13.212374
  3.7735927       0.66392274        4.7571733        8.9051153        13.230280
  3.8042724       0.69942043        4.7336051        8.8721634        13.219182
  3.8349520       0.72408471        4.6947483        8.8175624        13.183231
  3.8656316       0.73470548        4.6394301        8.7432000        13.128490
  3.8963112       0.73045739        4.5673141        8.6522120        13.062829
  3.9269908       0.71327195        4.4791942        8.5495138        12.995830
  3.9576704       0.68829050        4.3776751        8.4434482        12.938436
  3.9883500       0.66423622        4.2696758        8.3503388        12.901837
  4.0190297       0.65298917        4.1786286        8.3020656        12.895093
  4.0497093       0.66701604        4.1761734        8.3317570        12.922193
  4.0803889       0.71446953        4.2801995        8.4283040        12.980776
  4.1110685       0.79552244        4.4233476        8.5582827        13.063766
  4.1417481       0.90358066        4.5777756        8.7007186        13.162301
  4.1724277        1.0292951        4.7337730        8.8448433        13.267854
  4.2031074        1.1635248        4.8858588        8.9842891        13.373088
  4.2337870        1.2984566        5.0299541        9.1146504        13.471998
  4.2644666        1.4277624        5.1627597        9.2326402        13.559850
  4.2951462        1.5464800        5.2816433        9.3358433        13.633146
  4.3258258        1.6508708        5.3846625        9.4226889        13.689662
  4.3565054        1.7382988        5.4706051        9.4924908        13.728524
  4.3871851        1.8071175        5.5390017        9.5454762        13.750278
  4.4178647        1.8565439        5.5900849        9.5827577        13.756913
  4.4485443        1.8865087        5.6246849        9.6062196        13.751756
  4.4792239        1.8974816        5.6440637        9.6183020        13.739213
  4.5099035        1.8902848        5.6497030        9.6216880        13.724283
  4.5405831        1.8659119        5.6430745        9.6189238        13.711856
  4.5712627        1.8253755        5.6254314        9.6120332        13.705862
  4.6019424        1.7696056        5.5976619        9.6022078        13.708472
  4.6326220        1.6994122        5.5602402        9.5896577        13.719610
  4.6633016        1.6155156        5.5132889        9.5736689        13.736973
  4.6939812        1.5186346        5.4567434        9.5528586        13.756545
  4.7246608        1.4096111        5.3905871        9.5255623        13.773417
  4.7553404        1.2895459        5.3151103        9.4902577        13.782644
  4.7860201        1.1599194        5.2311468        9.4459328        13.779931
  4.8166997        1.0226793        5.1402493        9.3923346        13.762080
  4.8473793       0.88029473        5.0447800        9.3300674        13.727187
  4.8780589       0.73580348        4.9479030        9.2605406        13.674635
  4.9087385       0.59293666        4.8534688        9.1857859        13.604946
  4.9394181       0.45656925        4.7657661        9.1081828        13.519544
  4.9700978       0.33424997        4.6890943        9.0301475        13.420485
  5.0007774       0.24081708        4.6271072        8.9538515        13.310210
  5.0314570       0.20384322        4.5819977        8.8810447        13.191368
  5.0621366       0.23529248        4.5538641        8.8130507        13.066766
  5.0928162       0.30356798        4.5407876        8.7509698        12.939506
  5.1234958       0.38132332        4.5397838        8.6960683        12.813409
  5.1541754       0.45834653        4.5480954        8.6502559        12.693938
  5.1848551       0.53194760        4.5640855        8.6164431        12.589835
  5.2155347       0.60222251        4.5874120        8.5984502        12.515120
  5.2462143       0.67025426        4.6186106        8.6001408        12.487713
  5.2768939       0.73725163        4.6583870        8.6239133        12.518375
  5.3075735       0.80403949        4.7069280        8.6694657        12.600067
  5.3382531       0.87075769        4.7634605        8.7337529        12.715805
  5.3689328       0.93673588        4.8261400        8.8119388        12.850424
  5.3996124        1.0005212        4.8921981        8.8984442        12.993108
  5.4302920        1.0600239        4.9582249        8.9875877        13.135824
  5.4609716        1.1127395        5.0204828        9.0738699        13.271863
  5.4916512        1.1560108        5.0752072        9.1521108        13.395120
  5.5223308        1.1872992        5.1188803        9.2175745        13.499884
  5.5530105        1.2044447        5.1484805        9.2661288        13.580937
  5.5836901        1.2058949        5.1617013        9.2944337        13.633788
  5.6143697        1.1908872        5.1571316        9.3001324        13.654964
  5.6450493        1.1595686        5.1343838        9.2820155        13.642287
  5.6757289        1.1130405        5.0941580        9.2401331        13.595085
  5.7064085        1.0533211        5.0382336        9.1758374        13.514311
  5.7370881       0.98322195        4.9693888        9.0917547        13.402556
  5.7677678       0.90614407        4.8912518        8.9916942        13.263948
  5.7984474       0.82580485        4.8080951        8.8805232        13.103969
  5.8291270       0.74591434        4.7245774        8.7640475        12.929208
  5.8598066       0.66983147        4.6454255        8.6489538        12.747143
  5.8904862       0.60024517        4.5750237        8.5428358        12.566127
  5.9211658       0.53894608        4.5168647        8.4541282        12.396203
  5.9518455       0.48676434        4.4728962        8.3911149        12.253307
  5.9825251       0.44372205        4.4430110        8.3585677        12.174417
  6.0132047       0.40936713        4.4251015        8.3533337        12.197622
  6.0438843       0.38315178        4.4158402        8.3651170        12.267942
  6.0745639       0.36467508        4.4117727        8.3827468        12.334622
  6.1052435       0.35367967        4.4101280        8.3984999        12.383271
  6.1359232       0.34984640        4.4091235        8.4085216        12.411212
  6.1666028       0.35256315        4.4079040        8.4118250        12.419993
  6.1972824       0.36084541        4.4063232        8.4093136        12.413532
  6.2279620       0.37344667        4.4046900        8.4030384        12.397445
  6.2586416       0.38905180        4.4035166        8.3955614        12.378491
  6.2893212       0.40642140        4.4032761        8.3893119        12.363566
  6.3200008       0.42443139        4.4041846        8.3859499        12.357915
  6.3506805       0.44203394        4.4060488        8.3859073        12.363170
  6.3813601       0.45820085        4.4082248        8.3883173        12.376862
  6.4120397       0.47190151        4.4097053        8.3913704        12.394017
  6.4427193       0.48213747        4.4093058        8.3929016        12.409377
  6.4733989       0.48802464        4.4058919        8.3909458        12.418793
  6.5040785       0.48889472        4.3985835        8.3841151        12.419720
  6.5347582       0.48438248        4.3868966        8.3717731        12.411188
  6.5654378       0.47447258        4.3707993        8.3540506        12.393610
  6.5961174       0.45949253        4.3506836        8.3317433        12.368505
  6.6267970       0.44005380        4.3272637        8.3061263        12.338197
  6.6574766       0.41695629        4.3014225        8.2787102        12.305477
  6.6881562       0.39108220        4.2740398        8.2509659        12.273212
  6.7188359       0.36330912        4.2458399        8.2240617        12.243890
  6.7495155       0.33446874        4.2173015        8.1986761        12.219141
  6.7801951       0.30536461        4.1886565        8.1749563        12.199391
  6.8108747       0.27684293        4.1599786        8.1526594        12.183881
  6.8415543       0.24988775        4.1313334        8.1314388        12.171158
  6.8722339       0.22568894        4.1029529        8.1111736        12.159753
  6.9029135       0.20560705        4.0754384        8.0922453        12.148689
  6.9335932       0.19095016        4.0502207        8.0757135        12.137611
  6.9642728       0.18255224        4.0315520        8.0633105        12.126653
  6.9949524       0.18035952        4.0300320        8.0568689        12.116222
  7.0256320       0.18338681        4.0441792        8.0568694        12.106896
  7.0563116       0.19013685        4.0620086        8.0618200        12.099588
  7.0869912       0.19913716        4.0796765        8.0699105        12.095900
  7.1176709       0.20923845        4.0966632        8.0804208        12.098184
  7.1483505       0.21961949        4.1132406        8.0935576        12.108573
  7.1790301       0.22962879        4.1297166        8.1096681        12.127535
  7.2097097       0.23860459        4.1460860        8.1286249        12.153684
  7.2403893       0.24576296        4.1619038        8.1496514        12.184737
  7.2710689       0.25018751        4.1763437        8.1714838        12.218255
  7.3017486       0.25090799        4.1883744        8.1926511        12.251940
  7.3324282       0.24702881        4.1969766        8.2117323        12.283736
  7.3631078       0.23786401        4.2013410        8.2275523        12.311910
  7.3937874       0.22304511        4.2010207        8.2393110        12.335116
  7.4244670       0.20258304        4.1960303        8.2466508        12.352447
  7.4551466       0.17687837        4.1868941        8.2496647        12.363451
  7.4858262       0.14668469        4.1746516        8.2488473        12.368117
  7.5165059       0.11303885        4.1608238        8.2449978        12.366826
  7.5471855       0.77191169E-01    4.1473239        8.2390854        12.360282
  7.5778651       0.40708821E-01    4.1362472        8.2321014        12.349435
  7.6085447       0.11050331E-01    4.1294352        8.2249216        12.335401
  7.6392243       0.35550918E-01    4.1278545        8.2182093        12.319389
  7.6699039       0.68745636E-01    4.1312045        8.2123732        12.302616
  7.7005836       0.99916408E-01    4.1381887        8.2075747        12.286197
  7.7312632       0.12821890        4.1471990        8.2037587        12.271004
  7.7619428       0.15332065        4.1568243        8.2006809        12.257486
  7.7926224       0.17507764        4.1660032        8.1979239        12.245521
  7.8233020       0.19345979        4.1739800        8.1949193        12.234379
  7.8539816       0.20852450        4.1802302        8.1910041        12.222845
  7.8846612       0.22041777        4.1844277        8.1855282        12.209487
  7.9153409       0.22939239        4.1864648        8.1780105        12.192990
  7.9460205       0.23582875        4.1865026        8.1683266        12.172468
  7.9767001       0.24024046        4.1850193        8.1569069        12.147748
  8.0073797       0.24324884        4.1828105        8.1449178        12.119709
  8.0380593       0.24551797        4.1809017        8.1343415        12.091027
  8.0687389       0.24765626        4.1803414        8.1277142        12.068353
  8.0994186       0.25010853        4.1819096        8.1271949        12.064159
  8.1300982       0.25307503        4.1858574        8.1332676        12.081799
  8.1607778       0.25648954        4.1918303        8.1443863        12.108896
  8.1914574       0.26006588        4.1990233        8.1580000        12.136363
  8.2221370       0.26339240        4.2064669        8.1717459        12.160235
  8.2528166       0.26603744        4.2132945        8.1840162        12.178944
  8.2834963       0.26763071        4.2189040        8.1940512        12.192390
  8.3141759       0.26790133        4.2229963        8.2018264        12.201653
  8.3448555       0.26667077        4.2255148        8.2078344        12.208732
  8.3755351       0.26381301        4.2265202        8.2127849        12.216066
  8.4062147       0.25920252        4.2260449        8.2172630        12.225745
  8.4368943       0.25267289        4.2239729        8.2214364        12.238698
  8.4675739       0.24400471        4.2199873        8.2249213        12.254330
  8.4982536       0.23295118        4.2136005        8.2268573        12.270829
  8.5289332       0.21929798        4.2042562        8.2261419        12.285849
  8.5596128       0.20294486        4.1914649        8.2217214        12.297167
  8.5902924       0.18399313        4.1749355        8.2128464        12.303116
  8.6209720       0.16282815        4.1546724        8.1992521        12.302811
  8.6516516       0.14019706        4.1310233        8.1812597        12.296220
  8.6823313       0.11729967        4.1046771        8.1598259        12.284130
  8.7130109       0.95924461E-01    4.0766179        8.1365734        12.268030
  8.7436905       0.78596526E-01    4.0480482        8.1138425        12.249906
  8.7743701       0.68252598E-01    4.0203213        8.0947075        12.231923
  8.8050497       0.66323683E-01    4.0060212        8.0824859        12.216002
  8.8357293       0.70650680E-01    4.0280533        8.0788130        12.203334
  8.8664090       0.77190721E-01    4.0461330        8.0816264        12.194058
  8.8970886       0.82778527E-01    4.0592030        8.0866640        12.187324
  8.9277682       0.85698199E-01    4.0668248        8.0903447        12.181773
  8.9584478       0.85299766E-01    4.0689053        8.0906607        12.176157
  8.9891274       0.81665095E-01    4.0656756        8.0869064        12.169805
  9.0198070       0.75440717E-01    4.0576582        8.0793641        12.162821
  9.0504866       0.67789043E-01    4.0456267        8.0692156        12.156058
  9.0811663       0.60404213E-01    4.0306066        8.0587506        12.150871
  9.1118459       0.55410950E-01    4.0143781        8.0517343        12.148651
  9.1425255       0.54682058E-01    4.0104650        8.0523307        12.150224
  9.1732051       0.58596168E-01    4.0269945        8.0611075        12.155434
  9.2038847       0.65817880E-01    4.0448498        8.0746546        12.163199
  9.2345643       0.74498877E-01    4.0615920        8.0895015        12.171959
  9.2652440       0.83186532E-01    4.0764239        8.1034526        12.180146
  9.2959236       0.90966451E-01    4.0888565        8.1152239        12.186463
  9.3266032       0.97336090E-01    4.0985967        8.1240799        12.189983
  9.3572828       0.10207355        4.1055161        8.1296476        12.190148
  9.3879624       0.10514447        4.1096304        8.1318216        12.186741
  9.4186420       0.10663810        4.1110782        8.1307054        12.179833
  9.4493217       0.10672257        4.1100981        8.1265662        12.169741
  9.4800013       0.10561342        4.1070057        8.1197925        12.156968
  9.5106809       0.10355249        4.1021695        8.1108497        12.142151
  9.5413605       0.10079527        4.0959894        8.1002326        12.125985
  9.5720401       0.97605387E-01    4.0888807        8.0884183        12.109150
  9.6027197       0.94254773E-01    4.0812687        8.0758239        12.092231
  9.6333993       0.91027707E-01    4.0736031        8.0627865        12.075672
  9.6640790       0.88224919E-01    4.0663971        8.0495944        12.059804
  9.6947586       0.86160824E-01    4.0602876        8.0366535        12.045095
  9.7254382       0.85143929E-01    4.0560638        8.0251310        12.033029
  9.7561178       0.85432576E-01    4.0545475        8.0191893        12.028079
  9.7867974       0.87170692E-01    4.0562406        8.0245494        12.034837
  9.8174770       0.90326887E-01    4.0609843        8.0370639        12.049723
  9.8481567       0.94667366E-01    4.0680132        8.0518173        12.068087
  9.8788363       0.99776585E-01    4.0763029        8.0669224        12.087636
  9.9095159       0.10511399        4.0848379        8.0813476        12.106953
  9.9401955       0.11008423        4.0927134        8.0942639        12.124861
  9.9708751       0.11410437        4.0991595        8.1049350        12.140301
