# data from ifeffit
#------------------------
#   r         chir_h3      chir_p3      chir_k3      chir_k5
  0.0000000       0.15896273E-01   0.50208304        1.0168328        1.5132875
  0.30679616E-01   0.16205461E-01   0.50201875        1.0171246        1.5133961
  0.61359232E-01   0.17175421E-01   0.50215521        1.0178418        1.5136828
  0.92038847E-01   0.18858417E-01   0.50307918        1.0186321        1.5140513
  0.12271846       0.21192133E-01   0.50473269        1.0191761        1.5143932
  0.15339808       0.23984786E-01   0.50675419        1.0193396        1.5146233
  0.18407769       0.27021219E-01   0.50887112        1.0192134        1.5146909
  0.21475731       0.30190429E-01   0.51092934        1.0190574        1.5145784
  0.24543693       0.33555036E-01   0.51293096        1.0191480        1.5143012
  0.27611654       0.37324197E-01   0.51507124        1.0195945        1.5139213
  0.30679616       0.41727603E-01   0.51769100        1.0202828        1.5135701
  0.33747577       0.46851269E-01   0.52109892        1.0210286        1.5134632
  0.36815539       0.52541515E-01   0.52536690        1.0218225        1.5138660
  0.39883500       0.58439042E-01   0.53026993        1.0229712        1.5149888
  0.42951462       0.64114269E-01   0.53538866        1.0249803        1.5168756
  0.46019424       0.69235807E-01   0.54027680        1.0281648        1.5193900
  0.49087385       0.73716542E-01   0.54463050        1.0323321        1.5222855
  0.52155347       0.77793411E-01   0.54843595        1.0368669        1.5252728
  0.55223308       0.81992895E-01   0.55205526        1.0410570        1.5280614
  0.58291270       0.86947950E-01   0.55616925        1.0443880        1.5303981
  0.61359232       0.93110531E-01   0.56150812        1.0467293        1.5321142
  0.64427193       0.10051956       0.56846496        1.0483972        1.5331771
  0.67495155       0.10879279       0.57688023        1.0500409        1.5337264
  0.70563116       0.11735818       0.58618045        1.0523160        1.5340750
  0.73631078       0.12579633       0.59575285        1.0555086        1.5346708
  0.76699039       0.13415042       0.60534189        1.0594597        1.5360567
  0.79767001       0.14309109       0.61532742        1.0639524        1.5388854
  0.82834963       0.15383003       0.62676674        1.0693035        1.5439628
  0.85902924       0.16772149       0.64108393        1.0767149        1.5521594
  0.88970886       0.18568005       0.65945153        1.0879469        1.5641184
  0.92038847       0.20775520       0.68221008        1.1043104        1.5799718
  0.95106809       0.23312611       0.70871078        1.1258316        1.5992737
  0.98174770       0.26045023       0.73760612        1.1513133        1.6211172
  1.0124273       0.28831772       0.76732779        1.1789499        1.6443361
  1.0431069       0.31563182       0.79652908        1.2069374        1.6677427
  1.0737866       0.34184742       0.82439964        1.2339141        1.6903801
  1.1044662       0.36704612       0.85081793        1.2592395        1.7117452
  1.1351458       0.39183706       0.87631354        1.2830890        1.7319176
  1.1658254       0.41709698       0.90182948        1.3063130        1.7515213
  1.1965050       0.44361673       0.92833356        1.3300506        1.7714800
  1.2271846       0.47177802       0.95640969        1.3552040        1.7926199
  1.2578642       0.50139124       0.98599942        1.3819992        1.8152809
  1.2885439       0.53175617        1.0164049        1.4098479        1.8391347
  1.3192235       0.56190241        1.0465336        1.4375611        1.8632953
  1.3499031       0.59089526        1.0752569        1.4637721        1.8866423
  1.3805827       0.61808475        1.1017306        1.4873597        1.9081866
  1.4112623       0.64321155        1.1255621        1.5077089        1.9273249
  1.4419419       0.66633512        1.1467758        1.5247365        1.9438996
  1.4726216       0.68760553        1.1655886        1.5386917        1.9580591
  1.5033012       0.70695457        1.1820773        1.5498163        1.9699804
  1.5339808       0.72381818        1.1958591        1.5580012        1.9795695
  1.5646604       0.73699844        1.2059147        1.5625866        1.9862716
  1.5953400       0.74472198        1.2106243        1.5623876        1.9890704
  1.6260196       0.74487785        1.2080069        1.5559306        1.9866753
  1.6566993       0.73536063        1.1960757        1.5417994        1.9778127
  1.6873789       0.71442825        1.1732075        1.5189703        1.9615200
  1.7180585       0.68100132        1.1384406        1.4870472        1.9373590
  1.7487381       0.63486355        1.0916542        1.4463573        1.9055142
  1.7794177       0.57675553        1.0336256        1.3979116        1.8667753
  1.8100973       0.50838498       0.96598582        1.3432626        1.8224365
  1.8407769       0.43241454       0.89113137        1.2843045        1.7741569
  1.8714566       0.35256495       0.81220896        1.2230692        1.7238560
  1.9021362       0.27418128       0.73348987        1.1616003        1.6737732
  1.9328158       0.20615069       0.66227894        1.1021602        1.6270487
  1.9634954       0.16477453       0.61589554        1.0498966        1.5899445
  1.9941750       0.16796172       0.62187022        1.0390220        1.5759057
  2.0248546       0.20836258       0.66908429        1.0808695        1.5927356
  2.0555343       0.26404524       0.72813235        1.1285012        1.6260801
  2.0862139       0.32227830       0.78714315        1.1746996        1.6639901
  2.1168935       0.37796054       0.84242228        1.2187327        1.7022411
  2.1475731       0.42941179       0.89300384        1.2609002        1.7397415
  2.1782527       0.47670472       0.93927385        1.3020392        1.7768416
  2.2089323       0.52110439       0.98264873        1.3435126        1.8148517
  2.2396120       0.56481794        1.0254570        1.3871879        1.8557261
  2.2702916       0.61070033        1.0706996        1.4352344        1.9015910
  2.3009712       0.66174913        1.1215338        1.4896826        1.9541217
  2.3316508       0.72039545        1.1805109        1.5518456        2.0139753
  2.3623304       0.78778460        1.2488068        1.6218181        2.0805030
  2.3930100       0.86331698        1.3257560        1.6982448        2.1518082
  2.4236896       0.94460450        1.4088468        1.7784086        2.2250473
  2.4543693        1.0277941        1.4940963        1.8585540        2.2968242
  2.4850489        1.1080912        1.5766085        1.9343281        2.3635699
  2.5157285        1.1803286        1.6511550        2.0012435        2.4218620
  2.5464081        1.2394907        1.7126965        2.0551090        2.4686727
  2.5770877        1.2811591        1.7568176        2.0923978        2.5015523
  2.6077673        1.3018662        1.7800697        2.1105339        2.5187570
  2.6384470        1.2993511        1.7802178        2.1080853        2.5193314
  2.6691266        1.2727140        1.7563861        2.0848590        2.5031516
  2.6998062        1.2224637        1.7091012        2.0418994        2.4709285
  2.7304858        1.1504615        1.6402325        1.9813974        2.4241713
  2.7611654        1.0597681        1.5528372        1.9065229        2.3651033
  2.7918450       0.95440701        1.4509248        1.8211960        2.2965287
  2.8225246       0.83906565        1.3391591        1.7298141        2.2216525
  2.8532043       0.71875883        1.2225252        1.6369501        2.1438587
  2.8838839       0.59848363        1.1059866        1.5470351        2.0664663
  2.9145635       0.48289685       0.99416621        1.4640295        1.9924810
  2.9452431       0.37604953       0.89108040        1.3910795        1.9243680
  2.9759227       0.28122215       0.79996070        1.3301630        1.8638713
  3.0066023       0.20093589       0.72320062        1.2817815        1.8119064
  3.0372820       0.13730542       0.66245960        1.2448699        1.7685501
  3.0679616       0.93000411E-01   0.61886025        1.2171428        1.7331495
  3.0986412       0.71678588E-01   0.59275331        1.1958557        1.7045386
  3.1293208       0.71680105E-01   0.58213072        1.1785852        1.6813135
  3.1600004       0.82117660E-01   0.58168235        1.1636148        1.6620862
  3.1906800       0.94604505E-01   0.58577305        1.1498874        1.6456561
  3.2213597       0.10610122       0.59097082        1.1367646        1.6310908
  3.2520393       0.11560730       0.59558101        1.1238347        1.6177480
  3.2827189       0.12255594       0.59867178        1.1108635        1.6052756
  3.3133985       0.12649881       0.59967301        1.0978522        1.5936058
  3.3440781       0.12722982       0.59835668        1.0851137        1.5829516
  3.3747577       0.12499406       0.59493629        1.0733059        1.5737988
  3.4054373       0.12065762       0.59016681        1.0634037        1.5668691
  3.4361170       0.11577674       0.58539510        1.0565988        1.5629804
  3.4667966       0.11244938       0.58245536        1.0540367        1.5627302
  3.4974762       0.11275623       0.58319239        1.0563375        1.5661494
  3.5281558       0.11783995       0.58861317        1.0632790        1.5726744
  3.5588354       0.12731041       0.59837003        1.0740247        1.5814505
  3.5895150       0.13957863       0.61113956        1.0874888        1.5916069
  3.6201947       0.15266685       0.62532957        1.1024700        1.6023448
  3.6508743       0.16477973       0.63947390        1.1176839        1.6129235
  3.6815539       0.17450855       0.65232362        1.1318312        1.6226393
  3.7122335       0.18084409       0.66283457        1.1437075        1.6308301
  3.7429131       0.18313198       0.67015270        1.1523138        1.6369069
  3.7735927       0.18102306       0.67361822        1.1569351        1.6404018
  3.8042724       0.17443267       0.67278219        1.1571799        1.6410235
  3.8349520       0.16351248       0.66742700        1.1529860        1.6387122
  3.8656316       0.14864001       0.65758879        1.1446177        1.6336923
  3.8963112       0.13044240       0.64359174        1.1326926        1.6265265
  3.9269908       0.10990276       0.62612666        1.1182940        1.6181759
  3.9576704       0.88689648E-01   0.60645646        1.1032430        1.6100572
  3.9883500       0.70067759E-01   0.58695297        1.0905510        1.6040163
  4.0190297       0.60413120E-01   0.57223940        1.0845130        1.6020217
  4.0497093       0.66351401E-01   0.56942244        1.0887096        1.6054411
  4.0803889       0.85660800E-01   0.58185359        1.1026974        1.6143498
  4.1110685       0.11165654       0.60476066        1.1228329        1.6276214
  4.1417481       0.14014372       0.63235759        1.1454720        1.6436346
  4.1724277       0.16896866       0.66118164        1.1680905        1.6608450
  4.2031074       0.19685782       0.68927564        1.1891157        1.6779966
  4.2337870       0.22293008       0.71543807        1.2076492        1.6941423
  4.2644666       0.24652804       0.73890671        1.2232878        1.7086201
  4.2951462       0.26716865       0.75923166        1.2359962        1.7210299
  4.3258258       0.28453778       0.77621310        1.2459919        1.7312114
  4.3565054       0.29849816       0.78985666        1.2536356        1.7392131
  4.3871851       0.30909523       0.80033141        1.2593316        1.7452453
  4.4178647       0.31655153       0.80792769        1.2634560        1.7496183
  4.4485443       0.32124391       0.81301651        1.2663190        1.7526743
  4.4792239       0.32366040       0.81601175        1.2681637        1.7547259
  4.5099035       0.32433759       0.81733516        1.2691883        1.7560145
  4.5405831       0.32378477       0.81738227        1.2695739        1.7566955
  4.5712627       0.32240664       0.81648795        1.2694992        1.7568475
  4.6019424       0.32044155       0.81489303        1.2691293        1.7564938
  4.6326220       0.31793154       0.81271734        1.2685768        1.7556222
  4.6633016       0.31473378       0.80994740        1.2678490        1.7541938
  4.6939812       0.31057171       0.80644596        1.2668016        1.7521397
  4.7246608       0.30511245       0.80198555        1.2651259        1.7493516
  4.7553404       0.29805154       0.79630133        1.2623824        1.7456794
  4.7860201       0.28918657       0.78915230        1.2580791        1.7409430
  4.8166997       0.27846691       0.78037788        1.2517756        1.7349617
  4.8473793       0.26601347       0.76993846        1.2431855        1.7275934
  4.8780589       0.25210813       0.75793300        1.2322520        1.7187744
  4.9087385       0.23715718       0.74459234        1.2191815        1.7085460
  4.9394181       0.22163655       0.73025147        1.2044287        1.6970639
  4.9700978       0.20602951       0.71530886        1.1886370        1.6845868
  5.0007774       0.19077031       0.70018355        1.1725493        1.6714522
  5.0314570       0.17620894       0.68528201        1.1569066        1.6580484
  5.0621366       0.16261013       0.67098641        1.1423609        1.6447950
  5.0928162       0.15019395       0.65767163        1.1294275        1.6321426
  5.1234958       0.13921366       0.64575099        1.1184947        1.6205936
  5.1541754       0.13005117       0.63573808        1.1098906        1.6107394
  5.1848551       0.12328862       0.62829140        1.1039774        1.6032824
  5.2155347       0.11969005       0.62418482        1.1012111        1.5989905
  5.2462143       0.12002816       0.62414785        1.1020916        1.5985270
  5.2768939       0.12478265       0.62860234        1.1069840        1.6021974
  5.3075735       0.13389314       0.63745397        1.1159078        1.6097904
  5.3382531       0.14675058       0.65009109        1.1284397        1.6206442
  5.3689328       0.16238776       0.66555335        1.1437671        1.6338408
  5.3996124       0.17968885       0.68271701        1.1608081        1.6483693
  5.4302920       0.19751754       0.70041245        1.1783275        1.6632073
  5.4609716       0.21477398       0.71748400        1.1950366        1.6773612
  5.4916512       0.23042215       0.73282861        1.2096884        1.6898995
  5.5223308       0.24351489       0.74543597        1.2211745        1.6999968
  5.5530105       0.25322577       0.75443567        1.2286152        1.7069806
  5.5836901       0.25888675       0.75914714        1.2314321        1.7103746
  5.6143697       0.26002648       0.75912504        1.2293909        1.7099277
  5.6450493       0.25640310       0.75419241        1.2226085        1.7056229
  5.6757289       0.24802661       0.74445641        1.2115232        1.6976660
  5.7064085       0.23516748       0.73030403        1.1968327        1.6864542
  5.7370881       0.21835093       0.71237888        1.1794115        1.6725323
  5.7677678       0.19833885       0.69154318        1.1602171        1.6565416
  5.7984474       0.17610464       0.66883258        1.1402017        1.6391712
  5.8291270       0.15280951       0.64541451        1.1202397        1.6211171
  5.8598066       0.12979075       0.62256298        1.1010853        1.6030568
  5.8904862       0.10856716       0.60165880        1.0833711        1.5856458
  5.9211658       0.90825631E-01   0.58419333        1.0676619        1.5695447
  5.9518455       0.78222972E-01   0.57164164        1.0545737        1.5554887
  5.9825251       0.71713541E-01   0.56492384        1.0449158        1.5443868
  6.0132047       0.70666736E-01   0.56357418        1.0396066        1.5372954
  6.0438843       0.73023403E-01   0.56575054        1.0389476        1.5348212
  6.0745639       0.76549355E-01   0.56935876        1.0418933        1.5361855
  6.1052435       0.79699980E-01   0.57290862        1.0466804        1.5396070
  6.1359232       0.81704323E-01   0.57561272        1.0518440        1.5435563
  6.1666028       0.82365006E-01   0.57719907        1.0564815        1.5471761
  6.1972824       0.81862723E-01   0.57773567        1.0601454        1.5501153
  6.2279620       0.80607672E-01   0.57751040        1.0627317        1.5523308
  6.2586416       0.79112274E-01   0.57693567        1.0644004        1.5539585
  6.2893212       0.77862383E-01   0.57644699        1.0654840        1.5552185
  6.3200008       0.77189984E-01   0.57638665        1.0663583        1.5563289
  6.3506805       0.77181459E-01   0.57689702        1.0672877        1.5574286
  6.3813601       0.77663452E-01   0.57787001        1.0683065        1.5585280
  6.4120397       0.78274086E-01   0.57898187        1.0691981        1.5595067
  6.4427193       0.78580311E-01   0.57979484        1.0695845        1.5601554
  6.4733989       0.78189170E-01   0.57987646        1.0690698        1.5602429
  6.5040785       0.76823012E-01   0.57889520        1.0673701        1.5595786
  6.5347582       0.74354616E-01   0.57667610        1.0643912        1.5580576
  6.5654378       0.70810120E-01   0.57321756        1.0602470        1.5556796
  6.5961174       0.66348659E-01   0.56867637        1.0552280        1.5525453
  6.6267970       0.61225267E-01   0.56332799        1.0497370        1.5488341
  6.6574766       0.55742045E-01   0.55750961        1.0442042        1.5447707
  6.6881562       0.50193175E-01   0.55155434        1.0390026        1.5405858
  6.7188359       0.44812337E-01   0.54572936        1.0343832        1.5364798
  6.7495155       0.39735220E-01   0.54019427        1.0304516        1.5325996
  6.7801951       0.34991255E-01   0.53499588        1.0271975        1.5290329
  6.8108747       0.30531880E-01   0.53010504        1.0245554        1.5258249
  6.8415543       0.26287750E-01   0.52548349        1.0224574        1.5230073
  6.8722339       0.22234711E-01   0.52115617        1.0208445        1.5206246
  6.9029135       0.18449055E-01   0.51726903        1.0196480        1.5187399
  6.9335932       0.15142704E-01   0.51411905        1.0187756        1.5174128
  6.9642728       0.12662096E-01   0.51210886        1.0181353        1.5166641
  6.9949524       0.11373781E-01   0.51150501        1.0176850        1.5164603
  7.0256320       0.11373885E-01   0.51213238        1.0174736        1.5167445
  7.0563116       0.12363998E-01   0.51354147        1.0176371        1.5174869
  7.0869912       0.13982094E-01   0.51542600        1.0183380        1.5187065
  7.1176709       0.16084160E-01   0.51772322        1.0196762        1.5204401
  7.1483505       0.18711526E-01   0.52048436        1.0216351        1.5226840
  7.1790301       0.21933616E-01   0.52373016        1.0240993        1.5253555
  7.2097097       0.25724980E-01   0.52737854        1.0269092        1.5282956
  7.2403893       0.29930272E-01   0.53124878        1.0299033        1.5313033
  7.2710689       0.34296769E-01   0.53510615        1.0329375        1.5341756
  7.3017486       0.38530222E-01   0.53871147        1.0358863        1.5367407
  7.3324282       0.42346469E-01   0.54185955        1.0386414        1.5388775
  7.3631078       0.45510464E-01   0.54440347        1.0411075        1.5405247
  7.3937874       0.47862194E-01   0.54626636        1.0432005        1.5416776
  7.4244670       0.49330160E-01   0.54744243        1.0448453        1.5423784
  7.4551466       0.49932935E-01   0.54798885        1.0459764        1.5427003
  7.4858262       0.49769470E-01   0.54801013        1.0465411        1.5427292
  7.5165059       0.48999556E-01   0.54763708        1.0465090        1.5425473
  7.5471855       0.47817087E-01   0.54700354        1.0458828        1.5422183
  7.5778651       0.46420280E-01   0.54622526        1.0447106        1.5417793
  7.6085447       0.44984314E-01   0.54538567        1.0430914        1.5412376
  7.6392243       0.43641854E-01   0.54453199        1.0411692        1.5405758
  7.6699039       0.42474641E-01   0.54368124        1.0391153        1.5397610
  7.7005836       0.41514943E-01   0.54283195        1.0371001        1.5387587
  7.7312632       0.40751739E-01   0.54197479        1.0352644        1.5375463
  7.7619428       0.40136178E-01   0.54109672        1.0336996        1.5361230
  7.7926224       0.39584780E-01   0.54017713        1.0324418        1.5345122
  7.8233020       0.38983870E-01   0.53917967        1.0314765        1.5327541
  7.8539816       0.38200828E-01   0.53804709        1.0307397        1.5308902
  7.8846612       0.37105637E-01   0.53670637        1.0301150        1.5289445
  7.9153409       0.35602099E-01   0.53508830        1.0294353        1.5269112
  7.9460205       0.33665316E-01   0.53316057        1.0285060        1.5247584
  7.9767001       0.31381374E-01   0.53096980        1.0271586        1.5224557
  8.0073797       0.28983562E-01   0.52868544        1.0253302        1.5200238
  8.0380593       0.26868305E-01   0.52662985        1.0231613        1.5176061
  8.0687389       0.25542834E-01   0.52525371        1.0210939        1.5155516
  8.0994186       0.25438981E-01   0.52499098        1.0198850        1.5144350
  8.1300982       0.26653524E-01   0.52601077        1.0202918        1.5147957
  8.1607778       0.28877259E-01   0.52808838        1.0224417        1.5166370
  8.1914574       0.31600007E-01   0.53074923        1.0257064        1.5194191
  8.2221370       0.34349182E-01   0.53350595        1.0292414        1.5225203
  8.2528166       0.36803242E-01   0.53599866        1.0323884        1.5254880
  8.2834963       0.38810249E-01   0.53803558        1.0347667        1.5280584
  8.3141759       0.40365286E-01   0.53958442        1.0362523        1.5301247
  8.3448555       0.41566875E-01   0.54073707        1.0369303        1.5317039
  8.3755351       0.42556981E-01   0.54165152        1.0370247        1.5328961
  8.4062147       0.43452602E-01   0.54247688        1.0368058        1.5338319
  8.4368943       0.44287272E-01   0.54328071        1.0364927        1.5346152
  8.4675739       0.44984260E-01   0.54400771        1.0361850        1.5352770
  8.4982536       0.45371462E-01   0.54448798        1.0358575        1.5357609
  8.5289332       0.45228388E-01   0.54448829        1.0354147        1.5359445
  8.5596128       0.44344273E-01   0.54378050        1.0347640        1.5356842
  8.5902924       0.42569284E-01   0.54220258        1.0338634        1.5348643
  8.6209720       0.39850411E-01   0.53969976        1.0327247        1.5334328
  8.6516516       0.36251943E-01   0.53634476        1.0313803        1.5314200
  8.6823313       0.31965171E-01   0.53234141        1.0298408        1.5289379
  8.7130109       0.27314682E-01   0.52801766        1.0280724        1.5261651
  8.7436905       0.22768496E-01   0.52381046        1.0260101        1.5233198
  8.7743701       0.18941493E-01   0.52022843        1.0236009        1.5206220
  8.8050497       0.16497184E-01   0.51773851        1.0208550        1.5182488
  8.8357293       0.15762602E-01   0.51652578        1.0178859        1.5162898
  8.8664090       0.16325288E-01   0.51630434        1.0149332        1.5147242
  8.8970886       0.17332795E-01   0.51648941        1.0123616        1.5134404
  8.9277682       0.18068942E-01   0.51654914        1.0105955        1.5122964
  8.9584478       0.18132139E-01   0.51617397        1.0098866        1.5111875
  8.9891274       0.17381282E-01   0.51527525        1.0100342        1.5100937
  9.0198070       0.15872810E-01   0.51394671        1.0105268        1.5091060
  9.0504866       0.13843122E-01   0.51244773        1.0109322        1.5084297
  9.0811663       0.11750126E-01   0.51120708        1.0110525        1.5083261
  9.1118459       0.10346870E-01   0.51075881        1.0109090        1.5089503
  9.1425255       0.10466150E-01   0.51145118        1.0107143        1.5102261
  9.1732051       0.12221503E-01   0.51315538        1.0108363        1.5119284
  9.2038847       0.14930914E-01   0.51544534        1.0116583        1.5138239
  9.2345643       0.17900297E-01   0.51791554        1.0133325        1.5157239
  9.2652440       0.20690520E-01   0.52027424        1.0156821        1.5174819
  9.2959236       0.23044787E-01   0.52232080        1.0183426        1.5189837
  9.3266032       0.24815985E-01   0.52391565        1.0209183        1.5201402
  9.3572828       0.25929527E-01   0.52496382        1.0230557        1.5208858
  9.3879624       0.26364322E-01   0.52540860        1.0244759        1.5211785
  9.4186420       0.26141079E-01   0.52523021        1.0249962        1.5210004
  9.4493217       0.25313246E-01   0.52444607        1.0245447        1.5203582
  9.4800013       0.23958507E-01   0.52310973        1.0231634        1.5192824
  9.5106809       0.22169933E-01   0.52130671        1.0209963        1.5178241
  9.5413605       0.20046529E-01   0.51914596        1.0182612        1.5160510
  9.5720401       0.17683664E-01   0.51674671        1.0152082        1.5140399
  9.6027197       0.15164771E-01   0.51422213        1.0120701        1.5118688
  9.6333993       0.12557290E-01   0.51166332        1.0090169        1.5096073
  9.6640790       0.99188887E-02   0.50913179        1.0061290        1.5073093
  9.6947586       0.73307007E-02   0.50667796        1.0034083        1.5050133
  9.7254382       0.50261978E-02   0.50444722        1.0009477        1.5027803
  9.7561178       0.38378665E-02   0.50314710        1.0020262        1.5012210
  9.7867974       0.49098750E-02   0.50412245        1.0045339        1.5026413
  9.8174770       0.74127822E-02   0.50658941        1.0069909        1.5049919
  9.8481567       0.10363453E-01   0.50951383        1.0092815        1.5074614
  9.8788363       0.13384480E-01   0.51253087        1.0113226        1.5099201
  9.9095159       0.16269519E-01   0.51542976        1.0130671        1.5122637
  9.9401955       0.18852780E-01   0.51803199        1.0145107        1.5143790
  9.9708751       0.20987010E-01   0.52017965        1.0156821        1.5161518
