# data from ifeffit
#------------------------
#   k         chik      win_h0      win_h2      win_h4      win_h6
  0.0000000        0.0000000        0.0000000        0.0000000        0.0000000       0.17037083E-01
  0.50000000E-01   0.40993028E-04    0.0000000        0.0000000        0.0000000       0.20590128E-01
  0.10000000       0.20348534E-03    0.0000000        0.0000000        0.0000000       0.24471736E-01
  0.15000000       0.61809401E-03    0.0000000        0.0000000        0.0000000       0.28679248E-01
  0.20000000       0.15349257E-02    0.0000000        0.0000000        0.0000000       0.33209779E-01
  0.25000000       0.33447319E-02    0.0000000        0.0000000        0.0000000       0.38060225E-01
  0.30000000       0.65250493E-02    0.0000000        0.0000000        0.0000000       0.43227261E-01
  0.35000000       0.11420372E-01    0.0000000        0.0000000        0.0000000       0.48707347E-01
  0.40000000       0.18606694E-01    0.0000000        0.0000000        0.0000000       0.54496725E-01
  0.45000000       0.28285238E-01    0.0000000        0.0000000        0.0000000       0.60591430E-01
  0.50000000       0.40607275E-01    0.0000000        0.0000000        0.0000000       0.66987283E-01
  0.55000000       0.55810349E-01    0.0000000        0.0000000       0.38548174E-03   0.73679901E-01
  0.60000000       0.74068859E-01    0.0000000        0.0000000       0.15413326E-02   0.80664698E-01
  0.65000000       0.95394572E-01    0.0000000        0.0000000       0.34657703E-02   0.87936886E-01
  0.70000000       0.11977653        0.0000000        0.0000000       0.61558276E-02   0.95491481E-01
  0.75000000       0.14769079        0.0000000        0.0000000       0.96073564E-02   0.10332331
  0.80000000       0.18045751        0.0000000        0.0000000       0.13815035E-01   0.11142699
  0.85000000       0.22141960        0.0000000        0.0000000       0.18772375E-01   0.11979699
  0.90000000       0.27398717        0.0000000        0.0000000       0.24471733E-01   0.12842756
  0.95000000       0.33158785        0.0000000        0.0000000       0.30904321E-01   0.13731278
  1.0000000       0.40027321        0.0000000        0.0000000       0.38060221E-01   0.14644658
  1.0500000       0.48498664        0.0000000        0.0000000       0.45928397E-01   0.15582268
  1.1000000       0.57915347        0.0000000        0.0000000       0.54496719E-01   0.16543466
  1.1500000       0.66813302        0.0000000        0.0000000       0.63751975E-01   0.17527594
  1.2000000       0.73547052        0.0000000        0.0000000       0.73679893E-01   0.18533976
  1.2500000       0.77149839        0.0000000        0.0000000       0.84265165E-01   0.19561924
  1.3000000       0.77483340        0.0000000        0.0000000       0.95491470E-01   0.20610733
  1.3500000       0.73249280        0.0000000        0.0000000       0.10734150       0.21679683
  1.4000000       0.63691970        0.0000000        0.0000000       0.11979698       0.22768043
  1.4500000       0.55768579        0.0000000        0.0000000       0.13283870       0.23875067
  1.5000000       0.45979783        0.0000000        0.0000000       0.14644656       0.24999995
  1.5500000       0.36556680        0.0000000       0.15413321E-02   0.16059957       0.26142056
  1.6000000       0.29197537        0.0000000       0.61558254E-02   0.17527592       0.27300469
  1.6500000       0.23299752        0.0000000       0.13815030E-01   0.19045296       0.28474439
  1.7000000       0.18522687        0.0000000       0.24471725E-01   0.20610731       0.29663162
  1.7500000       0.12353770        0.0000000       0.38060207E-01   0.22221481       0.30865822
  1.8000000       0.67165378E-01    0.0000000       0.54496700E-01   0.23875064       0.32081596
  1.8500000       0.34502582E-02    0.0000000       0.73679868E-01   0.25568930       0.33309650
  1.9000000      -0.52379833E-01    0.0000000       0.95491438E-01   0.27300466       0.34549143
  1.9500000      -0.90461521E-01    0.0000000       0.11979694       0.29067004       0.35799226
  2.0000000      -0.10574515        0.0000000       0.14644651       0.30865819       0.37059040
  2.0500000      -0.82184414E-01    0.0000000       0.17527586       0.32694137       0.38327724
  2.1000000      -0.22653040E-01    0.0000000       0.20610724       0.34549140       0.39604408
  2.1500000       0.81480022E-01    0.0000000       0.23875057       0.36427967       0.40888216
  2.2000000       0.18626380        0.0000000       0.27300458       0.38327720       0.42178269
  2.2500000       0.25414676        0.0000000       0.30865809       0.40245472       0.43473682
  2.3000000       0.26150875        0.0000000       0.34549129       0.42178265       0.44773568
  2.3500000       0.19924955        0.0000000       0.38327709       0.44123118       0.46077037
  2.4000000       0.75249337E-01    0.0000000       0.42178252       0.46077032       0.47383193
  2.4500000      -0.71770038E-01    0.0000000       0.46077019       0.48036996       0.48691144
  2.5000000      -0.21943728        0.0000000       0.49999973       0.49999986       0.49999991
  2.5500000      -0.36222316       1.00000000       0.53922926       0.51962977       0.51308838
  2.6000000      -0.49055212        1.0000000       0.57821693       0.53922940       0.52616788
  2.6500000      -0.59896381        1.0000000       0.61672237       0.55876855       0.53922945
  2.7000000      -0.68576173        1.0000000       0.65450818       0.57821708       0.55226413
  2.7500000      -0.76253807        1.0000000       0.69134140       0.59754501       0.56526300
  2.8000000      -0.83083726        1.0000000       0.72699493       0.61672253       0.57821713
  2.8500000      -0.88689326        1.0000000       0.76124897       0.63572007       0.59111766
  2.9000000      -0.92501531        1.0000000       0.79389231       0.65450834       0.60395574
  2.9500000      -0.93855192        1.0000000       0.82472372       0.67305837       0.61672258
  3.0000000      -0.92255004        1.0000000       0.85355310       0.69134156       0.62940942
  3.0500000      -0.88048507        1.0000000       0.88020271       0.70932971       0.64200757
  3.1000000      -0.83143177        1.0000000       0.90450824       0.72699509       0.65450839
  3.1500000      -0.77048185        1.0000000       0.92631985       0.74431046       0.66690332
  3.2000000      -0.69605556        1.0000000       0.94550305       0.76124912       0.67918387
  3.2500000      -0.59228487        1.0000000       0.96193958       0.77778496       0.69134161
  3.3000000      -0.40419420        1.0000000       0.97552811       0.79389247       0.70336822
  3.3500000      -0.10628873        1.0000000       0.98618484       0.80954682       0.71525544
  3.4000000       0.23944616        1.0000000       0.99384409       0.82472387       0.72699514
  3.4500000       0.56426310        1.0000000       0.99845862       0.83940022       0.73857927
  3.5000000       0.86798865        1.0000000       1.00000000       0.85355324       0.74999989
  3.5500000        1.1306499        1.0000000        1.0000000       0.86716111       0.76124918
  3.6000000        1.3132158        1.0000000        1.0000000       0.88020284       0.77231941
  3.6500000        1.4309114        1.0000000        1.0000000       0.89265833       0.78320301
  3.7000000        1.4796283        1.0000000        1.0000000       0.90450837       0.79389252
  3.7500000        1.4378013        1.0000000        1.0000000       0.91573468       0.80438061
  3.8000000        1.2976242        1.0000000        1.0000000       0.92631996       0.81466009
  3.8500000        1.0849697        1.0000000        1.0000000       0.93624789       0.82472392
  3.9000000       0.84408411        1.0000000        1.0000000       0.94550316       0.83456520
  3.9500000       0.60799429        1.0000000        1.0000000       0.95407149       0.84417719
  4.0000000       0.39172237        1.0000000        1.0000000       0.96193967       0.85355329
  4.0500000       0.21573339        1.0000000        1.0000000       0.96909558       0.86268709
  4.1000000       0.25943488E-01    1.0000000        1.0000000       0.97552818       0.87157232
  4.1500000      -0.17192774        1.0000000        1.0000000       0.98122755       0.88020289
  4.2000000      -0.36272125        1.0000000        1.0000000       0.98618490       0.88857289
  4.2500000      -0.53750176        1.0000000        1.0000000       0.99039259       0.89667658
  4.3000000      -0.66753127        1.0000000        1.0000000       0.99384413       0.90450841
  4.3500000      -0.72860942        1.0000000        1.0000000       0.99653420       0.91206301
  4.4000000      -0.71135232        1.0000000        1.0000000       0.99845865       0.91933520
  4.4500000      -0.62360069        1.0000000        1.0000000       0.99961451       0.92632000
  4.5000000      -0.49608916        1.0000000        1.0000000       1.00000000       0.93301263
  4.5500000      -0.36768369        1.0000000        1.0000000        1.0000000       0.93940848
  4.6000000      -0.27696916        1.0000000        1.0000000        1.0000000       0.94550319
  4.6500000      -0.24924565        1.0000000        1.0000000        1.0000000       0.95129257
  4.7000000      -0.26452784        1.0000000        1.0000000        1.0000000       0.95677266
  4.7500000      -0.28088794        1.0000000        1.0000000        1.0000000       0.96193970
  4.8000000      -0.26424122        1.0000000        1.0000000        1.0000000       0.96679016
  4.8500000      -0.20169647        1.0000000        1.0000000        1.0000000       0.97132069
  4.9000000      -0.80459870E-01    1.0000000        1.0000000        1.0000000       0.97552821
  4.9500000       0.90102641E-01    1.0000000        1.0000000        1.0000000       0.97940982
  5.0000000       0.28687900        1.0000000        1.0000000        1.0000000       0.98296287
  5.0500000       0.45222290        1.0000000        1.0000000        1.0000000       0.98618492
  5.1000000       0.52059572        1.0000000        1.0000000        1.0000000       0.98907376
  5.1500000       0.46741602        1.0000000        1.0000000        1.0000000       0.99162742
  5.2000000       0.30854846        1.0000000        1.0000000        1.0000000       0.99384414
  5.2500000       0.73506533E-01    1.0000000        1.0000000        1.0000000       0.99572241
  5.3000000      -0.20848167        1.0000000        1.0000000        1.0000000       0.99726093
  5.3500000      -0.51075039        1.0000000        1.0000000        1.0000000       0.99845865
  5.4000000      -0.80060734        1.0000000        1.0000000        1.0000000       0.99931476
  5.4500000      -0.99717405        1.0000000        1.0000000        1.0000000       0.99982866
  5.5000000       -1.0394926        1.0000000        1.0000000        1.0000000       1.00000000
  5.5500000      -0.84047397        1.0000000        1.0000000        1.0000000        1.0000000
  5.6000000      -0.57638322        1.0000000        1.0000000        1.0000000        1.0000000
  5.6500000      -0.21936552        1.0000000        1.0000000        1.0000000        1.0000000
  5.7000000       0.11757116        1.0000000        1.0000000        1.0000000        1.0000000
  5.7500000       0.34080065        1.0000000        1.0000000        1.0000000        1.0000000
  5.8000000       0.43595751        1.0000000        1.0000000        1.0000000        1.0000000
  5.8500000       0.43520363        1.0000000        1.0000000        1.0000000        1.0000000
  5.9000000       0.40303380        1.0000000        1.0000000        1.0000000        1.0000000
  5.9500000       0.39646881        1.0000000        1.0000000        1.0000000        1.0000000
  6.0000000       0.45209434        1.0000000        1.0000000        1.0000000        1.0000000
  6.0500000       0.56541737        1.0000000        1.0000000        1.0000000        1.0000000
  6.1000000       0.70173732        1.0000000        1.0000000        1.0000000        1.0000000
  6.1500000       0.82017221        1.0000000        1.0000000        1.0000000        1.0000000
  6.2000000       0.91217551        1.0000000        1.0000000        1.0000000        1.0000000
  6.2500000       0.95233770        1.0000000        1.0000000        1.0000000        1.0000000
  6.3000000       0.91309826        1.0000000        1.0000000        1.0000000        1.0000000
  6.3500000       0.79990707        1.0000000        1.0000000        1.0000000        1.0000000
  6.4000000       0.60963901        1.0000000        1.0000000        1.0000000        1.0000000
  6.4500000       0.33430455        1.0000000        1.0000000        1.0000000        1.0000000
  6.5000000       0.13378451E-01    1.0000000        1.0000000        1.0000000        1.0000000
  6.5500000      -0.34858131        1.0000000        1.0000000        1.0000000        1.0000000
  6.6000000      -0.70284740        1.0000000        1.0000000        1.0000000        1.0000000
  6.6500000       -1.0189567        1.0000000        1.0000000        1.0000000        1.0000000
  6.7000000       -1.2118005        1.0000000        1.0000000        1.0000000        1.0000000
  6.7500000       -1.2766048        1.0000000        1.0000000        1.0000000        1.0000000
  6.8000000       -1.2308442        1.0000000        1.0000000        1.0000000        1.0000000
  6.8500000       -1.0557534        1.0000000        1.0000000        1.0000000        1.0000000
  6.9000000      -0.80077301        1.0000000        1.0000000        1.0000000        1.0000000
  6.9500000      -0.52204796        1.0000000        1.0000000        1.0000000        1.0000000
  7.0000000      -0.23459187        1.0000000        1.0000000        1.0000000        1.0000000
  7.0500000       0.26783873E-01    1.0000000        1.0000000        1.0000000        1.0000000
  7.1000000       0.23085564        1.0000000        1.0000000        1.0000000        1.0000000
  7.1500000       0.37740541        1.0000000        1.0000000        1.0000000        1.0000000
  7.2000000       0.47820528        1.0000000        1.0000000        1.0000000        1.0000000
  7.2500000       0.54532947        1.0000000        1.0000000        1.0000000        1.0000000
  7.3000000       0.57743861        1.0000000        1.0000000        1.0000000        1.0000000
  7.3500000       0.57387956        1.0000000        1.0000000        1.0000000        1.0000000
  7.4000000       0.53924569        1.0000000        1.0000000        1.0000000        1.0000000
  7.4500000       0.47445263        1.0000000        1.0000000        1.0000000        1.0000000
  7.5000000       0.38071367        1.0000000        1.0000000        1.0000000        1.0000000
  7.5500000       0.26872994        1.0000000        1.0000000        1.0000000        1.0000000
  7.6000000       0.14021465        1.0000000        1.0000000        1.0000000        1.0000000
  7.6500000       0.18815582E-01    1.0000000        1.0000000        1.0000000        1.0000000
  7.7000000      -0.76845372E-01    1.0000000        1.0000000        1.0000000        1.0000000
  7.7500000      -0.13477969        1.0000000        1.0000000        1.0000000        1.0000000
  7.8000000      -0.14735801        1.0000000        1.0000000        1.0000000        1.0000000
  7.8500000      -0.14951602        1.0000000        1.0000000        1.0000000        1.0000000
  7.9000000      -0.17182629        1.0000000        1.0000000        1.0000000        1.0000000
  7.9500000      -0.21488246        1.0000000        1.0000000        1.0000000        1.0000000
  8.0000000      -0.26009738        1.0000000        1.0000000        1.0000000        1.0000000
  8.0500000      -0.29580365        1.0000000        1.0000000        1.0000000        1.0000000
  8.1000000      -0.31104202        1.0000000        1.0000000        1.0000000        1.0000000
  8.1500000      -0.26244465        1.0000000        1.0000000        1.0000000        1.0000000
  8.2000000      -0.21472279        1.0000000        1.0000000        1.0000000        1.0000000
  8.2500000      -0.13333428        1.0000000        1.0000000        1.0000000        1.0000000
  8.3000000      -0.43225553E-01    1.0000000        1.0000000        1.0000000        1.0000000
  8.3500000       0.10180201        1.0000000        1.0000000        1.0000000        1.0000000
  8.4000000       0.22306169        1.0000000        1.0000000        1.0000000        1.0000000
  8.4500000       0.31804756        1.0000000        1.0000000        1.0000000        1.0000000
  8.5000000       0.38651688        1.0000000        1.0000000        1.0000000        1.0000000
  8.5500000       0.40683024        1.0000000        1.0000000        1.0000000        1.0000000
  8.6000000       0.36841146        1.0000000        1.0000000        1.0000000        1.0000000
  8.6500000       0.28835050        1.0000000        1.0000000        1.0000000        1.0000000
  8.7000000       0.16639340        1.0000000        1.0000000        1.0000000        1.0000000
  8.7500000       0.25963959E-01    1.0000000        1.0000000        1.0000000        1.0000000
  8.8000000      -0.13927806        1.0000000        1.0000000        1.0000000        1.0000000
  8.8500000      -0.26955266        1.0000000        1.0000000        1.0000000        1.0000000
  8.9000000      -0.33872682        1.0000000        1.0000000        1.0000000        1.0000000
  8.9500000      -0.37765823        1.0000000        1.0000000        1.0000000        1.0000000
  9.0000000      -0.37597261        1.0000000        1.0000000        1.0000000        1.0000000
  9.0500000      -0.16343316        1.0000000        1.0000000        1.0000000        1.0000000
  9.1000000      -0.18867731        1.0000000        1.0000000        1.0000000        1.0000000
  9.1500000      -0.29160491        1.0000000        1.0000000        1.0000000        1.0000000
  9.2000000      -0.23245288        1.0000000        1.0000000        1.0000000        1.0000000
  9.2500000      -0.16346258        1.0000000        1.0000000        1.0000000        1.0000000
  9.3000000      -0.80265653E-01    1.0000000        1.0000000        1.0000000        1.0000000
  9.3500000       0.18563204E-01    1.0000000        1.0000000        1.0000000        1.0000000
  9.4000000       0.12393033        1.0000000        1.0000000        1.0000000        1.0000000
  9.4500000       0.22845403        1.0000000        1.0000000        1.0000000        1.0000000
  9.5000000       0.30795569        1.0000000        1.0000000        1.0000000        1.0000000
  9.5500000       0.35890387        1.0000000        1.0000000        1.0000000        1.0000000
  9.6000000       0.37948614        1.0000000        1.0000000        1.0000000        1.0000000
  9.6500000       0.37641562        1.0000000        1.0000000        1.0000000        1.0000000
  9.7000000       0.35699886        1.0000000        1.0000000        1.0000000        1.0000000
  9.7500000       0.27825088        1.0000000        1.0000000        1.0000000        1.0000000
  9.8000000       0.15688385        1.0000000        1.0000000        1.0000000        1.0000000
  9.8500000       0.38510518E-01    1.0000000        1.0000000        1.0000000        1.0000000
  9.9000000      -0.78689728E-01    1.0000000        1.0000000        1.0000000        1.0000000
  9.9500000      -0.15481087        1.0000000        1.0000000        1.0000000        1.0000000
  10.000000      -0.19514877        1.0000000        1.0000000        1.0000000        1.0000000
  10.050000      -0.20717612        1.0000000        1.0000000        1.0000000        1.0000000
  10.100000      -0.18220782        1.0000000        1.0000000        1.0000000        1.0000000
  10.150000      -0.16358766        1.0000000        1.0000000        1.0000000        1.0000000
  10.200000      -0.14832222        1.0000000        1.0000000        1.0000000        1.0000000
  10.250000      -0.13108710        1.0000000        1.0000000        1.0000000        1.0000000
  10.300000      -0.12935025        1.0000000        1.0000000        1.0000000        1.0000000
  10.350000      -0.12422553        1.0000000        1.0000000        1.0000000        1.0000000
  10.400000      -0.11394617        1.0000000        1.0000000        1.0000000        1.0000000
  10.450000      -0.97189393E-01    1.0000000        1.0000000        1.0000000        1.0000000
  10.500000      -0.60935131E-01    1.0000000        1.0000000        1.0000000       1.00000000
  10.550000      -0.96239597E-01    1.0000000        1.0000000        1.0000000       0.99982866
  10.600000      -0.10257565        1.0000000        1.0000000        1.0000000       0.99931476
  10.650000       0.68595652E-01    1.0000000        1.0000000        1.0000000       0.99845865
  10.700000       0.91265755E-01    1.0000000        1.0000000        1.0000000       0.99726093
  10.750000       0.13988626        1.0000000        1.0000000        1.0000000       0.99572241
  10.800000       0.18483347        1.0000000        1.0000000        1.0000000       0.99384414
  10.850000       0.18157286        1.0000000        1.0000000        1.0000000       0.99162742
  10.900000       0.15832962        1.0000000        1.0000000        1.0000000       0.98907376
  10.950000       0.12570437        1.0000000        1.0000000        1.0000000       0.98618492
  11.000000       0.90884368E-01    1.0000000        1.0000000        1.0000000       0.98296287
  11.050000       0.54178691E-01    1.0000000        1.0000000        1.0000000       0.97940982
  11.100000       0.18178063E-01    1.0000000        1.0000000        1.0000000       0.97552821
  11.150000       0.67955030E-02    1.0000000        1.0000000        1.0000000       0.97132069
  11.200000      -0.59579493E-02    1.0000000        1.0000000        1.0000000       0.96679016
  11.250000      -0.42606699E-01    1.0000000        1.0000000        1.0000000       0.96193970
  11.300000      -0.60309051E-01    1.0000000        1.0000000        1.0000000       0.95677266
  11.350000      -0.73022548E-01    1.0000000        1.0000000        1.0000000       0.95129257
  11.400000      -0.88874563E-01    1.0000000        1.0000000        1.0000000       0.94550319
  11.450000      -0.82757836E-01    1.0000000        1.0000000        1.0000000       0.93940848
  11.500000      -0.76708971E-01    1.0000000        1.0000000       1.00000000       0.93301263
  11.550000      -0.79508590E-01    1.0000000        1.0000000       0.99961451       0.92632000
  11.600000      -0.61214699E-01    1.0000000        1.0000000       0.99845865       0.91933520
  11.650000      -0.49866191E-01    1.0000000        1.0000000       0.99653420       0.91206301
  11.700000      -0.57481951E-01    1.0000000        1.0000000       0.99384413       0.90450841
  11.750000       0.13892901E-01    1.0000000        1.0000000       0.99039259       0.89667658
  11.800000       0.26550468E-01    1.0000000        1.0000000       0.98618490       0.88857289
  11.850000       0.48534195E-01    1.0000000        1.0000000       0.98122755       0.88020289
  11.900000       0.76915874E-01    1.0000000        1.0000000       0.97552818       0.87157232
  11.950000       0.70504519E-01    1.0000000        1.0000000       0.96909558       0.86268709
  12.000000       0.45748843E-01    1.0000000        1.0000000       0.96193967       0.85355329
  12.050000       0.43999401E-01    1.0000000        1.0000000       0.95407149       0.84417719
  12.100000       0.36703391E-01    1.0000000        1.0000000       0.94550316       0.83456520
  12.150000       0.31355807E-01    1.0000000        1.0000000       0.93624789       0.82472392
  12.200000       0.10791578E-01    1.0000000        1.0000000       0.92631996       0.81466009
  12.250000      -0.33867148E-02    1.0000000        1.0000000       0.91573468       0.80438061
  12.300000      -0.47903157E-03    1.0000000        1.0000000       0.90450837       0.79389252
  12.350000      -0.12858783E-01    1.0000000        1.0000000       0.89265833       0.78320301
  12.400000      -0.36592448E-01    1.0000000        1.0000000       0.88020284       0.77231941
  12.450000      -0.42584782E-01    1.0000000        1.0000000       0.86716111       0.76124918
  12.500000      -0.32217917E-01    1.0000000       1.00000000       0.85355324       0.74999989
  12.550000      -0.27864344E-01    1.0000000       0.99845862       0.83940022       0.73857927
  12.600000      -0.37120917E-01    1.0000000       0.99384409       0.82472387       0.72699514
  12.650000      -0.41026237E-01    1.0000000       0.98618484       0.80954682       0.71525544
  12.700000      -0.32387366E-01    1.0000000       0.97552811       0.79389247       0.70336822
  12.750000      -0.20305488E-01    1.0000000       0.96193958       0.77778496       0.69134161
  12.800000       0.12937201E-01    1.0000000       0.94550305       0.76124912       0.67918387
  12.850000       0.52356489E-01    1.0000000       0.92631985       0.74431046       0.66690332
  12.900000       0.56827507E-01    1.0000000       0.90450824       0.72699509       0.65450839
  12.950000       0.56151085E-01    1.0000000       0.88020271       0.70932971       0.64200757
  13.000000       0.52032928E-01    1.0000000       0.85355310       0.69134156       0.62940942
  13.050000       0.46921287E-01    1.0000000       0.82472372       0.67305837       0.61672258
  13.100000       0.31038824E-01    1.0000000       0.79389231       0.65450834       0.60395574
  13.150000       0.27575863E-01    1.0000000       0.76124897       0.63572007       0.59111766
  13.200000       0.19702204E-01    1.0000000       0.72699493       0.61672253       0.57821713
  13.250000       0.10487193E-01    1.0000000       0.69134140       0.59754501       0.56526300
  13.300000       0.70193118E-02    1.0000000       0.65450818       0.57821708       0.55226413
  13.350000       0.12581416E-01    1.0000000       0.61672237       0.55876855       0.53922945
  13.400000       0.50000707E-02    1.0000000       0.57821693       0.53922940       0.52616788
  13.450000       0.84534517E-03    1.0000000       0.53922926       0.51962977       0.51308838
  13.500000      -0.32048814E-01    0.0000000       0.49999973       0.49999986       0.49999991
  13.550000      -0.34972452E-01    0.0000000       0.46077019       0.48036996       0.48691144
  13.600000      -0.22077432E-01    0.0000000       0.42178252       0.46077032       0.47383193
  13.650000      -0.28797829E-01    0.0000000       0.38327709       0.44123118       0.46077037
  13.700000      -0.35654064E-01    0.0000000       0.34549129       0.42178265       0.44773568
  13.750000      -0.17775377E-01    0.0000000       0.30865809       0.40245472       0.43473682
  13.800000      -0.27743958E-01    0.0000000       0.27300458       0.38327720       0.42178269
  13.850000      -0.36473128E-01    0.0000000       0.23875057       0.36427967       0.40888216
  13.900000      -0.30443423E-01    0.0000000       0.20610724       0.34549140       0.39604408
  13.950000      -0.20818897E-01    0.0000000       0.17527586       0.32694137       0.38327724
  14.000000       0.22854039E-02    0.0000000       0.14644651       0.30865819       0.37059040
  14.050000       0.25493520E-02    0.0000000       0.11979694       0.29067004       0.35799226
  14.100000      -0.27723943E-01    0.0000000       0.95491438E-01   0.27300466       0.34549143
  14.150000      -0.21144367E-01    0.0000000       0.73679868E-01   0.25568930       0.33309650
  14.200000      -0.51059374E-02    0.0000000       0.54496700E-01   0.23875064       0.32081596
  14.250000      -0.13386461E-01    0.0000000       0.38060207E-01   0.22221481       0.30865822
  14.300000      -0.35988099E-01    0.0000000       0.24471725E-01   0.20610731       0.29663162
  14.350000      -0.27348059E-01    0.0000000       0.13815030E-01   0.19045296       0.28474439
  14.400000      -0.18343176E-01    0.0000000       0.61558254E-02   0.17527592       0.27300469
  14.450000      -0.41838160E-02    0.0000000       0.15413321E-02   0.16059957       0.26142056
  14.500000       0.37064401E-02    0.0000000        0.0000000       0.14644656       0.24999995
  14.550000      -0.22857388E-01    0.0000000        0.0000000       0.13283870       0.23875067
  14.600000      -0.11027845E-01    0.0000000        0.0000000       0.11979698       0.22768043
  14.650000       0.14131797E-02    0.0000000        0.0000000       0.10734150       0.21679683
  14.700000       0.44440832E-02    0.0000000        0.0000000       0.95491470E-01   0.20610733
  14.750000       0.95437102E-01    0.0000000        0.0000000       0.84265165E-01   0.19561924
  14.800000       0.60048605E-01    0.0000000        0.0000000       0.73679893E-01   0.18533976
  14.850000       0.19833514E-01    0.0000000        0.0000000       0.63751975E-01   0.17527594
  14.900000       0.37709204E-01    0.0000000        0.0000000       0.54496719E-01   0.16543466
  14.950000       0.16476068E-02    0.0000000        0.0000000       0.45928397E-01   0.15582268
  15.000000       0.27938018E-01    0.0000000        0.0000000       0.38060221E-01   0.14644658
  15.050000       0.47847036E-01    0.0000000        0.0000000       0.30904321E-01   0.13731278
  15.100000       0.42226716E-01    0.0000000        0.0000000       0.24471733E-01   0.12842756
  15.150000       0.48154835E-01    0.0000000        0.0000000       0.18772375E-01   0.11979699
  15.200000       0.40076949E-01    0.0000000        0.0000000       0.13815035E-01   0.11142699
  15.250000       0.34801048E-01    0.0000000        0.0000000       0.96073564E-02   0.10332331
  15.300000       0.48590590E-01    0.0000000        0.0000000       0.61558276E-02   0.95491481E-01
  15.350000       0.40582354E-01    0.0000000        0.0000000       0.34657703E-02   0.87936886E-01
  15.400000       0.46887976E-02    0.0000000        0.0000000       0.15413326E-02   0.80664698E-01
  15.450000      -0.21437391E-01    0.0000000        0.0000000       0.38548174E-03   0.73679901E-01
  15.500000      -0.25947341E-01    0.0000000        0.0000000        0.0000000       0.66987283E-01
  15.550000      -0.24025526E-01    0.0000000        0.0000000        0.0000000       0.60591430E-01
  15.600000      -0.37051341E-01    0.0000000        0.0000000        0.0000000       0.54496725E-01
  15.650000      -0.53370281E-01    0.0000000        0.0000000        0.0000000       0.48707347E-01
  15.700000      -0.69692753E-01    0.0000000        0.0000000        0.0000000       0.43227261E-01
  15.750000      -0.63814192E-01    0.0000000        0.0000000        0.0000000       0.38060225E-01
  15.800000      -0.84750024E-01    0.0000000        0.0000000        0.0000000       0.33209779E-01
