# SF6                                                            Feff 8.20   
# POT  SCF  30  4.0000   1, core-hole, AFOLP (folp(0)= 1.150)
# Abs   Z=16 Rmt= 0.922 Rnm= 1.076 K  shell
# Pot 1 Z= 9 Rmt= 0.798 Rnm= 0.971
# Gam_ch=5.057E-01 H-L exch Vi= 0.000E+00 Vr=-2.000E+00
# Mu= 1.233E+00 kf=2.733E+00 Vint=-1.698E+01 Rs_int= 1.327
# FMS rfms= 4.0000
# PATH  Rmax= 0.100,  Keep_limit= 0.00, Heap_limit 0.00  Pwcrit= 2.50%
#  S02=1.000                                        Global_sig2= 0.00000
#  Curved wave amplitude ratio filter   4.000%
#     file         sig2 tot  cw amp ratio   deg  nlegs   reff  inp sig2
#     0/   0 paths used
#  xsedge+ 50, used to normalize mu           9.0045E-04
#  -----------------------------------------------------------------------
#  omega    e    k    mu    mu0     chi     @#
    2463.031     -4.235  -1.400  2.21274E-02  1.22471E-02  9.88038E-03
    2464.450     -2.816  -1.260  3.03713E-02  1.52371E-02  1.51342E-02
    2465.720     -1.546  -1.120  4.34210E-02  1.94586E-02  2.39624E-02
    2466.840     -0.426  -0.980  6.51660E-02  2.56755E-02  3.94905E-02
    2467.811      0.544  -0.840  1.03714E-01  3.53352E-02  6.83791E-02
    2468.632      1.366  -0.700  1.77475E-01  5.14346E-02  1.26041E-01
    2469.304      2.038  -0.560  3.32820E-01  8.09107E-02  2.51910E-01
    2469.827      2.561  -0.420  7.00153E-01  1.41927E-01  5.58226E-01
    2470.200      2.934  -0.280  1.63663E+00  2.81652E-01  1.35498E+00
    2470.424      3.158  -0.140  3.30878E+00  5.19025E-01  2.78975E+00
    2470.499      3.233   0.000  4.10480E+00  6.32843E-01  3.47195E+00
    2470.625      3.359   0.182  5.35786E+00  8.19686E-01  4.53818E+00
    2470.667      3.401   0.210  5.66227E+00  8.69344E-01  4.79293E+00
    2470.798      3.531   0.280  6.24027E+00  9.82381E-01  5.25789E+00
    2470.966      3.700   0.350  6.40711E+00  1.06299E+00  5.34411E+00
    2471.171      3.905   0.420  6.15084E+00  1.11356E+00  5.03728E+00
    2471.414      4.148   0.490  5.53496E+00  1.14378E+00  4.39118E+00
    2471.694      4.428   0.560  4.68114E+00  1.16092E+00  3.52022E+00
    2472.011      4.745   0.630  3.76540E+00  1.16967E+00  2.59573E+00
    2472.366      5.100   0.700  2.94003E+00  1.17282E+00  1.76720E+00
    2472.758      5.492   0.770  2.27486E+00  1.17199E+00  1.10287E+00
    2473.187      5.921   0.840  1.77227E+00  1.16830E+00  6.03970E-01
    2473.654      6.388   0.910  1.40522E+00  1.16262E+00  2.42603E-01
    2474.158      6.892   0.980  1.14177E+00  1.15551E+00 -1.37363E-02
    2474.699      7.433   1.050  9.54731E-01  1.14736E+00 -1.92634E-01
    2475.278      8.012   1.120  8.22767E-01  1.13841E+00 -3.15641E-01
    2475.894      8.628   1.190  7.28435E-01  1.12890E+00 -4.00465E-01
    2476.548      9.282   1.260  6.56157E-01  1.11906E+00 -4.62905E-01
    2477.238      9.972   1.330  5.95978E-01  1.10909E+00 -5.13114E-01
    2477.967     10.700   1.400  5.48445E-01  1.09905E+00 -5.50608E-01
    2478.732     11.466   1.470  5.17128E-01  1.08908E+00 -5.71956E-01
    2479.535     12.269   1.540  5.01102E-01  1.07930E+00 -5.78201E-01
    2480.375     13.109   1.610  4.97194E-01  1.06976E+00 -5.72568E-01
    2481.252     13.986   1.680  5.02724E-01  1.06053E+00 -5.57808E-01
    2482.167     14.901   1.750  5.16089E-01  1.05167E+00 -5.35579E-01
    2483.119     15.853   1.820  5.36763E-01  1.04321E+00 -5.06446E-01
    2484.109     16.842   1.890  5.65362E-01  1.03518E+00 -4.69817E-01
    2485.135     17.869   1.960  6.04389E-01  1.02763E+00 -4.23246E-01
    2486.200     18.933   2.030  6.59850E-01  1.02058E+00 -3.60727E-01
    2487.301     20.035   2.100  7.45246E-01  1.01403E+00 -2.68788E-01
    2488.440     21.174   2.170  8.80811E-01  1.00801E+00 -1.27203E-01
    2489.616     22.350   2.240  1.00369E+00  1.00254E+00  1.15352E-03
    2490.829     23.563   2.310  8.90622E-01  9.97594E-01 -1.06972E-01
    2492.080     24.814   2.380  7.51105E-01  9.93202E-01 -2.42096E-01
    2493.368     26.102   2.450  7.04666E-01  9.89365E-01 -2.84699E-01
    2494.694     27.428   2.520  7.00530E-01  9.86064E-01 -2.85535E-01
    2496.057     28.791   2.590  7.11510E-01  9.83304E-01 -2.71793E-01
    2497.457     30.191   2.660  7.27671E-01  9.81096E-01 -2.53425E-01
    2498.894     31.628   2.730  7.44996E-01  9.79401E-01 -2.34404E-01
    2500.369     33.103   2.800  7.61829E-01  9.78241E-01 -2.16413E-01
    2501.881     34.615   2.870  7.77102E-01  9.77586E-01 -2.00484E-01
    2503.431     36.165   2.940  7.90010E-01  9.77437E-01 -1.87427E-01
    2505.018     37.752   3.010  8.01225E-01  9.77774E-01 -1.76549E-01
    2506.642     39.376   3.080  8.12312E-01  9.78575E-01 -1.66262E-01
    2508.304     41.037   3.150  8.21366E-01  9.79842E-01 -1.58475E-01
    2510.002     42.736   3.220  8.29359E-01  9.81542E-01 -1.52183E-01
    2511.739     44.472   3.290  8.36540E-01  9.83666E-01 -1.47126E-01
    2513.512     46.246   3.360  8.43780E-01  9.86192E-01 -1.42412E-01
    2515.323     48.057   3.430  8.51826E-01  9.89088E-01 -1.37263E-01
    2517.171     49.905   3.500  8.62458E-01  9.92332E-01 -1.29874E-01
    2519.057     51.791   3.570  8.76881E-01  9.95913E-01 -1.19032E-01
    2520.980     53.714   3.640  8.97276E-01  9.99777E-01 -1.02501E-01
    2522.940     55.674   3.710  9.25812E-01  1.00391E+00 -7.81006E-02
    2524.938     57.671   3.780  9.64589E-01  1.00829E+00 -4.36986E-02
    2526.972     59.706   3.850  1.01408E+00  1.01286E+00  1.21953E-03
    2529.045     61.779   3.920  1.06993E+00  1.01759E+00  5.23429E-02
    2531.154     63.888   3.990  1.12351E+00  1.02245E+00  1.01057E-01
    2533.301     66.035   4.060  1.16468E+00  1.02740E+00  1.37281E-01
    2535.485     68.219   4.130  1.18797E+00  1.03240E+00  1.55573E-01
    2537.707     70.441   4.200  1.19436E+00  1.03739E+00  1.56968E-01
    2539.966     72.700   4.270  1.19015E+00  1.04234E+00  1.47810E-01
    2542.262     74.996   4.340  1.18088E+00  1.04721E+00  1.33670E-01
    2544.596     77.330   4.410  1.17057E+00  1.05195E+00  1.18622E-01
    2546.967     79.701   4.480  1.16134E+00  1.05650E+00  1.04837E-01
    2549.375     82.109   4.550  1.15373E+00  1.06084E+00  9.28865E-02
    2551.821     84.555   4.620  1.14762E+00  1.06491E+00  8.27151E-02
    2554.304     87.038   4.690  1.14199E+00  1.06868E+00  7.33106E-02
    2556.824     89.558   4.760  1.13574E+00  1.07208E+00  6.36661E-02
    2559.382     92.116   4.830  1.12789E+00  1.07510E+00  5.27922E-02
    2561.977     94.711   4.900  1.11772E+00  1.07769E+00  4.00261E-02
    2564.609     97.343   4.970  1.10515E+00  1.07982E+00  2.53308E-02
    2567.279    100.012   5.040  1.09061E+00  1.08146E+00  9.15194E-03
    2569.986    102.719   5.110  1.07520E+00  1.08260E+00 -7.39900E-03
    2572.730    105.464   5.180  1.06019E+00  1.08319E+00 -2.29994E-02
    2575.512    108.245   5.250  1.04689E+00  1.08324E+00 -3.63516E-02
    2578.331    111.064   5.320  1.03631E+00  1.08273E+00 -4.64166E-02
    2581.187    113.921   5.390  1.02899E+00  1.08166E+00 -5.26727E-02
    2584.081    116.815   5.460  1.02483E+00  1.08004E+00 -5.52155E-02
    2587.012    119.746   5.530  1.02325E+00  1.07786E+00 -5.46153E-02
    2589.980    122.714   5.600  1.02341E+00  1.07515E+00 -5.17437E-02
    2592.986    125.720   5.670  1.02439E+00  1.07190E+00 -4.75167E-02
    2596.029    128.763   5.740  1.02553E+00  1.06817E+00 -4.26411E-02
    2599.109    131.843   5.810  1.02650E+00  1.06397E+00 -3.74663E-02
    2602.227    134.961   5.880  1.02722E+00  1.05931E+00 -3.20911E-02
    2605.382    138.116   5.950  1.02763E+00  1.05425E+00 -2.66214E-02
    2608.574    141.308   6.020  1.02766E+00  1.04881E+00 -2.11489E-02
    2611.804    144.538   6.090  1.02725E+00  1.04305E+00 -1.58063E-02
    2615.071    147.805   6.160  1.02623E+00  1.03699E+00 -1.07575E-02
    2618.375    151.109   6.230  1.02453E+00  1.03068E+00 -6.14665E-03
    2621.717    154.451   6.300  1.02205E+00  1.02416E+00 -2.10855E-03
