# data from ifeffit
#------------------------
#   r         chir_mag         chir_mag       chir_mag
  0.0000000       0.74649289E-01   0.90989935E-02   0.61162369E-02
  0.30679616E-01   0.77783623E-01   0.93894371E-02   0.67692174E-02
  0.61359232E-01   0.85068564E-01   0.99831110E-02   0.75549876E-02
  0.92038847E-01   0.92385495E-01   0.10439251E-01   0.82803758E-02
  0.12271846       0.96694937E-01   0.10715293E-01   0.11998501E-01
  0.15339808       0.97161225E-01   0.11270126E-01   0.19374750E-01
  0.18407769       0.95217441E-01   0.12559269E-01   0.27386260E-01
  0.21475731       0.93966777E-01   0.14365733E-01   0.32643995E-01
  0.24543693       0.96381654E-01   0.15912819E-01   0.32342555E-01
  0.27611654       0.10285144       0.16488339E-01   0.24920206E-01
  0.30679616       0.11077101       0.15943554E-01   0.10902356E-01
  0.33747577       0.11667357       0.15072308E-01   0.10705210E-01
  0.36815539       0.11842570       0.15561885E-01   0.30924078E-01
  0.39883500       0.11644028       0.18369281E-01   0.48369976E-01
  0.42951462       0.11403243       0.22343764E-01   0.58073819E-01
  0.46019424       0.11613101       0.25623037E-01   0.56733044E-01
  0.49087385       0.12544828       0.26913509E-01   0.43293041E-01
  0.52155347       0.13950583       0.25949033E-01   0.19873243E-01
  0.55223308       0.15263193       0.23949015E-01   0.15359726E-01
  0.58291270       0.15982017       0.23795124E-01   0.45898491E-01
  0.61359232       0.15937719       0.27680938E-01   0.72445288E-01
  0.64427193       0.15496220       0.34004916E-01   0.88471509E-01
  0.67495155       0.15666350       0.39499894E-01   0.90940013E-01
  0.70563116       0.17594751       0.41761835E-01   0.80806984E-01
  0.73631078       0.21421110       0.40053884E-01   0.64905059E-01
  0.76699039       0.26200487       0.36292544E-01   0.58037154E-01
  0.79767001       0.30769261       0.36231600E-01   0.69799268E-01
  0.82834963       0.34219543       0.45098282E-01   0.88045521E-01
  0.85902924       0.36065065       0.59945170E-01   0.10042103
  0.88970886       0.36386233       0.74580535E-01   0.10361694
  0.92038847       0.35986236       0.84241735E-01   0.10216464
  0.95106809       0.36373537       0.86200860E-01   0.10557025
  0.98174770       0.39121357       0.80611617E-01   0.11892496
  1.0124273       0.44696517       0.72698932E-01   0.13609971
  1.0431069       0.52167849       0.74636737E-01   0.14673042
  1.0737866       0.60080141       0.95085980E-01   0.14400517
  1.1044662       0.67242611       0.12716955       0.12793122
  1.1351458       0.73057468       0.15980320       0.10829042
  1.1658254       0.77618870       0.18470939       0.10580030
  1.1965050       0.81664184       0.19671036       0.13108772
  1.2271846       0.86313621       0.19435295       0.16906000
  1.2578642       0.92580332       0.18173159       0.20492954
  1.2885439        1.0087199       0.17125010       0.23434130
  1.3192235        1.1084438       0.18169883       0.26095186
  1.3499031        1.2168479       0.22134293       0.29151877
  1.3805827        1.3254580       0.27919237       0.32916800
  1.4112623        1.4285429       0.33932550       0.36989962
  1.4419419        1.5240478       0.38934644       0.40559645
  1.4726216        1.6125751       0.42117967       0.42994988
  1.5033012        1.6951010       0.43115362       0.44343710
  1.5339808        1.7705118       0.42066704       0.45566642
  1.5646604        1.8341638       0.39744544       0.48224230
  1.5953400        1.8781809       0.37690282       0.53399165
  1.6260196        1.8933070       0.38010962       0.60722000
  1.6566993        1.8714861       0.42230214       0.68695516
  1.6873789        1.8082848       0.50131149       0.75822524
  1.7180585        1.7045774       0.60371726       0.81614491
  1.7487381        1.5672389       0.71656000       0.87294017
  1.7794177        1.4087642       0.83180081       0.95847596
  1.8100973        1.2457032       0.94689292        1.1060414
  1.8407769        1.0956077        1.0648606        1.3289983
  1.8714566       0.97222947        1.1941317        1.6144421
  1.9021362       0.88009856        1.3471797        1.9385582
  1.9328158       0.81238628        1.5372090        2.2851067
  1.9634954       0.75539186        1.7735456        2.6578762
  1.9941750       0.69674439        2.0578659        3.0842563
  2.0248546       0.63141070        2.3829544        3.6052200
  2.0555343       0.56341558        2.7338257        4.2522293
  2.0862139       0.50400168        3.0900252        5.0242580
  2.1168935       0.46588372        3.4282126        5.8798425
  2.1475731       0.45378561        3.7246779        6.7451527
  2.1782527       0.45900041        3.9576825        7.5294734
  2.2089323       0.46551613        4.1095278        8.1413789
  2.2396120       0.45975351        4.1682143        8.5029781
  2.2702916       0.43507646        4.1285455        8.5611919
  2.3009712       0.39208659        3.9925680        8.2951945
  2.3316508       0.33765525        3.7692993        7.7192955
  2.3623304       0.28369376        3.4737771        6.8809884
  2.3930100       0.24442814        3.1255352        5.8545923
  2.4236896       0.22863126        2.7466717        4.7316712
  2.4543693       0.23074175        2.3597106        3.6101560
  2.4850489       0.23613075        1.9854616        2.5848491
  2.5157285       0.23366563        1.6410706        1.7428594
  2.5464081       0.22048901        1.3384413        1.1647506
  2.5770877       0.20186764        1.0832487       0.89737054
  2.6077673       0.18965290       0.87487764       0.84994286
  2.6384470       0.19574871       0.70765493       0.84868333
  2.6691266       0.22066744       0.57336441       0.80659559
  2.6998062       0.25366683       0.46420496       0.71285769
  2.7304858       0.28325392       0.37487005       0.58287285
  2.7611654       0.30233944       0.30299719       0.43757926
  2.7918450       0.30857317       0.24826435       0.30263143
  2.8225246       0.30367502       0.21095380       0.22197891
  2.8532043       0.29245392       0.19081015       0.23678012
  2.8838839       0.28108972       0.18671347       0.29732959
  2.9145635       0.27438004       0.19691493       0.34129735
  2.9452431       0.27303028       0.21914383       0.34587173
  2.9759227       0.27334822       0.25067400       0.31681743
  3.0066023       0.26977441       0.28878847       0.29491598
  3.0372820       0.25791376       0.33144307       0.34784253
  3.0679616       0.23642205       0.37766430       0.48720408
  3.0986412       0.20797364       0.42743046       0.67068357
  3.1293208       0.17994941       0.48105629       0.86601098
  3.1600004       0.16380850       0.53835253        1.0572673
  3.1906800       0.16823997       0.59797022        1.2379594
  3.2213597       0.18928001       0.65723282        1.4049833
  3.2520393       0.21474208       0.71247722        1.5535652
  3.2827189       0.23432453       0.75970161        1.6746359
  3.3133985       0.24231133       0.79526918        1.7556702
  3.3440781       0.23703223       0.81648487        1.7841914
  3.3747577       0.22035252       0.82194954        1.7519883
  3.4054373       0.19751369       0.81166367        1.6582642
  3.4361170       0.17680510       0.78690082        1.5107826
  3.4667966       0.16719852       0.74990918        1.3249286
  3.4974762       0.17217331       0.70353145        1.1213059
  3.5281558       0.18613688       0.65085384       0.92312822
  3.5588354       0.19975618       0.59499829       0.75514541
  3.5895150       0.20582815       0.53915077       0.64449285
  3.6201947       0.20088373       0.48687014       0.61618625
  3.6508743       0.18511971       0.44262272       0.67436723
  3.6815539       0.16243492       0.41223800       0.79582610
  3.7122335       0.14084158       0.40249632       0.95117787
  3.7429131       0.13132825       0.41902727        1.1195171
  3.7735927       0.13999735       0.46365615        1.2911125
  3.8042724       0.16067125       0.53407351        1.4679530
  3.8349520       0.18223926       0.62578279        1.6624720
  3.8656316       0.19647082       0.73369015        1.8915297
  3.8963112       0.19891068       0.85244974        2.1661144
  3.9269908       0.18803544       0.97628291        2.4824152
  3.9576704       0.16458600        1.0988927        2.8198166
  3.9883500       0.13107121        1.2136573        3.1455691
  4.0190297       0.91383813E-01    1.3140592        3.4221719
  4.0497093       0.51045412E-01    1.3942382        3.6144094
  4.0803889       0.24719153E-01    1.4495482        3.6948835
  4.1110685       0.40942380E-01    1.4770242        3.6477751
  4.1417481       0.65198816E-01    1.4756887        3.4707900
  4.1724277       0.81645608E-01    1.4466662        3.1753839
  4.2031074       0.88205504E-01    1.3931027        2.7855881
  4.2337870       0.85364591E-01    1.3199131        2.3361274
  4.2644666       0.75005721E-01    1.2333916        1.8710445
  4.2951462       0.60110976E-01    1.1407222        1.4447050
  4.3258258       0.44840973E-01    1.0494080        1.1251604
  4.3565054       0.34933352E-01   0.96662323       0.98056413
  4.3871851       0.34785401E-01   0.89849360        1.0136450
  4.4178647       0.40523629E-01   0.84938733        1.1457693
  4.4485443       0.45845734E-01   0.82142815        1.3107540
  4.4792239       0.47966698E-01   0.81448440        1.4925259
  4.5099035       0.46636122E-01   0.82665112        1.7052277
  4.5405831       0.43105250E-01   0.85488577        1.9676534
  4.5712627       0.39647030E-01   0.89541320        2.2846924
  4.6019424       0.38679290E-01   0.94383553        2.6412705
  4.6326220       0.40950128E-01   0.99516930        3.0071597
  4.6633016       0.44790303E-01    1.0440375        3.3454801
  4.6939812       0.47670313E-01    1.0850792        3.6200570
  4.7246608       0.47555654E-01    1.1134956        3.8005665
  4.7553404       0.43208410E-01    1.1255972        3.8657910
  4.7860201       0.34154471E-01    1.1192347        3.8053615
  4.8166997       0.20669845E-01    1.0940314        3.6202442
  4.8473793       0.48504213E-02    1.0513864        3.3222235
  4.8780589       0.16954931E-01   0.99425366        2.9326816
  4.9087385       0.36684694E-01   0.92673811        2.4810476
  4.9394181       0.54928630E-01   0.85357708        2.0034419
  4.9700978       0.69509641E-01   0.77958583        1.5424383
  5.0007774       0.78647622E-01   0.70914763        1.1493516
  5.0314570       0.81131673E-01   0.64581110       0.88614180
  5.0621366       0.76537030E-01   0.59202969       0.79731781
  5.0928162       0.65414673E-01   0.54904613       0.84302049
  5.1234958       0.49558434E-01   0.51690446       0.93465798
  5.1541754       0.33029102E-01   0.49457074        1.0207259
  5.1848551       0.25895493E-01   0.48014812        1.0898890
  5.2155347       0.35322987E-01   0.47116165        1.1478923
  5.2462143       0.49198768E-01   0.46486678        1.2013739
  5.2768939       0.59395926E-01   0.45852898        1.2501566
  5.3075735       0.63008250E-01   0.44964521        1.2872026
  5.3382531       0.59147953E-01   0.43610864        1.3031219
  5.3689328       0.48274572E-01   0.41633534        1.2908497
  5.3996124       0.32099904E-01   0.38936793        1.2479532
  5.4302920       0.14807640E-01   0.35495632        1.1764296
  5.4609716       0.16129503E-01   0.31360195        1.0810951
  5.4916512       0.32890302E-01   0.26654933       0.96792929
  5.5223308       0.47193302E-01   0.21572310       0.84343865
  5.5530105       0.55663729E-01   0.16365436       0.71542454
  5.5836901       0.57141500E-01   0.11358299       0.59469146
  5.6143697       0.51730614E-01   0.70577096E-01   0.49616196
  5.6450493       0.40827939E-01   0.46774384E-01   0.43561817
  5.6757289       0.27732617E-01   0.55362361E-01   0.41823106
  5.7064085       0.20684091E-01   0.76962235E-01   0.43046112
  5.7370881       0.27970249E-01   0.95880326E-01   0.45163631
  5.7677678       0.40247338E-01   0.10803258       0.46847984
  5.7984474       0.50173366E-01   0.11245323       0.47742805
  5.8291270       0.55527437E-01   0.10921313       0.48009806
  5.8598066       0.56233338E-01   0.99020274E-01   0.47775839
  5.8904862       0.53790816E-01   0.83256261E-01   0.46797764
  5.9211658       0.50999258E-01   0.64330096E-01   0.44511716
  5.9518455       0.50838494E-01   0.46837033E-01   0.40365067
  5.9825251       0.54184915E-01   0.39662557E-01   0.34197057
  6.0132047       0.59001256E-01   0.48271271E-01   0.26615869
  6.0438843       0.62271802E-01   0.64328254E-01   0.19776705
  6.0745639       0.61728436E-01   0.80608927E-01   0.18548095
  6.1052435       0.56329617E-01   0.94931263E-01   0.25039700
  6.1359232       0.46275059E-01   0.10759927       0.34836496
  6.1666028       0.33143187E-01   0.11989607       0.44710174
  6.1972824       0.21339820E-01   0.13282619       0.53116144
  6.2279620       0.21460406E-01   0.14615175       0.59048118
  6.2586416       0.33024572E-01   0.15823989       0.61661187
  6.2893212       0.45495111E-01   0.16671948       0.60218073
  6.3200008       0.54763958E-01   0.16947126       0.54188483
  6.3506805       0.59398546E-01   0.16561546       0.43454332
  6.3813601       0.59090306E-01   0.15648684       0.28780980
  6.4120397       0.54382210E-01   0.14662588       0.15131491
  6.4427193       0.46698273E-01   0.14386328       0.23445144
  6.4733989       0.38681981E-01   0.15553668       0.45494657
  6.5040785       0.34610991E-01   0.18203160       0.69000110
  6.5347582       0.38051223E-01   0.21714230       0.90881710
  6.5654378       0.47303581E-01   0.25351994        1.0933656
  6.5961174       0.58307745E-01   0.28536734        1.2313722
  6.6267970       0.68261041E-01   0.30874361        1.3161119
  6.6574766       0.75554333E-01   0.32136620        1.3464834
  6.6881562       0.79271296E-01   0.32239049        1.3265934
  6.7188359       0.78980497E-01   0.31216969        1.2648146
  6.7495155       0.74676087E-01   0.29196780        1.1724710
  6.7801951       0.66763347E-01   0.26363439        1.0623642
  6.8108747       0.56044879E-01   0.22927697       0.94736956
  6.8415543       0.43702714E-01   0.19098075       0.83931068
  6.8722339       0.31331181E-01   0.15063831       0.74826204
  6.9029135       0.21205760E-01   0.11000556       0.68227202
  6.9335932       0.16544596E-01   0.71459981E-01   0.64722914
  6.9642728       0.17906952E-01   0.42614558E-01   0.64646435
  6.9949524       0.20860027E-01   0.46901508E-01   0.68017590
  7.0256320       0.22493518E-01   0.78672696E-01   0.74541527
  7.0563116       0.22342589E-01   0.11708560       0.83688205
  7.0869912       0.21163150E-01   0.15699330       0.94781906
  7.1176709       0.20271696E-01   0.19693863        1.0704475
  7.1483505       0.20710025E-01   0.23602525        1.1960549
  7.1790301       0.22427859E-01   0.27335334        1.3150875
  7.2097097       0.24670631E-01   0.30791501        1.4174854
  7.2403893       0.27069217E-01   0.33862593        1.4933246
  7.2710689       0.30162203E-01   0.36441691        1.5337011
  7.3017486       0.35071607E-01   0.38435068        1.5317127
  7.3324282       0.42529023E-01   0.39773804        1.4833748
  7.3631078       0.52204710E-01   0.40423166        1.3883292
  7.3937874       0.62938064E-01   0.40388198        1.2502814
  7.4244670       0.73265965E-01   0.39714688        1.0772212
  7.4551466       0.81779176E-01   0.38485442       0.88170828
  7.4858262       0.87327200E-01   0.36812490       0.68203810
  7.5165059       0.89156193E-01   0.34826313       0.50627945
  7.5471855       0.87009990E-01   0.32663480       0.39899839
  7.5778651       0.81201283E-01   0.30454126       0.39819473
  7.6085447       0.72660592E-01   0.28310692       0.47134158
  7.6392243       0.62968374E-01   0.26319166       0.55779753
  7.6699039       0.54302378E-01   0.24533914       0.62502294
  7.7005836       0.48943471E-01   0.22976767       0.66160740
  7.7312632       0.47877295E-01   0.21640353       0.66644282
  7.7619428       0.49726167E-01   0.20494731       0.64378902
  7.7926224       0.51929118E-01   0.19495676       0.60055268
  7.8233020       0.52447577E-01   0.18593029       0.54423874
  7.8539816       0.50288633E-01   0.17738231       0.48133488
  7.8846612       0.45403067E-01   0.16891159       0.41637152
  7.9153409       0.38535808E-01   0.16026864       0.35192996
  7.9460205       0.31183026E-01   0.15142597       0.28951952
  7.9767001       0.25588022E-01   0.14264466       0.23075835
  8.0073797       0.23907391E-01   0.13451216       0.17809321
  8.0380593       0.25816604E-01   0.12789879       0.13451115
  8.0687389       0.28736161E-01   0.12376351       0.10226990
  8.0994186       0.30597879E-01   0.12279463       0.82367353E-01
  8.1300982       0.30561280E-01   0.12504489       0.78502435E-01
  8.1607778       0.28675826E-01   0.12984030       0.99302173E-01
  8.1914574       0.25592018E-01   0.13605043       0.14640543
  8.2221370       0.22334593E-01   0.14250077       0.21374866
  8.2528166       0.19953933E-01   0.14828067       0.29481987
  8.2834963       0.18948558E-01   0.15287031       0.38365931
  8.3141759       0.18976796E-01   0.15611950       0.47463583
  8.3448555       0.19483926E-01   0.15813142       0.56244936
  8.3755351       0.20515921E-01   0.15910558       0.64212636
  8.4062147       0.22797879E-01   0.15920111       0.70896535
  8.4368943       0.26981923E-01   0.15847878       0.75855633
  8.4675739       0.32889685E-01   0.15694955       0.78701317
  8.4982536       0.39629330E-01   0.15470403       0.79147369
  8.5289332       0.46104100E-01   0.15205043       0.77081200
  8.5596128       0.51328224E-01   0.14956819       0.72644418
  8.5902924       0.54563982E-01   0.14800183       0.66312346
  8.6209720       0.55384526E-01   0.14798669       0.58966711
  8.6516516       0.53696145E-01   0.14972264       0.51937545
  8.6823313       0.49725203E-01   0.15280532       0.46876398
  8.7130109       0.43973873E-01   0.15634738       0.45134296
  8.7436905       0.37155079E-01   0.15931302       0.46763548
  8.7743701       0.30123593E-01   0.16087328       0.50417341
  8.8050497       0.23818227E-01   0.16063939       0.54388333
  8.8357293       0.19178339E-01   0.15872714       0.57390565
  8.8664090       0.16839427E-01   0.15565651       0.58695352
  8.8970886       0.16583080E-01   0.15211584       0.58027692
  8.9277682       0.17447501E-01   0.14865735       0.55448411
  8.9584478       0.18545070E-01   0.14544182       0.51261138
  8.9891274       0.19373004E-01   0.14215918       0.45935656
  9.0198070       0.19655825E-01   0.13816505       0.40035090
  9.0504866       0.19191704E-01   0.13274665       0.34137136
  9.0811663       0.17813434E-01   0.12537959       0.28746184
  9.1118459       0.15422005E-01   0.11588533       0.24211981
  9.1425255       0.12038234E-01   0.10447501       0.20706221
  9.1732051       0.78424916E-02   0.91713717E-01   0.18321177
  9.2038847       0.32602145E-02   0.78457807E-01   0.17243386
  9.2345643       0.23564131E-02   0.65820298E-01   0.17738136
  9.2652440       0.65497065E-02   0.55192733E-01   0.19797990
  9.2959236       0.10142229E-01   0.48198845E-01   0.22930407
  9.3266032       0.12536314E-01   0.46126233E-01   0.26387420
  9.3572828       0.13463360E-01   0.48832661E-01   0.29448513
  9.3879624       0.12853398E-01   0.54725648E-01   0.31554292
  9.4186420       0.10847981E-01   0.61998041E-01   0.32358783
  9.4493217       0.78403762E-02   0.69332185E-01   0.31748820
  9.4800013       0.47782232E-02   0.75883912E-01   0.29836067
  9.5106809       0.44788891E-02   0.81123546E-01   0.26920331
  9.5413605       0.75574820E-02   0.84728917E-01   0.23431856
  9.5720401       0.11185744E-01   0.86524714E-01   0.19877668
  9.6027197       0.14509528E-01   0.86446362E-01   0.16838299
  9.6333993       0.17468900E-01   0.84525930E-01   0.15033640
  9.6640790       0.20309670E-01   0.80911682E-01   0.15237413
  9.6947586       0.23373607E-01   0.75936340E-01   0.17727796
  9.7254382       0.26879174E-01   0.70241280E-01   0.22024923
  9.7561178       0.30777932E-01   0.64928777E-01   0.27367453
  9.7867974       0.34770152E-01   0.61593596E-01   0.33025637
  9.8174770       0.38430046E-01   0.61881944E-01   0.38333346
  9.8481567       0.41343640E-01   0.66494500E-01   0.42697906
  9.8788363       0.43210144E-01   0.74644343E-01   0.45639218
  9.9095159       0.43899295E-01   0.84685840E-01   0.46835481
  9.9401955       0.43467263E-01   0.94977075E-01   0.46156239
  9.9708751       0.42131451E-01   0.10426475       0.43674869
  10.001555       0.40203590E-01   0.11174563       0.39661213
  10.032234       0.37988371E-01   0.11702675       0.34561400
  10.062914       0.35676024E-01   0.12005418       0.28976473
  10.093594       0.33282381E-01   0.12101852       0.23650274
  10.124273       0.30687167E-01   0.12024235       0.19441136
  10.154953       0.27776719E-01   0.11806738       0.17114173
  10.185632       0.24657452E-01   0.11476828       0.16794434
  10.216312       0.21904871E-01   0.11051792       0.17768169
  10.246992       0.20693475E-01   0.10541074       0.19191197
  10.277671       0.22198816E-01   0.99527442E-01   0.20649238
  10.308351       0.26359861E-01   0.93008340E-01   0.22150830
  10.339031       0.32017114E-01   0.86103483E-01   0.23918790
  10.369710       0.37966957E-01   0.79181718E-01   0.26161864
  10.400390       0.43346366E-01   0.72697132E-01   0.28909345
  10.431069       0.47619210E-01   0.67123584E-01   0.31976564
  10.461749       0.50531361E-01   0.62874184E-01   0.35040260
  10.492429       0.52080117E-01   0.60224418E-01   0.37740795
  10.523108       0.52473466E-01   0.59256348E-01   0.39757031
  10.553788       0.52057794E-01   0.59835834E-01   0.40845792
  10.584467       0.51206698E-01   0.61625195E-01   0.40854922
  10.615147       0.50188818E-01   0.64125525E-01   0.39718606
  10.645827       0.49064765E-01   0.66740431E-01   0.37441151
  10.676506       0.47671148E-01   0.68853345E-01   0.34075930
  10.707186       0.45707273E-01   0.69909887E-01   0.29709554
  10.737866       0.42880839E-01   0.69496369E-01   0.24468288
  10.768545       0.39052910E-01   0.67408045E-01   0.18586662
  10.799225       0.34353991E-01   0.63706692E-01   0.12705364
  10.829904       0.29281731E-01   0.58775177E-01   0.91567467E-01
  10.860584       0.24788469E-01   0.53379724E-01   0.11907067
  10.891264       0.22186298E-01   0.48718118E-01   0.18605595
  10.921943       0.22335801E-01   0.46294245E-01   0.26083907
  10.952623       0.24614849E-01   0.47317522E-01   0.33107111
  10.983302       0.27527359E-01   0.51878544E-01   0.38972622
  11.013982       0.29860445E-01   0.58961046E-01   0.43173909
  11.044662       0.30962248E-01   0.67220966E-01   0.45370955
  11.075341       0.30630946E-01   0.75506992E-01   0.45411361
  11.106021       0.28993698E-01   0.82953294E-01   0.43346103
  11.136701       0.26411275E-01   0.88932011E-01   0.39424249
  11.167380       0.23389402E-01   0.93010148E-01   0.34063906
  11.198060       0.20490228E-01   0.94933434E-01   0.27804185
  11.228739       0.18250333E-01   0.94626230E-01   0.21250547
  11.259419       0.17114186E-01   0.92192897E-01   0.15041273
  11.290099       0.17375475E-01   0.87908035E-01   0.99134026E-01
  11.320778       0.19111271E-01   0.82185331E-01   0.70038400E-01
  11.351458       0.22144038E-01   0.75517394E-01   0.72974362E-01
  11.382137       0.26078300E-01   0.68384360E-01   0.94794012E-01
  11.412817       0.30387344E-01   0.61141831E-01   0.12121826
  11.443497       0.34513724E-01   0.53921014E-01   0.14822892
  11.474176       0.37977317E-01   0.46593648E-01   0.17455823
  11.504856       0.40487382E-01   0.38845221E-01   0.19849942
  11.535536       0.42042387E-01   0.30361575E-01   0.21757332
  11.566215       0.42981496E-01   0.21160871E-01   0.22911261
  11.596895       0.43921354E-01   0.12702054E-01   0.23095216
  11.627574       0.45507788E-01   0.12266154E-01   0.22192921
  11.658254       0.48036528E-01   0.21882016E-01   0.20214235
  11.688934       0.51209087E-01   0.33875254E-01   0.17302709
  11.719613       0.54234286E-01   0.45528102E-01   0.13740336
  11.750293       0.56149841E-01   0.55605662E-01   0.99928990E-01
  11.780972       0.56125767E-01   0.63243542E-01   0.69341095E-01
  11.811652       0.53662083E-01   0.67853113E-01   0.61389065E-01
  11.842332       0.48708151E-01   0.69154973E-01   0.78309079E-01
  11.873011       0.41760265E-01   0.67212472E-01   0.10150894
  11.903691       0.34021493E-01   0.62438305E-01   0.11979259
  11.934371       0.27700808E-01   0.55569727E-01   0.12892537
  11.965050       0.25748784E-01   0.47616045E-01   0.12780519
  11.995730       0.28979951E-01   0.39776676E-01   0.11808196
  12.026409       0.34764770E-01   0.33285222E-01   0.10563848
  12.057089       0.40479958E-01   0.29054077E-01   0.10254482
  12.087769       0.44884811E-01   0.27147304E-01   0.12063460
  12.118448       0.47755107E-01   0.26725506E-01   0.15768319
  12.149128       0.49508090E-01   0.26782854E-01   0.20332661
  12.179807       0.50868218E-01   0.26775292E-01   0.24889488
  12.210487       0.52464248E-01   0.26652556E-01   0.28834408
  12.241167       0.54459677E-01   0.26583454E-01   0.31753387
  12.271846       0.56450415E-01   0.26660738E-01   0.33392950
  12.302526       0.57686600E-01   0.26758121E-01   0.33652278
  12.333206       0.57413693E-01   0.26601457E-01   0.32578773
  12.363885       0.55130454E-01   0.25959535E-01   0.30362840
  12.394565       0.50712486E-01   0.24817208E-01   0.27333525
  12.425244       0.44436706E-01   0.23464496E-01   0.23954878
  12.455924       0.36961896E-01   0.22467068E-01   0.20806461
  12.486604       0.29337431E-01   0.22447246E-01   0.18485986
  12.517283       0.23124283E-01   0.23704233E-01   0.17349976
  12.547963       0.20350624E-01   0.26032345E-01   0.17238695
  12.578642       0.21961414E-01   0.28965666E-01   0.17598566
  12.609322       0.26455769E-01   0.32108877E-01   0.17924728
  12.640002       0.31976947E-01   0.35267053E-01   0.18060178
  12.670681       0.37509855E-01   0.38410015E-01   0.18246756
  12.701361       0.42515112E-01   0.41573514E-01   0.18970424
  12.732041       0.46588321E-01   0.44766930E-01   0.20598798
  12.762720       0.49369350E-01   0.47930140E-01   0.23047039
  12.793400       0.50596148E-01   0.50949419E-01   0.25814033
  12.824079       0.50212442E-01   0.53708957E-01   0.28266071
  12.854759       0.48464050E-01   0.56140878E-01   0.29861151
  12.885439       0.45928361E-01   0.58245365E-01   0.30252133
  12.916118       0.43410711E-01   0.60071412E-01   0.29324336
  12.946798       0.41647084E-01   0.61668488E-01   0.27207075
  12.977477       0.40899356E-01   0.63034347E-01   0.24279838
  13.008157       0.40790218E-01   0.64087370E-01   0.21185184
  13.038837       0.40621429E-01   0.64679072E-01   0.18810188
  13.069516       0.39935277E-01   0.64640881E-01   0.18029131
  13.100196       0.38971877E-01   0.63843585E-01   0.19072999
  13.130876       0.38838350E-01   0.62245710E-01   0.21305968
  13.161555       0.41066863E-01   0.59914669E-01   0.23835145
  13.192235       0.46437643E-01   0.57014325E-01   0.25985932
  13.222914       0.54273499E-01   0.53761525E-01   0.27355166
  13.253594       0.63056728E-01   0.50363110E-01   0.27745622
  13.284274       0.71280475E-01   0.46954595E-01   0.27114098
  13.314953       0.77843716E-01   0.43567259E-01   0.25539999
  13.345633       0.82168943E-01   0.40142474E-01   0.23200368
  13.376312       0.84216398E-01   0.36589173E-01   0.20340302
  13.406992       0.84421167E-01   0.32857291E-01   0.17233008
  13.437672       0.83528532E-01   0.28993895E-01   0.14129352
  13.468351       0.82316157E-01   0.25158225E-01   0.11204840
  13.499031       0.81264791E-01   0.21582811E-01   0.85249483E-01
  13.529711       0.80337591E-01   0.18476731E-01   0.60645584E-01
  13.560390       0.79019264E-01   0.15896531E-01   0.38422865E-01
  13.591070       0.76592564E-01   0.13678037E-01   0.24680365E-01
  13.621749       0.72478916E-01   0.11547236E-01   0.34458653E-01
  13.652429       0.66498833E-01   0.94366850E-02   0.57026009E-01
  13.683109       0.59021099E-01   0.80088472E-02   0.80950796E-01
  13.713788       0.51031817E-01   0.88259207E-02   0.10236972
  13.744468       0.44104227E-01   0.12250357E-01   0.11908356
  13.775147       0.40000834E-01   0.17018184E-01   0.12968892
  13.805827       0.39527892E-01   0.22051884E-01   0.13353278
  13.836507       0.41634424E-01   0.26636737E-01   0.13070265
  13.867186       0.44328887E-01   0.30267102E-01   0.12194303
  13.897866       0.46039395E-01   0.32619503E-01   0.10850130
  13.928546       0.46038210E-01   0.33571438E-01   0.91932977E-01
  13.959225       0.44365586E-01   0.33218903E-01   0.73902124E-01
  13.989905       0.41682488E-01   0.31870886E-01   0.56010146E-01
  14.020584       0.39079067E-01   0.30001121E-01   0.39684546E-01
  14.051264       0.37689164E-01   0.28132000E-01   0.26172977E-01
  14.081944       0.38066565E-01   0.26643692E-01   0.16728825E-01
  14.112623       0.39804532E-01   0.25586751E-01   0.12676184E-01
  14.143303       0.41885929E-01   0.24657996E-01   0.13439316E-01
  14.173982       0.43320914E-01   0.23388289E-01   0.16524379E-01
  14.204662       0.43506571E-01   0.21394602E-01   0.21142111E-01
  14.235342       0.42314203E-01   0.18566326E-01   0.27482546E-01
  14.266021       0.40074585E-01   0.15213855E-01   0.35297133E-01
  14.296701       0.37530635E-01   0.12310946E-01   0.43698742E-01
  14.327381       0.35712842E-01   0.11587733E-01   0.51411192E-01
  14.358060       0.35605385E-01   0.13826421E-01   0.56993129E-01
  14.388740       0.37635281E-01   0.17593740E-01   0.59006118E-01
  14.419419       0.41470797E-01   0.21344208E-01   0.56172916E-01
  14.450099       0.46378887E-01   0.24204584E-01   0.47542796E-01
  14.480779       0.51648902E-01   0.25738277E-01   0.32688417E-01
  14.511458       0.56740512E-01   0.25799546E-01   0.12560713E-01
  14.542138       0.61251770E-01   0.24486798E-01   0.17939071E-01
  14.572817       0.64854932E-01   0.22141689E-01   0.48667831E-01
  14.603497       0.67265860E-01   0.19395490E-01   0.82803075E-01
  14.634177       0.68261097E-01   0.17252472E-01   0.11770743
  14.664856       0.67732357E-01   0.16942672E-01   0.15107412
  14.695536       0.65756642E-01   0.19066187E-01   0.18072474
  14.726216       0.62654421E-01   0.23054604E-01   0.20478444
  14.756895       0.59000757E-01   0.27964967E-01   0.22185520
  14.787575       0.55540132E-01   0.33082065E-01   0.23113880
  14.818254       0.52957546E-01   0.37918755E-01   0.23249050
  14.848934       0.51549705E-01   0.42106999E-01   0.22639826
  14.879614       0.51021511E-01   0.45338695E-01   0.21389237
  14.910293       0.50628065E-01   0.47353457E-01   0.19639897
  14.940973       0.49566030E-01   0.47953500E-01   0.17555606
  14.971652       0.47345837E-01   0.47029236E-01   0.15301353
  15.002332       0.44031115E-01   0.44582954E-01   0.13024006
  15.033012       0.40369060E-01   0.40741722E-01   0.10836243
  15.063691       0.37743900E-01   0.35754505E-01   0.88069245E-01
  15.094371       0.37602285E-01   0.29972330E-01   0.69619042E-01
  15.125051       0.40296516E-01   0.23813617E-01   0.52997442E-01
  15.155730       0.44677664E-01   0.17719536E-01   0.38294119E-01
  15.186410       0.49018014E-01   0.12106299E-01   0.26568053E-01
  15.217089       0.51866777E-01   0.73241147E-02   0.21525892E-01
  15.247769       0.52299190E-01   0.36466837E-02   0.26269044E-01
  15.278449       0.49904869E-01   0.14618775E-02   0.36239513E-01
  15.309128       0.44723053E-01   0.15127342E-02   0.47049900E-01
  15.339808       0.37163503E-01   0.20341864E-02   0.56808677E-01
  15.370487       0.27920208E-01   0.22435469E-02   0.64586172E-01
  15.401167       0.17927044E-01   0.24294653E-02   0.69893459E-01
  15.431847       0.88118131E-02   0.28609261E-02   0.72580286E-01
  15.462526       0.74611826E-02   0.35556727E-02   0.72826940E-01
  15.493206       0.14679737E-01   0.44787765E-02   0.71142972E-01
  15.523886       0.22344661E-01   0.57059938E-02   0.68337813E-01
  15.554565       0.29282072E-01   0.73436193E-02   0.65426212E-01
  15.585245       0.35489647E-01   0.93866655E-02   0.63421541E-01
  15.615924       0.41081358E-01   0.11676556E-01   0.63020864E-01
  15.646604       0.46048433E-01   0.13950651E-01   0.64341888E-01
  15.677284       0.50194058E-01   0.15913964E-01   0.66941126E-01
  15.707963       0.53190799E-01   0.17303832E-01   0.70099307E-01
  15.738643       0.54709517E-01   0.17945241E-01   0.73118300E-01
  15.769322       0.54562060E-01   0.17797989E-01   0.75461817E-01
  15.800002       0.52819490E-01   0.16994998E-01   0.76756712E-01
  15.830682       0.49887586E-01   0.15863712E-01   0.76734617E-01
  15.861361       0.46520517E-01   0.14892989E-01   0.75176429E-01
  15.892041       0.43717538E-01   0.14558251E-01   0.71891801E-01
  15.922721       0.42409242E-01   0.15005139E-01   0.66740047E-01
  15.953400       0.42983717E-01   0.15910022E-01   0.59682101E-01
  15.984080       0.45064678E-01   0.16716502E-01   0.50852665E-01
  16.014759       0.47827373E-01   0.16930365E-01   0.40673215E-01
  16.045439       0.50484581E-01   0.16251825E-01   0.30156757E-01
  16.076119       0.52540568E-01   0.14605695E-01   0.22008484E-01
  16.106798       0.53806764E-01   0.12153979E-01   0.21963334E-01
  16.137478       0.54304259E-01   0.93539238E-02   0.31102218E-01
  16.168158       0.54136855E-01   0.71547381E-02   0.44337901E-01
  16.198837       0.53386399E-01   0.69217882E-02   0.58954112E-01
  16.229517       0.52068105E-01   0.85852006E-02   0.73966621E-01
  16.260196       0.50159826E-01   0.10664523E-01   0.88876839E-01
  16.290876       0.47685615E-01   0.12218125E-01   0.10326038
  16.321556       0.44809857E-01   0.12901272E-01   0.11661962
  16.352235       0.41890805E-01   0.12742433E-01   0.12834445
  16.382915       0.39439129E-01   0.12092675E-01   0.13774371
  16.413594       0.37936489E-01   0.11590448E-01   0.14412695
  16.444274       0.37560550E-01   0.11903539E-01   0.14691451
  16.474954       0.38029311E-01   0.13190759E-01   0.14575088
  16.505633       0.38738075E-01   0.14962484E-01   0.14059677
  16.536313       0.39060511E-01   0.16531352E-01   0.13177894
  16.566993       0.38583012E-01   0.17350276E-01   0.11998308
  16.597672       0.37202371E-01   0.17089878E-01   0.10618366
  16.628352       0.35122183E-01   0.15630084E-01   0.91513862E-01
  16.659031       0.32774487E-01   0.13036324E-01   0.77088339E-01
  16.689711       0.30661443E-01   0.95294423E-02   0.63803566E-01
  16.720391       0.29126671E-01   0.54604861E-02   0.52162318E-01
  16.751070       0.28163424E-01   0.15857060E-02   0.42199807E-01
  16.781750       0.27428746E-01   0.34831536E-02   0.33592047E-01
  16.812429       0.26469564E-01   0.70636926E-02   0.25953871E-01
  16.843109       0.24972645E-01   0.99925107E-02   0.19268974E-01
  16.873789       0.22903353E-01   0.12065570E-01   0.14525669E-01
  16.904468       0.20531394E-01   0.13256881E-01   0.14017712E-01
  16.935148       0.18363222E-01   0.13655062E-01   0.18105998E-01
  16.965828       0.16943183E-01   0.13426214E-01   0.24322895E-01
  16.996507       0.16521647E-01   0.12772619E-01   0.31003169E-01
  17.027187       0.16886170E-01   0.11898820E-01   0.37496228E-01
  17.057866       0.17645304E-01   0.11003437E-01   0.43663841E-01
  17.088546       0.18634154E-01   0.10303724E-01   0.49685695E-01
  17.119226       0.20032560E-01   0.10056270E-01   0.55896599E-01
  17.149905       0.22156647E-01   0.10486296E-01   0.62540258E-01
  17.180585       0.25107157E-01   0.11623216E-01   0.69514670E-01
  17.211264       0.28591399E-01   0.13239788E-01   0.76272196E-01
  17.241944       0.32037717E-01   0.14968535E-01   0.81951028E-01
  17.272624       0.34820530E-01   0.16433258E-01   0.85670521E-01
  17.303303       0.36444462E-01   0.17317826E-01   0.86872409E-01
  17.333983       0.36674736E-01   0.17398303E-01   0.85614927E-01
  17.364663       0.35642152E-01   0.16560366E-01   0.82737561E-01
  17.395342       0.33932355E-01   0.14805807E-01   0.79762890E-01
  17.426022       0.32596197E-01   0.12247034E-01   0.78344980E-01
  17.456701       0.32857214E-01   0.90905166E-02   0.79322630E-01
  17.487381       0.35373451E-01   0.56183718E-02   0.82121299E-01
  17.518061       0.39724860E-01   0.22642739E-02   0.85207327E-01
  17.548740       0.44807711E-01   0.19395447E-02   0.87106552E-01
  17.579420       0.49485552E-01   0.46001071E-02   0.87130465E-01
  17.610099       0.52887458E-01   0.68967431E-02   0.85574814E-01
  17.640779       0.54455558E-01   0.85777776E-02   0.83463008E-01
  17.671459       0.53919066E-01   0.96397692E-02   0.81895977E-01
  17.702138       0.51254897E-01   0.10165807E-01   0.81250401E-01
  17.732818       0.46647159E-01   0.10285476E-01   0.80795354E-01
  17.763498       0.40452508E-01   0.10140647E-01   0.79071955E-01
  17.794177       0.33186861E-01   0.98587485E-02   0.74653780E-01
  17.824857       0.25574618E-01   0.95419227E-02   0.66737207E-01
  17.855536       0.18775987E-01   0.92726689E-02   0.55419959E-01
  17.886216       0.14872265E-01   0.91220226E-02   0.41867316E-01
  17.916896       0.15798085E-01   0.91400681E-02   0.28952167E-01
  17.947575       0.19954390E-01   0.93257631E-02   0.23282462E-01
  17.978255       0.24690127E-01   0.96033399E-02   0.29676796E-01
  18.008934       0.28695705E-01   0.98350320E-02   0.41081225E-01
  18.039614       0.31485326E-01   0.98665229E-02   0.51911780E-01
  18.070294       0.32988187E-01   0.95807856E-02   0.60257830E-01
  18.100973       0.33411565E-01   0.89470728E-02   0.65534678E-01
  18.131653       0.33164315E-01   0.80689805E-02   0.67705138E-01
  18.162333       0.32744586E-01   0.72349535E-02   0.66998682E-01
  18.193012       0.32558951E-01   0.69032974E-02   0.63781418E-01
  18.223692       0.32728749E-01   0.74149346E-02   0.58505839E-01
  18.254371       0.33018764E-01   0.86189766E-02   0.51707675E-01
  18.285051       0.32952650E-01   0.10048106E-01   0.44014344E-01
  18.315731       0.32017647E-01   0.11271958E-01   0.36129892E-01
  18.346410       0.29831499E-01   0.11996740E-01   0.28767719E-01
  18.377090       0.26232430E-01   0.12054652E-01   0.22507895E-01
  18.407769       0.21318585E-01   0.11387033E-01   0.17582338E-01
  18.438449       0.15502203E-01   0.10031482E-01   0.13718564E-01
  18.469129       0.98314071E-02   0.81083965E-02   0.10320499E-01
  18.499808       0.75429560E-02   0.58079009E-02   0.70839742E-02
  18.530488       0.11227358E-01   0.34017571E-02   0.52469349E-02
  18.561168       0.16739984E-01   0.15727466E-02   0.74857603E-02
  18.591847       0.21813522E-01   0.23204853E-02   0.12079264E-01
  18.622527       0.25775773E-01   0.40078183E-02   0.17007008E-01
  18.653206       0.28408164E-01   0.53905434E-02   0.21438322E-01
  18.683886       0.29723649E-01   0.63009163E-02   0.24923516E-01
  18.714566       0.29892247E-01   0.67327351E-02   0.27243752E-01
  18.745245       0.29179348E-01   0.67415712E-02   0.28398862E-01
  18.775925       0.27876242E-01   0.64084088E-02   0.28605738E-01
  18.806604       0.26229411E-01   0.58101207E-02   0.28278909E-01
  18.837284       0.24390116E-01   0.49987890E-02   0.27966433E-01
  18.867964       0.22411751E-01   0.39993128E-02   0.28206605E-01
  18.898643       0.20310582E-01   0.28352545E-02   0.29322604E-01
  18.929323       0.18182729E-01   0.16334210E-02   0.31290290E-01
  18.960003       0.16350320E-01   0.12686237E-02   0.33802165E-01
  18.990682       0.15443262E-01   0.24893029E-02   0.36451303E-01
  19.021362       0.16137987E-01   0.40727455E-02   0.38884044E-01
  19.052041       0.18527837E-01   0.55883561E-02   0.40876109E-01
  19.082721       0.22014902E-01   0.68542576E-02   0.42362750E-01
  19.113401       0.25818797E-01   0.77433851E-02   0.43454242E-01
  19.144080       0.29284933E-01   0.81752988E-02   0.44446196E-01
  19.174760       0.31932623E-01   0.81232578E-02   0.45811011E-01
  19.205439       0.33452186E-01   0.76172792E-02   0.48135876E-01
  19.236119       0.33714465E-01   0.67398090E-02   0.51979179E-01
  19.266799       0.32793174E-01   0.56142658E-02   0.57683218E-01
  19.297478       0.30992173E-01   0.43885254E-02   0.65250378E-01
  19.328158       0.28861322E-01   0.32165447E-02   0.74344056E-01
  19.358838       0.27146364E-01   0.22408701E-02   0.84366491E-01
  19.389517       0.26560204E-01   0.15701982E-02   0.94543846E-01
  19.420197       0.27372915E-01   0.12239817E-02   0.10399873
  19.450876       0.29200423E-01   0.10857829E-02   0.11182336
  19.481556       0.31275490E-01   0.10277630E-02   0.11716657
  19.512236       0.32850501E-01   0.10323149E-02   0.11933680
  19.542915       0.33410339E-01   0.11293665E-02   0.11791307
  19.573595       0.32739826E-01   0.13096546E-02   0.11285179
  19.604274       0.30959027E-01   0.15479378E-02   0.10457655
  19.634954       0.28580179E-01   0.18583215E-02   0.94040687E-01
  19.665634       0.26566991E-01   0.22869410E-02   0.82745444E-01
  19.696313       0.26184137E-01   0.28567630E-02   0.72643683E-01
  19.726993       0.28290838E-01   0.35307535E-02   0.65716854E-01
  19.757673       0.32631992E-01   0.42220363E-02   0.63029831E-01
  19.788352       0.38196630E-01   0.48232290E-02   0.63928956E-01
  19.819032       0.43950644E-01   0.52320494E-02   0.66577770E-01
  19.849711       0.49115898E-01   0.53695429E-02   0.69227023E-01
  19.880391       0.53175807E-01   0.51919847E-02   0.70846250E-01
  19.911071       0.55840549E-01   0.46975943E-02   0.71055975E-01
  19.941750       0.57026836E-01   0.39317145E-02   0.69823045E-01
  19.972430       0.56849434E-01   0.30053414E-02   0.67182734E-01
  20.003109       0.55612897E-01   0.21860167E-02   0.63097577E-01
  20.033789       0.53787829E-01   0.20802595E-02   0.57480449E-01
  20.064469       0.51948281E-01   0.29487848E-02   0.50334984E-01
  20.095148       0.50645976E-01   0.42667224E-02   0.41932281E-01
  20.125828       0.50231610E-01   0.56967643E-02   0.32984830E-01
  20.156508       0.50709641E-01   0.70881673E-02   0.24886506E-01
  20.187187       0.51740142E-01   0.83377621E-02   0.19998268E-01
  20.217867       0.52794691E-01   0.93535471E-02   0.20313588E-01
  20.248546       0.53356364E-01   0.10054261E-01   0.24264667E-01
  20.279226       0.53069338E-01   0.10382799E-01   0.29004767E-01
  20.309906       0.51821259E-01   0.10325119E-01   0.33154187E-01
  20.340585       0.49778614E-01   0.99291323E-02   0.36433840E-01
  20.371265       0.47386300E-01   0.93175177E-02   0.39078253E-01
  20.401944       0.45310211E-01   0.86823508E-02   0.41507814E-01
  20.432624       0.44267511E-01   0.82367702E-02   0.44112922E-01
  20.463304       0.44727056E-01   0.81079557E-02   0.47097810E-01
  20.493983       0.46641333E-01   0.82389431E-02   0.50389117E-01
  20.524663       0.49456449E-01   0.84159854E-02   0.53627594E-01
  20.555343       0.52372825E-01   0.83917812E-02   0.56245867E-01
  20.586022       0.54606042E-01   0.79816080E-02   0.57610490E-01
  20.616702       0.55524332E-01   0.70983045E-02   0.57192226E-01
  20.647381       0.54696231E-01   0.57530594E-02   0.54727541E-01
  20.678061       0.51903842E-01   0.40441492E-02   0.50340674E-01
  20.708741       0.47150374E-01   0.21563615E-02   0.44604119E-01
  20.739420       0.40675129E-01   0.76474868E-03   0.38513489E-01
  20.770100       0.32997013E-01   0.19718999E-02   0.33307457E-01
  20.800779       0.25058825E-01   0.34226417E-02   0.29986470E-01
  20.831459       0.18668106E-01   0.44733709E-02   0.28633203E-01
  20.862139       0.16802487E-01   0.50254823E-02   0.28350454E-01
  20.892818       0.20252012E-01   0.50738857E-02   0.28090322E-01
  20.923498       0.25903503E-01   0.46817673E-02   0.27341007E-01
  20.954178       0.31377403E-01   0.39658834E-02   0.26186417E-01
  20.984857       0.35754197E-01   0.30806732E-02   0.25006635E-01
  21.015537       0.38857560E-01   0.22108844E-02   0.24079852E-01
  21.046216       0.40926363E-01   0.15965115E-02   0.23334914E-01
  21.076896       0.42423069E-01   0.15111164E-02   0.22451276E-01
  21.107576       0.43823370E-01   0.19165980E-02   0.21190720E-01
  21.138255       0.45392699E-01   0.25630558E-02   0.19678083E-01
  21.168935       0.47054561E-01   0.33451562E-02   0.18471326E-01
  21.199614       0.48433885E-01   0.42207196E-02   0.18297892E-01
  21.230294       0.49031029E-01   0.51311933E-02   0.19452770E-01
  21.260974       0.48410812E-01   0.59980900E-02   0.21496279E-01
  21.291653       0.46332395E-01   0.67457619E-02   0.23667287E-01
  21.322333       0.42808408E-01   0.73243801E-02   0.25340843E-01
  21.353013       0.38108716E-01   0.77236469E-02   0.26153396E-01
  21.383692       0.32726266E-01   0.79735970E-02   0.25962522E-01
  21.414372       0.27316254E-01   0.81310027E-02   0.24789237E-01
  21.445051       0.22603557E-01   0.82539192E-02   0.22795240E-01
  21.475731       0.19218861E-01   0.83745423E-02   0.20307215E-01
  21.506411       0.17440585E-01   0.84859195E-02   0.17868916E-01
  21.537090       0.17063258E-01   0.85513502E-02   0.16218565E-01
  21.567770       0.17688806E-01   0.85296159E-02   0.15951514E-01
  21.598449       0.19099141E-01   0.84005178E-02   0.16956780E-01
  21.629129       0.21244112E-01   0.81787943E-02   0.18464875E-01
  21.659809       0.24000165E-01   0.79113842E-02   0.19657686E-01
  21.690488       0.27043909E-01   0.76576827E-02   0.20009632E-01
  21.721168       0.29921123E-01   0.74584249E-02   0.19317251E-01
  21.751848       0.32190426E-01   0.73086263E-02   0.17643240E-01
  21.782527       0.33543927E-01   0.71531919E-02   0.15256260E-01
  21.813207       0.33880299E-01   0.69085513E-02   0.12597731E-01
  21.843886       0.33329734E-01   0.64944593E-02   0.10322998E-01
  21.874566       0.32224617E-01   0.58590683E-02   0.93673686E-02
  21.905246       0.31001465E-01   0.49920595E-02   0.10470600E-01
  21.935925       0.30034477E-01   0.39297474E-02   0.13380271E-01
  21.966605       0.29466236E-01   0.27633598E-02   0.17428483E-01
  21.997284       0.29167080E-01   0.16962850E-02   0.22144798E-01
  22.027964       0.28887519E-01   0.13000660E-02   0.27179465E-01
  22.058644       0.28508410E-01   0.18904389E-02   0.32171590E-01
  22.089323       0.28242019E-01   0.26858959E-02   0.36709937E-01
  22.120003       0.28663244E-01   0.33141262E-02   0.40350150E-01
  22.150683       0.30447563E-01   0.36768427E-02   0.42660052E-01
  22.181362       0.33885078E-01   0.37607086E-02   0.43278988E-01
  22.212042       0.38633963E-01   0.36005094E-02   0.41982458E-01
  22.242721       0.43943968E-01   0.32642318E-02   0.38745691E-01
  22.273401       0.49001799E-01   0.28371731E-02   0.33806034E-01
  22.304081       0.53136292E-01   0.24004350E-02   0.27744374E-01
  22.334760       0.55903352E-01   0.20068257E-02   0.21656214E-01
  22.365440       0.57115793E-01   0.16718394E-02   0.17457406E-01
  22.396120       0.56844190E-01   0.14098307E-02   0.17269940E-01
  22.426799       0.55391138E-01   0.13172585E-02   0.20572732E-01
  22.457479       0.53232588E-01   0.15583168E-02   0.24874917E-01
  22.488158       0.50917854E-01   0.21324402E-02   0.28507895E-01
  22.518838       0.48930219E-01   0.28919063E-02   0.30752712E-01
  22.549518       0.47544445E-01   0.36994807E-02   0.31405751E-01
  22.580197       0.46758076E-01   0.44506890E-02   0.30544146E-01
  22.610877       0.46355346E-01   0.50674921E-02   0.28392397E-01
  22.641556       0.46071136E-01   0.54978203E-02   0.25235114E-01
  22.672236       0.45757992E-01   0.57160705E-02   0.21374271E-01
  22.702916       0.45480920E-01   0.57216828E-02   0.17145647E-01
  22.733595       0.45509731E-01   0.55364164E-02   0.13018919E-01
  22.764275       0.46201271E-01   0.52027948E-02   0.98190146E-02
  22.794955       0.47800689E-01   0.47861724E-02   0.87551112E-02
  22.825634       0.50264147E-01   0.43792872E-02   0.99685317E-02
  22.856314       0.53222231E-01   0.40972552E-02   0.11973066E-01
  22.886993       0.56092553E-01   0.40376740E-02   0.13587624E-01
  22.917673       0.58244092E-01   0.42097887E-02   0.14381499E-01
  22.948353       0.59130948E-01   0.45121177E-02   0.14458377E-01
  22.979032       0.58376064E-01   0.47924516E-02   0.14355148E-01
  23.009712       0.55816134E-01   0.49148848E-02   0.14836837E-01
  23.040391       0.51520733E-01   0.47931180E-02   0.16372915E-01
  23.071071       0.45795171E-01   0.44053619E-02   0.18735641E-01
  23.101751       0.39177990E-01   0.38073474E-02   0.21269474E-01
  23.132430       0.32450131E-01   0.31517406E-02   0.23350055E-01
  23.163110       0.26662530E-01   0.26976715E-02   0.24592371E-01
  23.193790       0.23055963E-01   0.26733883E-02   0.24887597E-01
  23.224469       0.22450588E-01   0.29747958E-02   0.24376329E-01
  23.255149       0.24400344E-01   0.32701185E-02   0.23383650E-01
  23.285828       0.27689123E-01   0.33004742E-02   0.22310792E-01
  23.316508       0.31387661E-01   0.29348880E-02   0.21483848E-01
  23.347188       0.35050154E-01   0.21437475E-02   0.21006931E-01
  23.377867       0.38485274E-01   0.98123803E-03   0.20715594E-01
  23.408547       0.41556089E-01   0.49239524E-03   0.20267343E-01
  23.439226       0.44090652E-01   0.20150943E-02   0.19285196E-01
  23.469906       0.45885748E-01   0.34898526E-02   0.17463693E-01
  23.500586       0.46764489E-01   0.47328187E-02   0.14626968E-01
  23.531265       0.46645465E-01   0.56061409E-02   0.10780780E-01
  23.561945       0.45590203E-01   0.60252315E-02   0.63147364E-02
  23.592625       0.43807360E-01   0.59733054E-02   0.40095142E-02
  23.623304       0.41601907E-01   0.55103857E-02   0.82813818E-02
  23.653984       0.39271357E-01   0.47782891E-02   0.14285389E-01
  23.684663       0.36979578E-01   0.40023910E-02   0.20191662E-01
  23.715343       0.34673750E-01   0.34626717E-02   0.25421238E-01
  23.746023       0.32107187E-01   0.33374791E-02   0.29625348E-01
  23.776702       0.28964785E-01   0.35023653E-02   0.32604044E-01
  23.807382       0.25023343E-01   0.36644332E-02   0.34287208E-01
  23.838061       0.20291255E-01   0.36141266E-02   0.34704917E-01
  23.868741       0.15159173E-01   0.32895277E-02   0.33946608E-01
  23.899421       0.10779261E-01   0.27770887E-02   0.32123715E-01
  23.930100       0.96339587E-02   0.23511992E-02   0.29352247E-01
  23.960780       0.12531130E-01   0.24292024E-02   0.25765502E-01
  23.991460       0.16765818E-01   0.30765273E-02   0.21560035E-01
  24.022139       0.20538010E-01   0.39393496E-02   0.17085957E-01
  24.052819       0.23149288E-01   0.47233377E-02   0.13036711E-01
  24.083498       0.24372454E-01   0.52701312E-02   0.10745440E-01
  24.114178       0.24244758E-01   0.55102044E-02   0.11485447E-01
  24.144858       0.22971226E-01   0.54409078E-02   0.14424525E-01
  24.175537       0.20835838E-01   0.51180531E-02   0.17909336E-01
  24.206217       0.18107024E-01   0.46504702E-02   0.21005454E-01
  24.236896       0.14957785E-01   0.41891094E-02   0.23302520E-01
  24.267576       0.11439520E-01   0.38905391E-02   0.24661714E-01
  24.298256       0.75594525E-02   0.38361927E-02   0.25113737E-01
  24.328935       0.37398073E-02   0.39688991E-02   0.24808006E-01
  24.359615       0.41288543E-02   0.41426382E-02   0.23971911E-01
  24.390295       0.90281870E-02   0.42201078E-02   0.22868654E-01
  24.420974       0.14625461E-01   0.41190801E-02   0.21752528E-01
  24.451654       0.20127895E-01   0.38153491E-02   0.20824549E-01
  24.482333       0.25082096E-01   0.33326661E-02   0.20193605E-01
  24.513013       0.29135764E-01   0.27302765E-02   0.19850943E-01
  24.543693       0.32064494E-01   0.20889282E-02   0.19667433E-01
  24.574372       0.33806984E-01   0.14940457E-02   0.19419731E-01
  24.605052       0.34475038E-01   0.10150353E-02   0.18843525E-01
  24.635731       0.34326160E-01   0.69307949E-03   0.17706959E-01
  24.666411       0.33694868E-01   0.60156835E-03   0.15901024E-01
  24.697091       0.32894333E-01   0.86857335E-03   0.13560788E-01
  24.727770       0.32126195E-01   0.14353586E-02   0.11263700E-01
  24.758450       0.31453479E-01   0.21837402E-02   0.10221518E-01
  24.789130       0.30863959E-01   0.30122123E-02   0.11479110E-01
  24.819809       0.30386006E-01   0.38147428E-02   0.14396491E-01
  24.850489       0.30173546E-01   0.44844124E-02   0.17619494E-01
  24.881168       0.30483062E-01   0.49257174E-02   0.20199548E-01
  24.911848       0.31524288E-01   0.50668992E-02   0.21599738E-01
  24.942528       0.33279233E-01   0.48694837E-02   0.21583385E-01
  24.973207       0.35449084E-01   0.43340813E-02   0.20168859E-01
  25.003887       0.37572589E-01   0.35034491E-02   0.17614420E-01
  25.034566       0.39209571E-01   0.24702614E-02   0.14440449E-01
  25.065246       0.40089436E-01   0.14414510E-02   0.11549251E-01
  25.095926       0.40198301E-01   0.11386968E-02   0.10322623E-01
  25.126605       0.39804245E-01   0.19515422E-02   0.11612959E-01
  25.157285       0.39401965E-01   0.29429818E-02   0.14502731E-01
  25.187965       0.39542340E-01   0.37785047E-02   0.17702645E-01
  25.218644       0.40566922E-01   0.43594410E-02   0.20430846E-01
  25.249324       0.42403335E-01   0.46517501E-02   0.22232037E-01
  25.280003       0.44594318E-01   0.46624501E-02   0.22816737E-01
  25.310683       0.46517522E-01   0.44335351E-02   0.22017541E-01
  25.341363       0.47612268E-01   0.40369995E-02   0.19793921E-01
  25.372042       0.47515972E-01   0.35666733E-02   0.16245837E-01
  25.402722       0.46119673E-01   0.31220108E-02   0.11616513E-01
  25.433401       0.43576095E-01   0.27783037E-02   0.62847309E-02
  25.464081       0.40279103E-01   0.25526778E-02   0.11906320E-02
  25.494761       0.36812774E-01   0.24049203E-02   0.51014719E-02
  25.525440       0.33843121E-01   0.22923519E-02   0.99883941E-02
  25.556120       0.31915474E-01   0.22318079E-02   0.14033319E-01
  25.586800       0.31204459E-01   0.23070444E-02   0.17025686E-01
  25.617479       0.31424897E-01   0.25855684E-02   0.18918218E-01
  25.648159       0.32031897E-01   0.30227887E-02   0.19783668E-01
  25.678838       0.32519744E-01   0.34847165E-02   0.19765455E-01
  25.709518       0.32598613E-01   0.38238717E-02   0.19021279E-01
  25.740198       0.32231431E-01   0.39208546E-02   0.17679259E-01
  25.770877       0.31593531E-01   0.37008785E-02   0.15825078E-01
  25.801557       0.30987597E-01   0.31426952E-02   0.13525587E-01
  25.832236       0.30720576E-01   0.22850043E-02   0.10880036E-01
  25.862916       0.30967731E-01   0.12473462E-02   0.80963914E-02
  25.893596       0.31690161E-01   0.60838702E-03   0.56534396E-02
  25.924275       0.32660001E-01   0.14301614E-02   0.46121442E-02
  25.954955       0.33565073E-01   0.23653136E-02   0.56377418E-02
  25.985635       0.34116386E-01   0.30177403E-02   0.75456071E-02
  26.016314       0.34114251E-01   0.32718141E-02   0.93648444E-02
  26.046994       0.33474654E-01   0.30868858E-02   0.10753679E-01
  26.077673       0.32233833E-01   0.24903023E-02   0.11626286E-01
  26.108353       0.30545927E-01   0.15803017E-02   0.12007457E-01
  26.139033       0.28679985E-01   0.61077381E-03   0.11968915E-01
  26.169712       0.27008839E-01   0.94250699E-03   0.11590361E-01
  26.200392       0.25960136E-01   0.19039451E-02   0.10938845E-01
  26.231071       0.25891295E-01   0.26354927E-02   0.10066019E-01
  26.261751       0.26919616E-01   0.29919879E-02   0.90168945E-02
  26.292431       0.28850683E-01   0.29300146E-02   0.78394596E-02
  26.323110       0.31280284E-01   0.24938535E-02   0.65879786E-02
  26.353790       0.33756296E-01   0.18396695E-02   0.53228067E-02
  26.384470       0.35885209E-01   0.13323799E-02   0.41222828E-02
  26.415149       0.37376449E-01   0.14686133E-02   0.31354804E-02
  26.445829       0.38056086E-01   0.19646622E-02   0.26678714E-02
  26.476508       0.37868046E-01   0.22870116E-02   0.29639308E-02
  26.507188       0.36866492E-01   0.21937301E-02   0.37400764E-02
  26.537868       0.35197815E-01   0.15994649E-02   0.45548899E-02
  26.568547       0.33070836E-01   0.52447528E-03   0.51141378E-02
  26.599227       0.30716902E-01   0.95556308E-03   0.52305763E-02
  26.629906       0.28346916E-01   0.26404515E-02   0.47946547E-02
  26.660586       0.26119017E-01   0.43431275E-02   0.37752537E-02
  26.691266       0.24133397E-01   0.58459784E-02   0.22287223E-02
  26.721945       0.22461748E-01   0.69547788E-02   0.51928279E-03
  26.752625       0.21196182E-01   0.75260873E-02   0.21195229E-02
  26.783305       0.20478128E-01   0.74887198E-02   0.43789782E-02
  26.813984       0.20464010E-01   0.68548171E-02   0.64932360E-02
  26.844664       0.21229439E-01   0.57187288E-02   0.82583682E-02
  26.875343       0.22692272E-01   0.42438780E-02   0.95270058E-02
  26.906023       0.24634428E-01   0.26397983E-02   0.10211864E-01
  26.936703       0.26794653E-01   0.11352566E-02   0.10290593E-01
  26.967382       0.28951408E-01   0.20485361E-03   0.98051869E-02
  26.998062       0.30959204E-01   0.86582570E-03   0.88581857E-02
  27.028741       0.32743934E-01   0.10766294E-02   0.76102537E-02
  27.059421       0.34273106E-01   0.81687852E-03   0.62852510E-02
  27.090101       0.35517707E-01   0.77998149E-03   0.51807586E-02
  27.120780       0.36422998E-01   0.18149895E-02   0.46197839E-02
  27.151460       0.36902002E-01   0.32259769E-02   0.47127329E-02
  27.182140       0.36855463E-01   0.46578221E-02   0.52009942E-02
  27.212819       0.36210492E-01   0.58934721E-02   0.57352935E-02
  27.243499       0.34963192E-01   0.67742122E-02   0.61008185E-02
  27.274178       0.33209685E-01   0.72106440E-02   0.62181787E-02
  27.304858       0.31151812E-01   0.71965394E-02   0.61005747E-02
  27.335538       0.29065818E-01   0.68154187E-02   0.58238839E-02
  27.366217       0.27228955E-01   0.62354080E-02   0.55039662E-02
  27.396897       0.25823176E-01   0.56793207E-02   0.52689464E-02
  27.427576       0.24875691E-01   0.53420372E-02   0.52175464E-02
  27.458256       0.24301710E-01   0.52671875E-02   0.53759788E-02
  27.488936       0.24038470E-01   0.53140504E-02   0.56897760E-02
  27.519615       0.24170178E-01   0.52758593E-02   0.60576334E-02
  27.550295       0.24929700E-01   0.50026686E-02   0.63704560E-02
  27.580975       0.26532237E-01   0.44426177E-02   0.65335899E-02
  27.611654       0.28949246E-01   0.36347728E-02   0.64794816E-02
  27.642334       0.31828748E-01   0.26887501E-02   0.61817114E-02
  27.673013       0.34612955E-01   0.17681994E-02   0.56746793E-02
  27.703693       0.36721237E-01   0.11016647E-02   0.50772341E-02
  27.734373       0.37697170E-01   0.94726159E-03   0.46010446E-02
  27.765052       0.37309081E-01   0.11803679E-02   0.44719953E-02
  27.795732       0.35621649E-01   0.16009447E-02   0.47255757E-02
  27.826411       0.33047350E-01   0.23057475E-02   0.51325430E-02
  27.857091       0.30356130E-01   0.33554170E-02   0.53834487E-02
  27.887771       0.28539155E-01   0.46577991E-02   0.52420045E-02
  27.918450       0.28358694E-01   0.60423416E-02   0.45853735E-02
  27.949130       0.29785552E-01   0.73201836E-02   0.34135757E-02
  27.979810       0.32037686E-01   0.83187872E-02   0.19063319E-02
  28.010489       0.34190549E-01   0.89099536E-02   0.12258239E-02
  28.041169       0.35637251E-01   0.90351440E-02   0.27548880E-02
  28.071848       0.36223222E-01   0.87273265E-02   0.45210899E-02
  28.102528       0.36216903E-01   0.81269857E-02   0.59256745E-02
  28.133208       0.36176866E-01   0.74808640E-02   0.67368499E-02
  28.163887       0.36691566E-01   0.70824927E-02   0.68396407E-02
  28.194567       0.38048463E-01   0.71070426E-02   0.62293745E-02
  28.225246       0.40057248E-01   0.74571875E-02   0.50113092E-02
  28.255926       0.42180975E-01   0.78389825E-02   0.33926922E-02
  28.286606       0.43827252E-01   0.79579485E-02   0.17075559E-02
  28.317285       0.44578483E-01   0.76250901E-02   0.10070820E-02
  28.347965       0.44294580E-01   0.67769847E-02   0.19710970E-02
  28.378645       0.43115144E-01   0.54708821E-02   0.27733604E-02
  28.409324       0.41387909E-01   0.38931097E-02   0.30463626E-02
  28.440004       0.39536041E-01   0.24755602E-02   0.28392478E-02
  28.470683       0.37891100E-01   0.22208086E-02   0.24635674E-02
  28.501363       0.36562763E-01   0.32319647E-02   0.25140208E-02
  28.532043       0.35434426E-01   0.43647316E-02   0.32631877E-02
  28.562722       0.34299060E-01   0.51367560E-02   0.42964695E-02
  28.593402       0.33042759E-01   0.54080976E-02   0.52111618E-02
  28.624082       0.31762289E-01   0.51721765E-02   0.58161528E-02
  28.654761       0.30749365E-01   0.45079330E-02   0.60822563E-02
  28.685441       0.30322899E-01   0.35590293E-02   0.61022524E-02
  28.716120       0.30579492E-01   0.25256288E-02   0.60350395E-02
  28.746800       0.31253745E-01   0.16914151E-02   0.60188639E-02
  28.777480       0.31819141E-01   0.14226838E-02   0.61002187E-02
  28.808159       0.31722756E-01   0.16549048E-02   0.62594788E-02
  28.838839       0.30582165E-01   0.19133789E-02   0.65241168E-02
  28.869518       0.28294874E-01   0.19860594E-02   0.70473671E-02
  28.900198       0.25095051E-01   0.18730918E-02   0.80306224E-02
  28.930878       0.21598073E-01   0.16833750E-02   0.95276388E-02
  28.961557       0.18806035E-01   0.15829845E-02   0.11362403E-01
  28.992237       0.17790944E-01   0.16771790E-02   0.13223705E-01
  29.022917       0.18787337E-01   0.18985883E-02   0.14784838E-01
  29.053596       0.20867339E-01   0.21051879E-02   0.15778355E-01
  29.084276       0.22865071E-01   0.21978666E-02   0.16038635E-01
  29.114955       0.24021117E-01   0.21370042E-02   0.15525691E-01
  29.145635       0.24032346E-01   0.19284805E-02   0.14334280E-01
  29.176315       0.22978608E-01   0.16103737E-02   0.12690653E-01
  29.206994       0.21277027E-01   0.12446021E-02   0.10937684E-01
  29.237674       0.19635890E-01   0.91775909E-03   0.94908466E-02
  29.268353       0.18877019E-01   0.74391332E-03   0.87024793E-02
  29.299033       0.19487543E-01   0.77905896E-03   0.86296374E-02
  29.329713       0.21248624E-01   0.91997402E-03   0.89878875E-02
  29.360392       0.23489091E-01   0.10561395E-02   0.94165958E-02
  29.391072       0.25574931E-01   0.11458474E-02   0.96945234E-02
  29.421752       0.27125544E-01   0.11880231E-02   0.97688982E-02
  29.452431       0.28022454E-01   0.12025733E-02   0.97131443E-02
  29.483111       0.28355644E-01   0.12201893E-02   0.96740213E-02
  29.513790       0.28346974E-01   0.12715066E-02   0.98069115E-02
  29.544470       0.28250692E-01   0.13748932E-02   0.10199208E-01
  29.575150       0.28243109E-01   0.15319694E-02   0.10818905E-01
  29.605829       0.28343437E-01   0.17351914E-02   0.11528057E-01
  29.636509       0.28411930E-01   0.19777155E-02   0.12143287E-01
  29.667188       0.28226053E-01   0.22559773E-02   0.12496558E-01
  29.697868       0.27587782E-01   0.25649537E-02   0.12475347E-01
  29.728548       0.26415995E-01   0.28914323E-02   0.12044207E-01
  29.759227       0.24806196E-01   0.32105320E-02   0.11252333E-01
  29.789907       0.23052351E-01   0.34874970E-02   0.10227999E-01
  29.820587       0.21606066E-01   0.36834967E-02   0.91568061E-02
  29.851266       0.20917467E-01   0.37629157E-02   0.82361857E-02
  29.881946       0.21168983E-01   0.37000070E-02   0.76027224E-02
  29.912625       0.22128656E-01   0.34835860E-02   0.72657103E-02
  29.943305       0.23313486E-01   0.31190987E-02   0.71171105E-02
  29.973985       0.24278215E-01   0.26278973E-02   0.70209234E-02
  30.004664       0.24800483E-01   0.20439759E-02   0.68946010E-02
  30.035344       0.24945604E-01   0.14087855E-02   0.67314510E-02
  30.066023       0.25045726E-01   0.76514187E-03   0.65781860E-02
  30.096703       0.25571599E-01   0.15568251E-03   0.64923416E-02
  30.127383       0.26882088E-01   0.41633329E-03   0.64995090E-02
  30.158062       0.28987684E-01   0.90683611E-03   0.65716329E-02
  30.188742       0.31541805E-01   0.13294355E-02   0.66371238E-02
  30.219422       0.34042916E-01   0.16919307E-02   0.66105792E-02
  30.250101       0.36049490E-01   0.20054018E-02   0.64221039E-02
  30.280781       0.37306648E-01   0.22766577E-02   0.60367664E-02
  30.311460       0.37793958E-01   0.25042522E-02   0.54637451E-02
  30.342140       0.37715563E-01   0.26791186E-02   0.47558873E-02
  30.372820       0.37433924E-01   0.27887887E-02   0.39989469E-02
  30.403499       0.37345098E-01   0.28226893E-02   0.32895263E-02
  30.434179       0.37726321E-01   0.27762402E-02   0.27049488E-02
  30.464858       0.38637877E-01   0.26525707E-02   0.22829660E-02
  30.495538       0.39951725E-01   0.24617281E-02   0.20419256E-02
  30.526218       0.41479592E-01   0.22180527E-02   0.20231071E-02
  30.556897       0.43096987E-01   0.19369785E-02   0.22531294E-02
  30.587577       0.44784800E-01   0.16328447E-02   0.26521391E-02
  30.618257       0.46578519E-01   0.13192141E-02   0.30572910E-02
  30.648936       0.48468663E-01   0.10128608E-02   0.33041956E-02
  30.679616       0.50321842E-01   0.74310759E-03   0.32722742E-02
  30.710295       0.51877080E-01   0.56706456E-03   0.29063776E-02
  30.740975       0.52822292E-01   0.54847580E-03   0.22313366E-02
  30.771655       0.52912831E-01   0.65022169E-03   0.13840188E-02
  30.802334       0.52086154E-01   0.77871801E-03   0.87106490E-03
  30.833014       0.50538619E-01   0.88947027E-03   0.14324333E-02
  30.863693       0.48734217E-01   0.98295376E-03   0.22667663E-02
  30.894373       0.47304235E-01   0.10825594E-02   0.29470307E-02
  30.925053       0.46809388E-01   0.12107439E-02   0.34045563E-02
  30.955732       0.47445224E-01   0.13668821E-02   0.36937482E-02
  30.986412       0.48913589E-01   0.15235180E-02   0.39379225E-02
