# data from ifeffit
#------------------------
#   r         chir_mag     chir_re     chir_mag      chir_re      rw        resid
  0.0000000       0.90989953E-02   0.90989953E-02   0.38060564E-01   0.38060564E-01    0.0000000       -2.0000000
  0.30679616E-01   0.93894384E-02   0.93877154E-02   0.38365125E-01   0.38325077E-01    0.0000000       -2.0000000
  0.61359232E-01   0.99831111E-02   0.99828924E-02   0.39169861E-01   0.38978576E-01    0.0000000       -2.0000000
  0.92038847E-01   0.10439249E-01   0.10418746E-01   0.40215893E-01   0.39687275E-01    0.0000000       -2.0000000
  0.12271846       0.10715291E-01   0.10655573E-01   0.41252818E-01   0.40138534E-01    0.0000000       -2.0000000
  0.15339808       0.11270124E-01   0.11190305E-01   0.42197583E-01   0.40260840E-01    0.0000000       -2.0000000
  0.18407769       0.12559269E-01   0.12425505E-01   0.43216292E-01   0.40291860E-01    0.0000000       -2.0000000
  0.21475731       0.14365735E-01   0.13961031E-01   0.44667449E-01   0.40603706E-01    0.0000000       -2.0000000
  0.24543693       0.15912822E-01   0.14703745E-01   0.46888307E-01   0.41362726E-01    0.0000000       -2.0000000
  0.27611654       0.16488343E-01   0.13897128E-01   0.49936347E-01   0.42266223E-01    0.0000000       -2.0000000
  0.30679616       0.15943558E-01   0.12102562E-01   0.53503460E-01   0.42601531E-01    0.0000000       -2.0000000
  0.33747577       0.15072310E-01   0.10981968E-01   0.57094047E-01   0.41651969E-01    0.0000000       -2.0000000
  0.36815539       0.15561885E-01   0.11802244E-01   0.60330647E-01   0.39170594E-01    0.0000000       -2.0000000
  0.39883500       0.18369277E-01   0.13965304E-01   0.63193377E-01   0.35523637E-01    0.0000000       -2.0000000
  0.42951462       0.22343760E-01   0.15130305E-01   0.66063504E-01   0.31328886E-01    0.0000000       -2.0000000
  0.46019424       0.25623032E-01   0.13151161E-01   0.69512887E-01   0.26841886E-01    0.0000000       -2.0000000
  0.49087385       0.26913503E-01   0.82172785E-02   0.73919869E-01   0.21609481E-01    0.0000000       -2.0000000
  0.52155347       0.25949028E-01   0.30679761E-02   0.79186893E-01   0.14735414E-01    0.0000000       -2.0000000
  0.55223308       0.23949012E-01   0.70947448E-03   0.84815613E-01   0.55808424E-02    0.0000000       -2.0000000
  0.58291270       0.23795125E-01   0.14729365E-02   0.90283701E-01  -0.57027836E-02    0.0000000       -2.0000000
  0.61359232       0.27680943E-01   0.22334353E-02   0.95437746E-01  -0.18320753E-01    0.0000000       -2.0000000
  0.64427193       0.34004923E-01  -0.10550185E-02   0.10064768      -0.31583592E-01    0.0000000       -2.0000000
  0.67495155       0.39499902E-01  -0.94497579E-02   0.10660241      -0.45587931E-01    0.0000000       -2.0000000
  0.70563116       0.41761842E-01  -0.19383592E-01   0.11382593      -0.61140551E-01    0.0000000       -2.0000000
  0.73631078       0.40053891E-01  -0.25359977E-01   0.12224958      -0.78883479E-01    0.0000000       -2.0000000
  0.76699039       0.36292548E-01  -0.25148219E-01   0.13120737      -0.98353970E-01    0.0000000       -2.0000000
  0.79767001       0.36231600E-01  -0.22852768E-01   0.13987310      -0.11787991        0.0000000       -2.0000000
  0.82834963       0.45098277E-01  -0.26413877E-01   0.14781721      -0.13552108        0.0000000       -2.0000000
  0.85902924       0.59945163E-01  -0.40803240E-01   0.15532910      -0.15027372        0.0000000       -2.0000000
  0.88970886       0.74580526E-01  -0.62530568E-01   0.16328483      -0.16238886        0.0000000       -2.0000000
  0.92038847       0.84241726E-01  -0.80905572E-01   0.17255356      -0.17236787        0.0000000       -2.0000000
  0.95106809       0.86200851E-01  -0.86199400E-01   0.18327610      -0.17945677        0.0000000       -2.0000000
  0.98174770       0.80611610E-01  -0.78481511E-01   0.19456955      -0.18111922        0.0000000       -2.0000000
  1.0124273       0.72698927E-01  -0.69156191E-01   0.20492794      -0.17428535        0.0000000       -2.0000000
  1.0431069       0.74636735E-01  -0.72436213E-01   0.21305537      -0.15759226        0.0000000       -2.0000000
  1.0737866       0.95085981E-01  -0.92566824E-01   0.21865720      -0.13272650        0.0000000       -2.0000000
  1.1044662       0.12716955      -0.11739140       0.22281140      -0.10347598        0.0000000       -2.0000000
  1.1351458       0.15980321      -0.12501038       0.22765393      -0.72973720E-01    0.0000000       -2.0000000
  1.1658254       0.18470940      -0.99937180E-01   0.23531959      -0.41315542E-01    0.0000000       -2.0000000
  1.1965050       0.19671036      -0.46404175E-01   0.24664525      -0.56603886E-02    0.0000000       -2.0000000
  1.2271846       0.19435296       0.12879360E-01   0.26065027       0.37074066E-01    0.0000000       -2.0000000
  1.2578642       0.18173160       0.53462264E-01   0.27528949       0.87109289E-01    0.0000000       -2.0000000
  1.2885439       0.17125010       0.69328979E-01   0.28885954       0.14100655        0.0000000       -2.0000000
  1.3192235       0.18169883       0.79955959E-01   0.30111105       0.19395602        0.0000000       -2.0000000
  1.3499031       0.22134293       0.11647889       0.31350424       0.24311300        0.0000000       -2.0000000
  1.3805827       0.27919237       0.19553185       0.32843829       0.28876224        0.0000000       -2.0000000
  1.4112623       0.33932550       0.30052173       0.34775771       0.33184798        0.0000000       -2.0000000
  1.4419419       0.38934644       0.38643918       0.37147855       0.36976845        0.0000000       -2.0000000
  1.4726216       0.42117967       0.40726049       0.39771777       0.39430539        0.0000000       -2.0000000
  1.5033012       0.43115362       0.34705396       0.42384109       0.39411239        0.0000000       -2.0000000
  1.5339808       0.42066704       0.23135141       0.44797763       0.36028260        0.0000000       -2.0000000
  1.5646604       0.39744544       0.10886788       0.47010052       0.29055512        0.0000000       -2.0000000
  1.5953400       0.37690282       0.15883579E-01   0.49230028       0.18861849        0.0000000       -2.0000000
  1.6260196       0.38010961      -0.50347319E-01   0.51818031       0.59344216E-01    4.5000000       -3.0969154
  1.6566993       0.42230214      -0.12836914       0.55160535      -0.95098635E-01    4.5000000       -2.3327050
  1.6873789       0.50131149      -0.26052493       0.59544628      -0.27340854        4.5000000       -1.8711639
  1.7180585       0.60371726      -0.45507166       0.65109919      -0.46757700        4.5000000       -1.8749465
  1.7487381       0.71656000      -0.67022003       0.71902558      -0.65517036        4.5000000       -2.1504967
  1.7794177       0.83180081      -0.83165862       0.79984017      -0.79832001        4.5000000       -2.3333861
  1.8100973       0.94689292      -0.86998511       0.89530547      -0.85153605        4.5000000       -2.1844906
  1.8407769        1.0648606      -0.75016093        1.0088971      -0.77365321        4.5000000       -1.7650772
  1.8714566        1.1941317      -0.47333014        1.1458474      -0.53678808        4.5000000       -1.3654206
  1.9021362        1.3471797      -0.55977355E-01    1.3125827      -0.13007542        4.5000000       -1.2590193
  1.9328158        1.5372090       0.48756346        1.5154607       0.43607784        4.5000000       -1.4851438
  1.9634954        1.7735456        1.1343542        1.7589165        1.1171588        4.5000000       -1.8280461
  1.9941750        2.0578659        1.8140635        2.0434676        1.8138071        4.5000000       -1.9974355
  2.0248546        2.3829544        2.3734209        2.3641891        2.3591308        4.5000000       -1.8570989
  2.0555343        2.7338257        2.5866382        2.7100991        2.5386486        4.5000000       -1.5201041
  2.0862139        3.0900252        2.2325969        3.0645769        2.1570532        4.5000000       -1.2445628
  2.1168935        3.4282126        1.2145045        3.4066969        1.1369041        4.5000000       -1.2239957
  2.1475731        3.7246779      -0.34118892        3.7132517      -0.39693989        4.5000000       -1.4424904
  2.1782527        3.9576825       -2.0734620        3.9611851       -2.1031806        4.5000000       -1.7028134
  2.2089323        4.1095278       -3.4901514        4.1301327       -3.5108176        4.5000000       -1.7933375
  2.2396120        4.1682143       -4.1507671        4.2047511       -4.1853603        4.5000000       -1.6540679
  2.2702916        4.1285455       -3.8450557        4.1765406       -3.9037615        4.5000000       -1.4129423
  2.3009712        3.9925680       -2.6800094        4.0449202       -2.7526520        4.5000000       -1.2735736
  2.3316508        3.7692993       -1.0327519        3.8174108       -1.0976082        4.5000000       -1.3514375
  2.3623304        3.4737771       0.60548868        3.5088927       0.56421335        4.5000000       -1.5872466
  2.3930100        3.1255352        1.8169229        3.1400306        1.7966401        4.5000000       -1.7971723
  2.4236896        2.7466717        2.3902820        2.7350578        2.3714999        4.5000000       -1.8121789
  2.4543693        2.3597106        2.3497449        2.3191961        2.3095756        4.5000000       -1.5983072
  2.4850489        1.9854616        1.8868190        1.9160154        1.8144155        4.5000000       -1.2759646
  2.5157285        1.6410706        1.2464263        1.5450375        1.1502461        4.5000000       -1.0381979
  2.5464081        1.3384413       0.62832008        1.2198599       0.53201216        4.5000000       -1.0369208
  2.5770877        1.0832487       0.14163470       0.94706960       0.73017710E-01    4.5000000       -1.3138301
  2.6077673       0.87487765      -0.18650573       0.72625794      -0.20597739        0.0000000       -2.0000000
  2.6384470       0.70765493      -0.37436205       0.55144283      -0.33493296        0.0000000       -2.0000000
  2.6691266       0.57336441      -0.45149314       0.41384558      -0.35533242        0.0000000       -2.0000000
  2.6998062       0.46420496      -0.44354500       0.30514791      -0.30269018        0.0000000       -2.0000000
  2.7304858       0.37487006      -0.37347430       0.21979017      -0.20762491        0.0000000       -2.0000000
  2.7611654       0.30299719      -0.26669883       0.15538512      -0.10076339        0.0000000       -2.0000000
  2.7918450       0.24826435      -0.15027346       0.11123045      -0.10580138E-01    0.0000000       -2.0000000
  2.8225246       0.21095380      -0.45689082E-01   0.85186305E-01   0.45073763E-01    0.0000000       -2.0000000
  2.8532043       0.19081015       0.37916613E-01   0.71233264E-01   0.65157981E-01    0.0000000       -2.0000000
  2.8838839       0.18671347       0.10368500       0.62633262E-01   0.62579416E-01    0.0000000       -2.0000000
  2.9145635       0.19691493       0.15974119       0.56918193E-01   0.53684581E-01    0.0000000       -2.0000000
  2.9452431       0.21914383       0.21015871       0.55224883E-01   0.47943613E-01    0.0000000       -2.0000000
  2.9759227       0.25067400       0.25046563       0.57681041E-01   0.44948286E-01    0.0000000       -2.0000000
  3.0066023       0.28878847       0.26977115       0.61355031E-01   0.39360317E-01    0.0000000       -2.0000000
  3.0372820       0.33144307       0.25648644       0.62817168E-01   0.28234675E-01    0.0000000       -2.0000000
  3.0679616       0.37766430       0.20287283       0.60471346E-01   0.14276402E-01    0.0000000       -2.0000000
  3.0986412       0.42743045       0.10617775       0.55103193E-01   0.30729892E-02    0.0000000       -2.0000000
  3.1293208       0.48105629      -0.31924577E-01   0.49617218E-01  -0.22454749E-02    0.0000000       -2.0000000
  3.1600004       0.53835252      -0.20430078       0.47623164E-01  -0.37477720E-02    0.0000000       -2.0000000
  3.1906800       0.59797022      -0.39469822       0.50183018E-01  -0.65927645E-02    0.0000000       -2.0000000
  3.2213597       0.65723281      -0.57439230       0.54607306E-01  -0.14314088E-01    0.0000000       -2.0000000
  3.2520393       0.71247722      -0.70401939       0.57515372E-01  -0.25802029E-01    0.0000000       -2.0000000
  3.2827189       0.75970161      -0.74320701       0.57096739E-01  -0.36432573E-01    0.0000000       -2.0000000
  3.3133985       0.79526918      -0.66540538       0.53373923E-01  -0.42032839E-01    0.0000000       -2.0000000
  3.3440781       0.81648487      -0.47094757       0.47871849E-01  -0.42104317E-01    0.0000000       -2.0000000
  3.3747577       0.82194954      -0.19116763       0.43008334E-01  -0.39714418E-01    0.0000000       -2.0000000
  3.4054373       0.81166368       0.11924294       0.40779239E-01  -0.38529996E-01    0.0000000       -2.0000000
  3.4361170       0.78690082       0.39838274       0.41106222E-01  -0.39795689E-01    0.0000000       -2.0000000
  3.4667966       0.74990919       0.59459800       0.42069008E-01  -0.41772506E-01    0.0000000       -2.0000000
  3.4974762       0.70353146       0.67840610       0.41842392E-01  -0.41780913E-01    0.0000000       -2.0000000
  3.5281558       0.65085385       0.64583173       0.39828286E-01  -0.38773093E-01    0.0000000       -2.0000000
  3.5588354       0.59499830       0.51448962       0.36713857E-01  -0.34152792E-01    0.0000000       -2.0000000
  3.5895150       0.53915077       0.31613737       0.34025866E-01  -0.30321172E-01    0.0000000       -2.0000000
  3.6201947       0.48687015       0.89142553E-01   0.33139664E-01  -0.28444028E-01    0.0000000       -2.0000000
  3.6508743       0.44262273      -0.12744003       0.34068962E-01  -0.27464783E-01    0.0000000       -2.0000000
  3.6815539       0.41223801      -0.29804324       0.35497533E-01  -0.25131730E-01    0.0000000       -2.0000000
  3.7122335       0.40249633      -0.39350311       0.36002923E-01  -0.20015316E-01    0.0000000       -2.0000000
  3.7429131       0.41902728      -0.39328933       0.34874462E-01  -0.12735585E-01    0.0000000       -2.0000000
  3.7735927       0.46365616      -0.28778637       0.32237337E-01  -0.54363037E-02    0.0000000       -2.0000000
  3.8042724       0.53407352      -0.81495892E-01   0.28884579E-01  -0.86283642E-04    0.0000000       -2.0000000
  3.8349520       0.62578280       0.20263919       0.25938537E-01   0.29054638E-02    0.0000000       -2.0000000
  3.8656316       0.73369015       0.51948104       0.24251745E-01   0.46904803E-02    0.0000000       -2.0000000
  3.8963112       0.85244975       0.80239789       0.23779933E-01   0.67743012E-02    0.0000000       -2.0000000
  3.9269908       0.97628292       0.97275447       0.23695504E-01   0.97331647E-02    0.0000000       -2.0000000
  3.9576704        1.0988927       0.95961682       0.23161285E-01   0.12897476E-01    0.0000000       -2.0000000
  3.9883500        1.2136573       0.72535184       0.21848110E-01   0.15119497E-01    0.0000000       -2.0000000
  4.0190297        1.3140592       0.28724708       0.19996192E-01   0.15843670E-01    0.0000000       -2.0000000
  4.0497093        1.3942382      -0.27619092       0.18243475E-01   0.15556395E-01    0.0000000       -2.0000000
  4.0803889        1.4495482      -0.84088222       0.17262888E-01   0.15320518E-01    0.0000000       -2.0000000
  4.1110685        1.4770242       -1.2720006       0.17261035E-01   0.15880872E-01    0.0000000       -2.0000000
  4.1417481        1.4756887       -1.4658216       0.17816210E-01   0.17107352E-01    0.0000000       -2.0000000
  4.1724277        1.4466662       -1.3821813       0.18293152E-01   0.18169552E-01    0.0000000       -2.0000000
  4.2031074        1.3931027       -1.0545986       0.18267262E-01   0.18209238E-01    0.0000000       -2.0000000
  4.2337870        1.3199131      -0.57471384       0.17636277E-01   0.16932690E-01    0.0000000       -2.0000000
  4.2644666        1.2333916      -0.58643541E-01   0.16552495E-01   0.14706580E-01    0.0000000       -2.0000000
  4.2951462        1.1407222       0.39013267       0.15298755E-01   0.12190879E-01    0.0000000       -2.0000000
  4.3258258        1.0494080       0.70667845       0.14148213E-01   0.98757192E-02    0.0000000       -2.0000000
  4.3565054       0.96662323       0.87103244       0.13243423E-01   0.78728245E-02    0.0000000       -2.0000000
  4.3871851       0.89849359       0.89637696       0.12557753E-01   0.60354321E-02    0.0000000       -2.0000000
  4.4178647       0.84938733       0.80825736       0.11967698E-01   0.42170148E-02    0.0000000       -2.0000000
  4.4485443       0.82142815       0.62733614       0.11367883E-01   0.24286057E-02    0.0000000       -2.0000000
  4.4792239       0.81448440       0.36510475       0.10738550E-01   0.80202484E-03    0.0000000       -2.0000000
  4.5099035       0.82665112       0.34107407E-01   0.10141137E-01  -0.55476684E-03    0.0000000       -2.0000000
  4.5405831       0.85488577      -0.33473881       0.96658146E-02  -0.16612009E-02    0.0000000       -2.0000000
  4.5712627       0.89541320      -0.68059973       0.93669094E-02  -0.26476725E-02    0.0000000       -2.0000000
  4.6019424       0.94383553      -0.91834853       0.92259773E-02  -0.36521824E-02    0.0000000       -2.0000000
  4.6326220       0.99516931      -0.96416531       0.91656934E-02  -0.47207104E-02    0.0000000       -2.0000000
  4.6633016        1.0440375      -0.77209820       0.90962905E-02  -0.57801568E-02    0.0000000       -2.0000000
  4.6939812        1.0850792      -0.36396753       0.89578355E-02  -0.66916746E-02    0.0000000       -2.0000000
  4.7246608        1.1134956       0.16479698       0.87416311E-02  -0.73430403E-02    0.0000000       -2.0000000
  4.7553404        1.1255972       0.67063852       0.84932905E-02  -0.77230934E-02    0.0000000       -2.0000000
  4.7860201        1.1192347        1.0105057       0.82995982E-02  -0.79340764E-02    0.0000000       -2.0000000
  4.8166997        1.0940314        1.0930903       0.82546524E-02  -0.81286788E-02    0.0000000       -2.0000000
  4.8473793        1.0513864       0.90994515       0.84090001E-02  -0.83997775E-02    0.0000000       -2.0000000
  4.8780589       0.99425366       0.53331331       0.87317366E-02  -0.86866028E-02    0.0000000       -2.0000000
  4.9087385       0.92673812       0.83588979E-01   0.91187522E-02  -0.87652973E-02    0.0000000       -2.0000000
  4.9394181       0.85357708      -0.31690880       0.94383245E-02  -0.83484580E-02    0.0000000       -2.0000000
  4.9700978       0.77958584      -0.58290358       0.95777524E-02  -0.72461787E-02    0.0000000       -2.0000000
  5.0007774       0.70914763      -0.68346409       0.94706145E-02  -0.54912834E-02    0.0000000       -2.0000000
  5.0314570       0.64581110      -0.63574530       0.91044184E-02  -0.33477024E-02    0.0000000       -2.0000000
  5.0621366       0.59202969      -0.48425001       0.85139194E-02  -0.11975850E-02    0.0000000       -2.0000000
  5.0928162       0.54904613      -0.27871390       0.77650472E-02   0.61758960E-03    0.0000000       -2.0000000
  5.1234958       0.51690446      -0.60233952E-01   0.69351442E-02   0.19063781E-02    0.0000000       -2.0000000
  5.1541754       0.49457075       0.14201261       0.60974918E-02   0.26430701E-02    0.0000000       -2.0000000
  5.1848551       0.48014812       0.30728313       0.53187464E-02   0.29193669E-02    0.0000000       -2.0000000
  5.2155347       0.47116166       0.41896346       0.46714609E-02   0.28927300E-02    0.0000000       -2.0000000
  5.2462143       0.46486678       0.46359891       0.42448331E-02   0.27599697E-02    0.0000000       -2.0000000
  5.2768939       0.45852898       0.43392089       0.41137649E-02   0.27314807E-02    0.0000000       -2.0000000
  5.3075735       0.44964522       0.33363628       0.42610716E-02   0.29689393E-02    0.0000000       -2.0000000
  5.3382531       0.43610865       0.18063340       0.45523435E-02   0.34954011E-02    0.0000000       -2.0000000
  5.3689328       0.41633534       0.58936253E-02   0.48091171E-02   0.41451148E-02    0.0000000       -2.0000000
  5.3996124       0.38936793      -0.15280403       0.48856208E-02   0.46233064E-02    0.0000000       -2.0000000
  5.4302920       0.35495632      -0.26101286       0.47034928E-02   0.46730917E-02    0.0000000       -2.0000000
  5.4609716       0.31360196      -0.29819120       0.42664320E-02   0.42515439E-02    0.0000000       -2.0000000
  5.4916512       0.26654933      -0.26447578       0.36751840E-02   0.35853644E-02    0.0000000       -2.0000000
  5.5223308       0.21572311      -0.18044705       0.31478834E-02   0.30484381E-02    0.0000000       -2.0000000
  5.5530105       0.16365436      -0.79485941E-01   0.29803466E-02   0.29315782E-02    0.0000000       -2.0000000
  5.5836901       0.11358299       0.43339573E-02   0.32895540E-02   0.32591265E-02    0.0000000       -2.0000000
  5.6143697       0.70577094E-01   0.47810178E-01   0.38607444E-02   0.37780071E-02    0.0000000       -2.0000000
  5.6450493       0.46774382E-01   0.45057032E-01   0.44223558E-02   0.41221563E-02    0.0000000       -2.0000000
  5.6757289       0.55362358E-01   0.69066193E-02   0.48183218E-02   0.40330937E-02    0.0000000       -2.0000000
  5.7064085       0.76962233E-01  -0.45426477E-01   0.50012585E-02   0.34874537E-02    0.0000000       -2.0000000
  5.7370881       0.95880324E-01  -0.89089630E-01   0.50015947E-02   0.26611427E-02    0.0000000       -2.0000000
  5.7677678       0.10803258      -0.10735953       0.48987130E-02   0.17801260E-02    0.0000000       -2.0000000
  5.7984474       0.11245323      -0.94323015E-01   0.47859771E-02   0.97720968E-03    0.0000000       -2.0000000
  5.8291270       0.10921313      -0.55775259E-01   0.47299828E-02   0.24861273E-03    0.0000000       -2.0000000
  5.8598066       0.99020275E-01  -0.65140933E-02   0.47426216E-02  -0.48359169E-03    0.0000000       -2.0000000
  5.8904862       0.83256262E-01   0.35219646E-01   0.47876001E-02  -0.12726082E-02    0.0000000       -2.0000000
  5.9211658       0.64330097E-01   0.54613278E-01   0.48139768E-02  -0.20913502E-02    0.0000000       -2.0000000
  5.9518455       0.46837034E-01   0.45999306E-01   0.47872510E-02  -0.28502584E-02    0.0000000       -2.0000000
  5.9825251       0.39662558E-01   0.14785638E-01   0.47013515E-02  -0.34582784E-02    0.0000000       -2.0000000
  6.0132047       0.48271272E-01  -0.25615770E-01   0.45737496E-02  -0.38728603E-02    0.0000000       -2.0000000
  6.0438843       0.64328255E-01  -0.60406156E-01   0.44318754E-02  -0.41066051E-02    0.0000000       -2.0000000
  6.0745639       0.80608929E-01  -0.79856492E-01   0.42986483E-02  -0.41981276E-02    0.0000000       -2.0000000
  6.1052435       0.94931265E-01  -0.81907570E-01   0.41837287E-02  -0.41782948E-02    0.0000000       -2.0000000
  6.1359232       0.10759927      -0.69854213E-01   0.40838681E-02  -0.40569645E-02    0.0000000       -2.0000000
  6.1666028       0.11989607      -0.47566712E-01   0.39901605E-02  -0.38325447E-02    0.0000000       -2.0000000
  6.1972824       0.13282620      -0.16386314E-01   0.38962846E-02  -0.35090161E-02    0.0000000       -2.0000000
  6.2279620       0.14615176       0.23792726E-01   0.38029573E-02  -0.31040662E-02    0.0000000       -2.0000000
  6.2586416       0.15823989       0.70526410E-01   0.37173945E-02  -0.26432408E-02    0.0000000       -2.0000000
  6.2893212       0.16671948       0.11605435       0.36491592E-02  -0.21467382E-02    0.0000000       -2.0000000
  6.3200008       0.16947126       0.14930226       0.36047463E-02  -0.16196972E-02    0.0000000       -2.0000000
  6.3506805       0.16561546       0.16227771       0.35833822E-02  -0.10533477E-02    0.0000000       -2.0000000
  6.3813601       0.15648683       0.15627889       0.35759785E-02  -0.43723267E-03    0.0000000       -2.0000000
  6.4120397       0.14662588       0.14243347       0.35677417E-02   0.22415293E-03    0.0000000       -2.0000000
  6.4427193       0.14386328       0.13469951       0.35432324E-02   0.90063020E-03    0.0000000       -2.0000000
  6.4733989       0.15553667       0.13921651       0.34917588E-02   0.15398819E-02    0.0000000       -2.0000000
  6.5040785       0.18203160       0.14744285       0.34111134E-02   0.20854977E-02    0.0000000       -2.0000000
  6.5347582       0.21714230       0.13884628       0.33082105E-02   0.24993110E-02    0.0000000       -2.0000000
  6.5654378       0.25351994       0.92787190E-01   0.31958784E-02   0.27729423E-02    0.0000000       -2.0000000
  6.5961174       0.28536734       0.27975290E-02   0.30863529E-02   0.29199821E-02    0.0000000       -2.0000000
  6.6267970       0.30874362      -0.11573207       0.29841828E-02   0.29551814E-02    0.0000000       -2.0000000
  6.6574766       0.32136620      -0.22974496       0.28829112E-02   0.28786451E-02    0.0000000       -2.0000000
  6.6881562       0.32239049      -0.30273025       0.27684052E-02   0.26800786E-02    0.0000000       -2.0000000
  6.7188359       0.31216970      -0.31121311       0.26272865E-02   0.23609342E-02    0.0000000       -2.0000000
  6.7495155       0.29196781      -0.25481710       0.24557390E-02   0.19547434E-02    0.0000000       -2.0000000
  6.7801951       0.26363440      -0.15532447       0.22642989E-02   0.15244101E-02    0.0000000       -2.0000000
  6.8108747       0.22927698      -0.46334376E-01   0.20759029E-02   0.11334446E-02    0.0000000       -2.0000000
  6.8415543       0.19098075       0.40555373E-01   0.19158369E-02   0.81171269E-03    0.0000000       -2.0000000
  6.8722339       0.15063832       0.86697146E-01   0.17960694E-02   0.54415909E-03    0.0000000       -2.0000000
  6.9029135       0.11000557       0.90865958E-01   0.17046759E-02   0.29410312E-03    0.0000000       -2.0000000
  6.9335932       0.71459984E-01   0.67121927E-01   0.16120979E-02   0.43701897E-04    0.0000000       -2.0000000
  6.9642728       0.42614560E-01   0.38093045E-01   0.14905467E-02  -0.18227252E-03    0.0000000       -2.0000000
  6.9949524       0.46901508E-01   0.26182436E-01   0.13327140E-02  -0.33153561E-03    0.0000000       -2.0000000
  7.0256320       0.78672695E-01   0.44951945E-01   0.11637175E-02  -0.36878378E-03    0.0000000       -2.0000000
  7.0563116       0.11708560       0.92917117E-01   0.10438770E-02  -0.31434746E-03    0.0000000       -2.0000000
  7.0869912       0.15699330       0.15212347       0.10397085E-02  -0.24409420E-03    0.0000000       -2.0000000
  7.1176709       0.19693863       0.19319882       0.11544130E-02  -0.24723179E-03    0.0000000       -2.0000000
  7.1483505       0.23602525       0.18639425       0.13223547E-02  -0.37189108E-03    0.0000000       -2.0000000
  7.1790301       0.27335334       0.11502778       0.14773302E-02  -0.59845653E-03    0.0000000       -2.0000000
  7.2097097       0.30791500      -0.14467258E-01   0.15863358E-02  -0.85963050E-03    0.0000000       -2.0000000
  7.2403893       0.33862593      -0.17121249       0.16506121E-02  -0.10911936E-02    0.0000000       -2.0000000
  7.2710689       0.36441691      -0.30907146       0.16991174E-02  -0.12757851E-02    0.0000000       -2.0000000
  7.3017486       0.38435068      -0.38316453       0.17750098E-02  -0.14493327E-02    0.0000000       -2.0000000
  7.3324282       0.39773804      -0.36677294       0.19126876E-02  -0.16683601E-02    0.0000000       -2.0000000
  7.3631078       0.40423166      -0.26131834       0.21178609E-02  -0.19633560E-02    0.0000000       -2.0000000
  7.3937874       0.40388198      -0.95351900E-01   0.23686909E-02  -0.23096515E-02    0.0000000       -2.0000000
  7.4244670       0.39714688       0.86422509E-01   0.26327670E-02  -0.26314968E-02    0.0000000       -2.0000000
  7.4551466       0.38485442       0.23882601       0.28816119E-02  -0.28320285E-02    0.0000000       -2.0000000
  7.4858262       0.36812490       0.32994941       0.30962112E-02  -0.28286793E-02    0.0000000       -2.0000000
  7.5165059       0.34826313       0.34814363       0.32664946E-02  -0.25766250E-02    0.0000000       -2.0000000
  7.5471855       0.32663479       0.30107423       0.33884003E-02  -0.20753779E-02    0.0000000       -2.0000000
  7.5778651       0.30454126       0.20908180       0.34607714E-02  -0.13640417E-02    0.0000000       -2.0000000
  7.6085447       0.28310691       0.96753778E-01   0.34832776E-02  -0.51264570E-03    0.0000000       -2.0000000
  7.6392243       0.26319166      -0.13833746E-01   0.34557246E-02   0.38743670E-03    0.0000000       -2.0000000
  7.6699039       0.24533913      -0.10655038       0.33784342E-02   0.12352472E-02    0.0000000       -2.0000000
  7.7005836       0.22976766      -0.17162311       0.32530316E-02   0.19354497E-02    0.0000000       -2.0000000
  7.7312632       0.21640353      -0.20448260       0.30830298E-02   0.24149705E-02    0.0000000       -2.0000000
  7.7619428       0.20494730      -0.20455673       0.28739109E-02   0.26362729E-02    0.0000000       -2.0000000
  7.7926224       0.19495676      -0.17477826       0.26327124E-02   0.26027489E-02    0.0000000       -2.0000000
  7.8233020       0.18593029      -0.12162035       0.23672969E-02   0.23546809E-02    0.0000000       -2.0000000
  7.8539816       0.17738231      -0.54867050E-01   0.20854960E-02   0.19577188E-02    0.0000000       -2.0000000
  7.8846612       0.16891159       0.13641447E-01   0.17942781E-02   0.14880732E-02    0.0000000       -2.0000000
  7.9153409       0.16026864       0.72427476E-01   0.14991073E-02   0.10190258E-02    0.0000000       -2.0000000
  7.9460205       0.15142597       0.11324470       0.12038039E-02   0.61203774E-03    0.0000000       -2.0000000
  7.9767001       0.14264466       0.13312087       0.91159321E-03   0.31308260E-03    0.0000000       -2.0000000
  8.0073797       0.13451216       0.13444691       0.62950466E-03   0.15186786E-03    0.0000000       -2.0000000
  8.0380593       0.12789880       0.12289010       0.38803936E-03   0.14012641E-03    0.0000000       -2.0000000
  8.0687389       0.12376352       0.10412000       0.31891010E-03   0.26673213E-03    0.0000000       -2.0000000
  8.0994186       0.12279464       0.81104742E-01   0.50416898E-03   0.49161208E-03    0.0000000       -2.0000000
  8.1300982       0.12504490       0.53485194E-01   0.77500356E-03   0.74438203E-03    0.0000000       -2.0000000
  8.1607778       0.12984030       0.19312899E-01   0.10554910E-02   0.93377111E-03    0.0000000       -2.0000000
  8.1914574       0.13605043      -0.22020025E-01   0.13210102E-02   0.96909838E-03    0.0000000       -2.0000000
  8.2221370       0.14250077      -0.67552566E-01   0.15573638E-02   0.78803348E-03    0.0000000       -2.0000000
  8.2528166       0.14828067      -0.11060016       0.17540348E-02   0.38029245E-03    0.0000000       -2.0000000
  8.2834963       0.15287031      -0.14265847       0.19029662E-02  -0.20228196E-03    0.0000000       -2.0000000
  8.3141759       0.15611950      -0.15611755       0.19981657E-02  -0.85362605E-03    0.0000000       -2.0000000
  8.3448555       0.15813142      -0.14634488       0.20354329E-02  -0.14377121E-02    0.0000000       -2.0000000
  8.3755351       0.15910558      -0.11257384       0.20122532E-02  -0.18233875E-02    0.0000000       -2.0000000
  8.4062147       0.15920111      -0.58114199E-01   0.19280078E-02  -0.19216683E-02    0.0000000       -2.0000000
  8.4368943       0.15847878       0.93543596E-02   0.17845196E-02  -0.17154050E-02    0.0000000       -2.0000000
  8.4675739       0.15694955       0.77507752E-01   0.15867675E-02  -0.12701197E-02    0.0000000       -2.0000000
  8.4982536       0.15470403       0.13035862       0.13434665E-02  -0.71763250E-03    0.0000000       -2.0000000
  8.5289332       0.15205042       0.15183785       0.10671831E-02  -0.21340991E-03    0.0000000       -2.0000000
  8.5596128       0.14956819       0.13181019       0.77374000E-03   0.11800254E-03    0.0000000       -2.0000000
  8.5902924       0.14800183       0.72061641E-01   0.48084378E-03   0.22558857E-03    0.0000000       -2.0000000
  8.6209720       0.14798669      -0.11463195E-01   0.20633714E-03   0.14150222E-03    0.0000000       -2.0000000
  8.6516516       0.14972263      -0.92706672E-01   0.48437648E-04  -0.46716268E-04    0.0000000       -2.0000000
  8.6823313       0.15280532      -0.14500172       0.24516803E-03  -0.24461131E-03    0.0000000       -2.0000000
  8.7130109       0.15634737      -0.15172866       0.40926713E-03  -0.39152672E-03    0.0000000       -2.0000000
  8.7436905       0.15931302      -0.11267620       0.54435551E-03  -0.47169777E-03    0.0000000       -2.0000000
  8.7743701       0.16087327      -0.42877406E-01   0.66693599E-03  -0.49471202E-03    0.0000000       -2.0000000
  8.8050497       0.16063938       0.35025257E-01   0.79356335E-03  -0.46486430E-03    0.0000000       -2.0000000
  8.8357293       0.15872714       0.10029659       0.93225659E-03  -0.36461968E-03    0.0000000       -2.0000000
  8.8664090       0.15565651       0.14044824       0.10789545E-02  -0.16476006E-03    0.0000000       -2.0000000
  8.8970886       0.15211584       0.15207433       0.12207087E-02   0.14715354E-03    0.0000000       -2.0000000
  8.9277682       0.14865734       0.13766904       0.13416437E-02   0.54201891E-03    0.0000000       -2.0000000
  8.9584478       0.14544182       0.10204820       0.14278862E-02   0.94719957E-03    0.0000000       -2.0000000
  8.9891274       0.14215918       0.51126293E-01   0.14703611E-02   0.12702434E-02    0.0000000       -2.0000000
  9.0198070       0.13816505      -0.70512683E-02   0.14656999E-02   0.14344582E-02    0.0000000       -2.0000000
  9.0504866       0.13274665      -0.61481088E-01   0.14157409E-02   0.14065457E-02    0.0000000       -2.0000000
  9.0811663       0.12537960      -0.99980783E-01   0.13261024E-02   0.12037746E-02    0.0000000       -2.0000000
  9.1118459       0.11588534      -0.11361278       0.12043397E-02   0.88156535E-03    0.0000000       -2.0000000
  9.1425255       0.10447501      -0.10113197       0.10582334E-02   0.51198956E-03    0.0000000       -2.0000000
  9.1732051       0.91713724E-01  -0.70131000E-01   0.89468362E-03   0.16445831E-03    0.0000000       -2.0000000
  9.2038847       0.78457815E-01  -0.33503418E-01   0.71951574E-03  -0.10599602E-03    0.0000000       -2.0000000
  9.2345643       0.65820306E-01  -0.30419271E-02   0.53837340E-03  -0.26383044E-03    0.0000000       -2.0000000
  9.2652440       0.55192741E-01   0.15955323E-01   0.35967441E-03  -0.29487975E-03    0.0000000       -2.0000000
  9.2959236       0.48198853E-01   0.25820679E-01   0.20833738E-03  -0.20678650E-03    0.0000000       -2.0000000
  9.3266032       0.46126239E-01   0.32988893E-01   0.18242449E-03  -0.27205352E-04    0.0000000       -2.0000000
  9.3572828       0.48832666E-01   0.42413666E-01   0.30670605E-03   0.20160322E-03    0.0000000       -2.0000000
  9.3879624       0.54725651E-01   0.53653390E-01   0.46396484E-03   0.43155494E-03    0.0000000       -2.0000000
  9.4186420       0.61998043E-01   0.60960894E-01   0.61864200E-03   0.61854654E-03    0.0000000       -2.0000000
  9.4493217       0.69332186E-01   0.56978663E-01   0.76249628E-03   0.73014147E-03    0.0000000       -2.0000000
  9.4800013       0.75883912E-01   0.37498782E-01   0.89332326E-03   0.74900741E-03    0.0000000       -2.0000000
  9.5106809       0.81123546E-01   0.44658666E-02   0.10113119E-02   0.67195967E-03    0.0000000       -2.0000000
  9.5413605       0.84728917E-01  -0.34183838E-01   0.11178003E-02   0.50623578E-03    0.0000000       -2.0000000
  9.5720401       0.86524714E-01  -0.67374457E-01   0.12144074E-02   0.26540725E-03    0.0000000       -2.0000000
  9.6027197       0.86446362E-01  -0.84844636E-01   0.13023069E-02  -0.33093880E-04    0.0000000       -2.0000000
  9.6333993       0.84525931E-01  -0.80633777E-01   0.13817559E-02  -0.36825170E-03    0.0000000       -2.0000000
  9.6640790       0.80911683E-01  -0.55175678E-01   0.14520296E-02  -0.71463190E-03    0.0000000       -2.0000000
  9.6947586       0.75936342E-01  -0.15627569E-01   0.15117759E-02  -0.10424472E-02    0.0000000       -2.0000000
  9.7254382       0.70241282E-01   0.25723346E-01   0.15596093E-02  -0.13199617E-02    0.0000000       -2.0000000
  9.7561178       0.64928779E-01   0.54930918E-01   0.15946271E-02  -0.15178767E-02    0.0000000       -2.0000000
  9.7867974       0.61593599E-01   0.61102878E-01   0.16165482E-02  -0.16137178E-02    0.0000000       -2.0000000
  9.8174770       0.61881948E-01   0.40840290E-01   0.16253591E-02  -0.15943090E-02    0.0000000       -2.0000000
  9.8481567       0.66494504E-01   0.38559600E-03   0.16206339E-02  -0.14562765E-02    0.0000000       -2.0000000
  9.8788363       0.74644346E-01  -0.45976809E-01   0.16009373E-02  -0.12064683E-02    0.0000000       -2.0000000
  9.9095159       0.84685843E-01  -0.81073070E-01   0.15637529E-02  -0.86401477E-03    0.0000000       -2.0000000
  9.9401955       0.94977078E-01  -0.91461696E-01   0.15061463E-02  -0.46305955E-03    0.0000000       -2.0000000
  9.9708751       0.10426475      -0.72519526E-01   0.14259938E-02  -0.52213418E-04    0.0000000       -2.0000000
