# data from ifeffit
#------------------------
#   k         e00       e01       e02
  0.0000000        0.0000000      -0.60000000E-01  -0.30000000E-01
  0.50000000E-01   0.10099865E-06  -0.60000483E-01  -0.27881910E-01
  0.10000000       0.32902779E-06  -0.59981425E-01  -0.29998542E-01
  0.15000000       0.21954931E-05  -0.59986252E-01  -0.30016450E-01
  0.20000000       0.13035783E-05  -0.59943850E-01  -0.30007412E-01
  0.25000000      -0.29504928E-08  -0.59956612E-01  -0.30053768E-01
  0.30000000       0.89990659E-05  -0.59890337E-01  -0.30035912E-01
  0.35000000      -0.42387808E-05  -0.59898202E-01  -0.30108570E-01
  0.40000000       0.78985154E-05  -0.59806110E-01  -0.30089479E-01
  0.45000000       0.12540881E-04  -0.59794867E-01  -0.30182956E-01
  0.50000000       0.35777027E-04  -0.59664496E-01  -0.30146012E-01
  0.55000000       0.12711644E-04  -0.59696792E-01  -0.30315221E-01
  0.60000000       0.35105885E-04  -0.59526275E-01  -0.30305801E-01
  0.65000000       0.51471876E-04  -0.59482745E-01  -0.30414259E-01
  0.70000000       0.22494860E-04  -0.59359610E-01  -0.30509497E-01
  0.75000000       0.11162864E-04  -0.59221792E-01  -0.30652222E-01
  0.80000000       0.57976903E-04  -0.58993557E-01  -0.30701360E-01
  0.85000000       0.89016158E-04  -0.58939127E-01  -0.30880520E-01
  0.90000000       0.10956048E-03  -0.58743951E-01  -0.30995407E-01
  0.95000000       0.12990965E-03  -0.58621025E-01  -0.31202452E-01
  1.0000000       0.72168464E-04  -0.58285882E-01  -0.31324965E-01
  1.0500000       0.12217835E-03  -0.58317026E-01  -0.31565200E-01
  1.1000000       0.14004919E-03  -0.57900007E-01  -0.31618339E-01
  1.1500000       0.10822974E-03  -0.57870705E-01  -0.31795250E-01
  1.2000000       0.15349522E-03  -0.57569384E-01  -0.31871791E-01
  1.2500000       0.24646399E-03  -0.57559463E-01  -0.31956346E-01
  1.3000000       0.19801792E-03  -0.57427293E-01  -0.32113404E-01
  1.3500000       0.22631520E-03  -0.57431964E-01  -0.32091487E-01
  1.4000000       0.30374236E-03  -0.57378922E-01  -0.32141459E-01
  1.4500000       0.18113296E-03  -0.57628893E-01  -0.32053537E-01
  1.5000000       0.12466762E-03  -0.57770007E-01  -0.31733630E-01
  1.5500000      -0.24191488E-04  -0.57934122E-01  -0.31568871E-01
  1.6000000       0.29521676E-03  -0.58393387E-01  -0.31411289E-01
  1.6500000       0.26544013E-03  -0.58467242E-01  -0.30911123E-01
  1.7000000      -0.25454954E-04  -0.59308235E-01  -0.30770493E-01
  1.7500000      -0.16224162E-04  -0.59817143E-01  -0.30571728E-01
  1.8000000       0.56117585E-04  -0.59970025E-01  -0.29922620E-01
  1.8500000       0.66509681E-04  -0.60766305E-01  -0.29623994E-01
  1.9000000      -0.34599705E-03  -0.61455457E-01  -0.29121396E-01
  1.9500000      -0.32807674E-03  -0.62073560E-01  -0.28665678E-01
  2.0000000      -0.28104565E-04  -0.62514572E-01  -0.28133997E-01
  2.0500000      -0.32290494E-03  -0.62797175E-01  -0.27696104E-01
  2.1000000      -0.21581332E-03  -0.63264102E-01  -0.27607807E-01
  2.1500000      -0.46477090E-03  -0.63037493E-01  -0.27383762E-01
  2.2000000      -0.40464543E-03  -0.63619182E-01  -0.27512191E-01
  2.2500000      -0.12106234E-03  -0.63178144E-01  -0.27259638E-01
  2.3000000      -0.33802391E-03  -0.63125610E-01  -0.28117948E-01
  2.3500000      -0.22325018E-03  -0.62425972E-01  -0.27955138E-01
  2.4000000       0.22027535E-03  -0.61792475E-01  -0.28555946E-01
  2.4500000      -0.62775437E-03  -0.61400208E-01  -0.29084052E-01
  2.5000000      -0.41885685E-03  -0.61227271E-01  -0.29419112E-01
  2.5500000      -0.26953513E-03  -0.60892189E-01  -0.29712635E-01
  2.6000000      -0.29225325E-04  -0.60377628E-01  -0.30154815E-01
  2.6500000       0.33446542E-03  -0.59484344E-01  -0.29695143E-01
  2.7000000       0.36859463E-03  -0.59070026E-01  -0.30538519E-01
  2.7500000      -0.15185787E-03  -0.59302286E-01  -0.30883329E-01
  2.8000000       0.67379264E-03  -0.58641915E-01  -0.30667325E-01
  2.8500000       0.24451485E-03  -0.58575736E-01  -0.31445885E-01
  2.9000000      -0.33321675E-03  -0.58414985E-01  -0.31173920E-01
  2.9500000      -0.39181321E-04  -0.58212668E-01  -0.31325186E-01
  3.0000000       0.37226962E-03  -0.57641102E-01  -0.31121054E-01
  3.0500000       0.47685062E-03  -0.57959599E-01  -0.30621323E-01
  3.1000000      -0.16641718E-03  -0.58487258E-01  -0.31137554E-01
  3.1500000      -0.52407745E-03  -0.59342690E-01  -0.31682757E-01
  3.2000000       0.35303126E-03  -0.58313543E-01  -0.30626560E-01
  3.2500000       0.11990965E-03  -0.58834118E-01  -0.30914219E-01
  3.3000000       0.24804890E-03  -0.59866268E-01  -0.29851890E-01
  3.3500000       0.34224547E-03  -0.59435520E-01  -0.29245810E-01
  3.4000000      -0.25610670E-03  -0.60941872E-01  -0.29943189E-01
  3.4500000      -0.40368061E-03  -0.61022937E-01  -0.29120773E-01
  3.5000000      -0.75298487E-03  -0.62554110E-01  -0.29458657E-01
  3.5500000      -0.23560935E-03  -0.61743406E-01  -0.28695961E-01
  3.6000000      -0.44111377E-03  -0.62475277E-01  -0.29415500E-01
  3.6500000      -0.26128061E-03  -0.62914957E-01  -0.28427065E-01
  3.7000000      -0.63049810E-03  -0.63177919E-01  -0.29460375E-01
  3.7500000      -0.26195006E-03  -0.62023484E-01  -0.28516216E-01
  3.8000000      -0.62163998E-03  -0.62685398E-01  -0.28671870E-01
  3.8500000       0.24408804E-03  -0.60811840E-01  -0.28604133E-01
  3.9000000       0.99940764E-03  -0.60197243E-01  -0.28645249E-01
  3.9500000      -0.15218207E-02  -0.61779123E-01  -0.30460503E-01
  4.0000000       0.18104006E-02  -0.58307254E-01  -0.29263613E-01
  4.0500000       0.87091694E-03  -0.60720029E-01  -0.30120886E-01
  4.1000000       0.13940984E-04  -0.58818381E-01  -0.31433112E-01
  4.1500000       0.26273480E-03  -0.58450171E-01  -0.31574157E-01
  4.2000000      -0.14663227E-03  -0.58361977E-01  -0.32769980E-01
  4.2500000       0.96920463E-03  -0.56542837E-01  -0.32086422E-01
  4.3000000       0.80695580E-03  -0.55325176E-01  -0.32309491E-01
  4.3500000       0.37219613E-03  -0.55985468E-01  -0.32979749E-01
  4.4000000       0.81925700E-03  -0.55411056E-01  -0.32348322E-01
  4.4500000       0.98506340E-03  -0.55823722E-01  -0.32988381E-01
  4.5000000       0.19459960E-02  -0.56172030E-01  -0.30947055E-01
  4.5500000      -0.24591721E-03  -0.56559539E-01  -0.32173007E-01
  4.6000000      -0.76864344E-03  -0.59275433E-01  -0.32523405E-01
  4.6500000      -0.16668245E-03  -0.58219053E-01  -0.31455442E-01
  4.7000000      -0.12646055E-02  -0.61115693E-01  -0.31639469E-01
  4.7500000       0.16052183E-02  -0.59588210E-01  -0.29855839E-01
  4.8000000      -0.11378338E-02  -0.61852130E-01  -0.29370931E-01
  4.8500000      -0.16269285E-02  -0.63914735E-01  -0.29536422E-01
  4.9000000      -0.25616455E-02  -0.64196774E-01  -0.28491436E-01
  4.9500000      -0.13572295E-02  -0.64253359E-01  -0.28387617E-01
  5.0000000      -0.18864633E-02  -0.65796641E-01  -0.29358683E-01
  5.0500000      -0.16528915E-02  -0.66993916E-01  -0.28366779E-01
  5.1000000      -0.36382041E-02  -0.66280903E-01  -0.28036339E-01
  5.1500000      -0.23024707E-02  -0.67233907E-01  -0.27221783E-01
  5.2000000      -0.21562248E-02  -0.65046788E-01  -0.27192847E-01
  5.2500000      -0.12025454E-02  -0.65563468E-01  -0.26803767E-01
  5.3000000      -0.17524970E-02  -0.63177595E-01  -0.29048801E-01
  5.3500000      -0.22872794E-02  -0.62604309E-01  -0.29261974E-01
  5.4000000      -0.25927714E-02  -0.62267040E-01  -0.29130045E-01
  5.4500000       0.79488251E-03  -0.60177181E-01  -0.28860500E-01
  5.5000000       0.17288912E-02  -0.56382784E-01  -0.27569451E-01
  5.5500000       0.28050235E-02  -0.56847614E-01  -0.29687678E-01
  5.6000000       0.40564969E-02  -0.55715568E-01  -0.31327847E-01
  5.6500000       0.42843959E-02  -0.54269599E-01  -0.30189682E-01
  5.7000000       0.46623963E-02  -0.51381814E-01  -0.29547269E-01
  5.7500000       0.82218617E-03  -0.53139690E-01  -0.33311904E-01
  5.8000000       0.11740018E-02  -0.51661366E-01  -0.33214719E-01
  5.8500000       0.81680475E-03  -0.53995501E-01  -0.32585197E-01
  5.9000000       0.13265231E-02  -0.54821456E-01  -0.33042837E-01
  5.9500000       0.36666243E-02  -0.53993857E-01  -0.32944093E-01
  6.0000000       0.24331650E-02  -0.55884811E-01  -0.31883306E-01
  6.0500000       0.12574749E-02  -0.56681404E-01  -0.30269695E-01
  6.1000000       0.69880469E-03  -0.56999933E-01  -0.30042666E-01
  6.1500000       0.76892990E-03  -0.58042802E-01  -0.28920775E-01
  6.2000000      -0.11611278E-02  -0.61948317E-01  -0.30685732E-01
  6.2500000      -0.31676045E-02  -0.63525464E-01  -0.31895967E-01
  6.3000000      -0.35315602E-02  -0.64709347E-01  -0.29705636E-01
  6.3500000      -0.38970058E-02  -0.66979207E-01  -0.29523291E-01
  6.4000000      -0.28430782E-02  -0.66685945E-01  -0.26407987E-01
  6.4500000      -0.35988906E-02  -0.67527705E-01  -0.27336054E-01
  6.5000000      -0.24251236E-02  -0.67373665E-01  -0.29711424E-01
  6.5500000      -0.26527818E-02  -0.68043188E-01  -0.28925157E-01
  6.6000000       0.66446505E-03  -0.65243180E-01  -0.27889691E-01
  6.6500000      -0.18033723E-02  -0.66067874E-01  -0.28320243E-01
  6.7000000      -0.86106336E-03  -0.66879911E-01  -0.29162853E-01
  6.7500000      -0.26791015E-02  -0.65969485E-01  -0.30453815E-01
  6.8000000      -0.13967201E-02  -0.62900641E-01  -0.28736595E-01
  6.8500000       0.28515536E-02  -0.60698461E-01  -0.28419126E-01
  6.9000000      -0.37311557E-03  -0.58583940E-01  -0.30380311E-01
  6.9500000       0.23470342E-02  -0.58979459E-01  -0.32080141E-01
  7.0000000      -0.23625534E-03  -0.56735031E-01  -0.30443754E-01
  7.0500000       0.27898673E-02  -0.56409860E-01  -0.31198039E-01
  7.1000000      -0.39345387E-03  -0.56224334E-01  -0.30832615E-01
  7.1500000       0.51721566E-02  -0.49804067E-01  -0.27321255E-01
  7.2000000       0.63907193E-02  -0.48653887E-01  -0.28076683E-01
  7.2500000       0.26079012E-02  -0.51743239E-01  -0.29467738E-01
  7.3000000       0.36074701E-02  -0.50444566E-01  -0.29367674E-01
  7.3500000       0.46098698E-02  -0.55489331E-01  -0.29790442E-01
  7.4000000       0.12566742E-02  -0.55731946E-01  -0.33087175E-01
  7.4500000      -0.29361142E-02  -0.53490907E-01  -0.31807693E-01
  7.5000000      -0.10026070E-02  -0.60411346E-01  -0.35165099E-01
  7.5500000       0.76281865E-03  -0.57148638E-01  -0.31130059E-01
  7.6000000       0.99127383E-04  -0.58167494E-01  -0.31149371E-01
  7.6500000      -0.16410554E-02  -0.58885671E-01  -0.27247744E-01
  7.7000000      -0.58318506E-03  -0.65845060E-01  -0.34791414E-01
  7.7500000      -0.20489809E-02  -0.64849034E-01  -0.32262340E-01
  7.8000000      -0.13207446E-02  -0.62459156E-01  -0.28364511E-01
  7.8500000       0.64779936E-03  -0.65789107E-01  -0.28687798E-01
  7.9000000      -0.68881881E-02  -0.69353426E-01  -0.34769487E-01
  7.9500000      -0.21687947E-02  -0.65961526E-01  -0.29495875E-01
  8.0000000      -0.37042645E-02  -0.68606787E-01  -0.30594832E-01
  8.0500000      -0.54232059E-02  -0.70340818E-01  -0.31214936E-01
  8.1000000       0.96661240E-03  -0.61711724E-01  -0.30089930E-01
  8.1500000      -0.99096299E-03  -0.68489442E-01  -0.33021911E-01
  8.2000000      -0.32083082E-02  -0.58190733E-01  -0.25622267E-01
  8.2500000      -0.20445557E-02  -0.60982459E-01  -0.34292962E-01
  8.3000000      -0.37479774E-02  -0.66621050E-01  -0.33870799E-01
  8.3500000      -0.17200723E-02  -0.63319302E-01  -0.33211873E-01
  8.4000000       0.23169898E-02  -0.56341891E-01  -0.26923331E-01
  8.4500000       0.84119435E-04  -0.54597430E-01  -0.26239667E-01
  8.5000000      -0.72899146E-03  -0.54363176E-01  -0.30482455E-01
  8.5500000       0.36095179E-02  -0.56949430E-01  -0.27220169E-01
  8.6000000       0.20811266E-02  -0.55633839E-01  -0.33326575E-01
  8.6500000       0.53128196E-02  -0.49922127E-01  -0.30095349E-01
  8.7000000       0.40234855E-02  -0.51637075E-01  -0.31349714E-01
  8.7500000      -0.89484187E-03  -0.58298336E-01  -0.31264526E-01
  8.8000000       0.82658343E-02  -0.53495592E-01  -0.29365315E-01
  8.8500000       0.34624134E-02  -0.52074566E-01  -0.26795288E-01
  8.9000000       0.43550765E-02  -0.54383606E-01  -0.29108077E-01
  8.9500000       0.81005986E-03  -0.58151865E-01  -0.28249198E-01
  9.0000000       0.54308665E-02  -0.57188594E-01  -0.25680190E-01
  9.0500000      -0.13360925E-02  -0.61078640E-01  -0.31068426E-01
  9.1000000      -0.26323958E-02  -0.67114255E-01  -0.30167405E-01
  9.1500000      -0.33051115E-02  -0.63839898E-01  -0.31166011E-01
  9.2000000      -0.11661809E-02  -0.64889052E-01  -0.30833809E-01
  9.2500000       0.36241047E-02  -0.65644362E-01  -0.27938465E-01
  9.3000000      -0.37899802E-02  -0.63545660E-01  -0.32594708E-01
  9.3500000      -0.77943936E-02  -0.65942025E-01  -0.31251486E-01
  9.4000000      -0.39961087E-02  -0.61293414E-01  -0.28033187E-01
  9.4500000      -0.34839316E-03  -0.56884111E-01  -0.26100635E-01
  9.5000000      -0.10319374E-01  -0.65417938E-01  -0.35528702E-01
  9.5500000      -0.63339974E-02  -0.59772684E-01  -0.27486453E-01
  9.6000000      -0.75485109E-02  -0.66151229E-01  -0.30893499E-01
  9.6500000      -0.10963432E-02  -0.56509699E-01  -0.28568247E-01
  9.7000000      -0.65423876E-02  -0.60980873E-01  -0.29134850E-01
  9.7500000      -0.21796305E-02  -0.54021335E-01  -0.31508853E-01
  9.8000000       0.24740505E-03  -0.54418455E-01  -0.31491237E-01
  9.8500000       0.33213482E-02  -0.58356482E-01  -0.24763062E-01
  9.9000000       0.47471258E-02  -0.55391931E-01  -0.31666837E-01
  9.9500000       0.46681485E-02  -0.58182253E-01  -0.28783505E-01
  10.000000      -0.17488764E-03  -0.59113911E-01  -0.36954596E-01
  10.050000       0.88934278E-02  -0.56962114E-01  -0.27561428E-01
  10.100000      -0.56043782E-02  -0.57309015E-01  -0.23567188E-01
  10.150000       0.60612585E-02  -0.49509895E-01  -0.21948371E-01
  10.200000       0.89540901E-02  -0.47723431E-01  -0.18772702E-01
  10.250000       0.40509963E-02  -0.51168452E-01  -0.27596474E-01
  10.300000      -0.18795859E-02  -0.61399622E-01  -0.23074525E-01
  10.350000       0.26591331E-02  -0.56044641E-01  -0.30082673E-01
  10.400000      -0.15631873E-03  -0.57590844E-01  -0.30651424E-01
  10.450000      -0.38974036E-02  -0.62503361E-01  -0.29954823E-01
  10.500000       0.35780976E-02  -0.52906141E-01  -0.25139103E-01
  10.550000       0.38476268E-02  -0.60729029E-01  -0.27177448E-01
  10.600000      -0.66960510E-02  -0.73062001E-01  -0.28421546E-01
  10.650000      -0.11979083E-01  -0.68391576E-01  -0.35045992E-01
  10.700000      -0.22363822E-02  -0.60488596E-01  -0.30703022E-01
  10.750000      -0.44954597E-02  -0.57140041E-01  -0.32990467E-01
  10.800000      -0.12985542E-01  -0.69586087E-01  -0.29638823E-01
  10.850000      -0.61296146E-02  -0.68314719E-01  -0.35138609E-01
  10.900000       0.12867808E-02  -0.52110455E-01  -0.29882506E-01
  10.950000      -0.37839140E-02  -0.64503204E-01  -0.28599865E-01
  11.000000       0.37564185E-02  -0.58472644E-01  -0.30267310E-01
  11.050000       0.80994172E-02  -0.52917323E-01  -0.37115132E-01
  11.100000       0.80080327E-02  -0.56936402E-01  -0.30172853E-01
  11.150000       0.14316636E-01  -0.57629191E-01  -0.18784810E-01
  11.200000       0.10730848E-01  -0.51571707E-01  -0.25645833E-01
  11.250000       0.29361784E-02  -0.57754014E-01  -0.24471168E-01
  11.300000      -0.72630852E-02  -0.71205449E-01  -0.42221458E-01
  11.350000      -0.18071857E-02  -0.67303106E-01  -0.30607260E-01
  11.400000       0.46153511E-02  -0.52553260E-01  -0.16877136E-01
  11.450000       0.19958698E-02  -0.50907549E-01  -0.22847112E-01
  11.500000      -0.13385883E-02  -0.62056058E-01  -0.33372123E-01
  11.550000       0.17261937E-02  -0.56044818E-01  -0.26170616E-01
  11.600000       0.60117849E-02  -0.57670579E-01  -0.37814284E-01
  11.650000      -0.22166522E-02  -0.50859324E-01  -0.31514644E-01
  11.700000      -0.98577384E-02  -0.61119273E-01  -0.36539828E-01
  11.750000      -0.34433856E-02  -0.54541559E-01  -0.28104638E-01
  11.800000       0.20692230E-02  -0.65443832E-01  -0.23489664E-01
  11.850000      -0.97585776E-03  -0.64902230E-01  -0.32061164E-01
  11.900000      -0.10085074E-02  -0.61015385E-01  -0.31836500E-01
  11.950000       0.22293755E-02  -0.66896766E-01  -0.35622435E-01
  12.000000      -0.25107515E-02  -0.60863307E-01  -0.41615908E-01
  12.050000      -0.83668655E-02  -0.73033231E-01  -0.28022558E-01
  12.100000       0.28150364E-02  -0.61112209E-01  -0.19857150E-01
  12.150000      -0.30672397E-02  -0.65079766E-01  -0.30569904E-01
  12.200000      -0.33037654E-02  -0.59376224E-01  -0.20981430E-01
  12.250000       0.22969719E-02  -0.58488771E-01  -0.22790244E-01
  12.300000      -0.33854546E-02  -0.64733912E-01  -0.35780110E-01
  12.350000       0.56008830E-02  -0.64721248E-01  -0.33759202E-01
  12.400000      -0.17910337E-02  -0.59773303E-01  -0.37163014E-01
  12.450000      -0.13423938E-01  -0.61886255E-01  -0.36900332E-01
  12.500000      -0.43992875E-02  -0.60045509E-01  -0.21437019E-01
  12.550000      -0.91076405E-02  -0.61953452E-01  -0.33168258E-01
  12.600000       0.14892868E-02  -0.53680194E-01  -0.29233622E-01
  12.650000       0.16200032E-02  -0.43188238E-01  -0.24333614E-01
  12.700000      -0.12576995E-01  -0.63895357E-01  -0.42437326E-01
  12.750000      -0.18037497E-01  -0.69578980E-01  -0.40686880E-01
  12.800000       0.80101870E-02  -0.49940304E-01  -0.24775479E-01
  12.850000      -0.67170050E-02  -0.64947443E-01  -0.35945489E-01
  12.900000       0.65657664E-02  -0.63876465E-01  -0.42304150E-01
  12.950000       0.92510527E-02  -0.54888197E-01  -0.17297276E-01
  13.000000       0.37409323E-02  -0.63847197E-01  -0.36456088E-01
  13.050000      -0.15766757E-02  -0.54707389E-01  -0.20001653E-01
  13.100000       0.61473262E-02  -0.51645421E-01  -0.25138866E-01
  13.150000      -0.10858054E-01  -0.54264644E-01  -0.30240241E-01
  13.200000      -0.12392270E-01  -0.69025271E-01  -0.39347915E-01
  13.250000      -0.36270045E-02  -0.63883623E-01  -0.42165301E-01
  13.300000       0.10438158E-01  -0.59063058E-01  -0.23244443E-01
  13.350000      -0.70104089E-02  -0.62099303E-01  -0.23719730E-01
  13.400000       0.50934935E-02  -0.68419068E-01  -0.34414194E-01
  13.450000       0.55190835E-02  -0.45157242E-01  -0.17963255E-01
  13.500000       0.35109651E-02  -0.67586463E-01  -0.19599283E-01
  13.550000      -0.14387060E-02  -0.72050255E-01  -0.40220166E-01
  13.600000      -0.60092747E-02  -0.64713913E-01  -0.27815820E-01
  13.650000       0.76860711E-02  -0.66836723E-01  -0.28046554E-01
  13.700000      -0.38665457E-02  -0.49973837E-01  -0.22037425E-01
  13.750000      -0.43816563E-02  -0.63861330E-01  -0.16846041E-01
  13.800000      -0.34537649E-03  -0.56805036E-01  -0.31404571E-01
  13.850000       0.59202215E-02  -0.59167405E-01  -0.24508090E-01
  13.900000       0.61959309E-02  -0.65517618E-01  -0.38844061E-01
  13.950000      -0.10695168E-02  -0.57287768E-01  -0.35210827E-01
  14.000000       0.13039237E-01  -0.65169517E-01  -0.19213718E-01
  14.050000       0.82279465E-03  -0.60704895E-01  -0.28851095E-01
  14.100000      -0.15956765E-02  -0.65125873E-01  -0.32466196E-01
  14.150000      -0.62401601E-02  -0.53826711E-01  -0.34410663E-01
  14.200000       0.23157617E-03  -0.54081141E-01  -0.33641575E-01
  14.250000       0.14779637E-02  -0.44553226E-01  -0.22030156E-01
  14.300000       0.12440839E-01  -0.60178739E-01  -0.23901182E-01
  14.350000      -0.35597486E-02  -0.66236756E-01  -0.27332200E-01
  14.400000      -0.71651449E-02  -0.63979555E-01  -0.29355928E-01
  14.450000       0.13691530E-01  -0.57487929E-01  -0.11496133E-01
  14.500000      -0.37255487E-02  -0.57981961E-01  -0.26688349E-01
  14.550000       0.58700213E-02  -0.49148241E-01  -0.24485981E-01
  14.600000       0.20442265E-02  -0.46910038E-01  -0.16691035E-01
  14.650000       0.10927670E-02  -0.67632776E-01  -0.33867896E-01
  14.700000      -0.20946886E-01  -0.66719747E-01  -0.48782058E-01
  14.750000      -0.60171935E-02  -0.58965788E-01  -0.21872935E-01
  14.800000       0.11960059E-01  -0.61204704E-01  -0.15532194E-01
  14.850000       0.88644287E-02  -0.66848202E-01  -0.43142025E-01
  14.900000       0.21836426E-02  -0.63338538E-01  -0.28352524E-01
  14.950000      -0.10622036E-01  -0.81463890E-01  -0.56546791E-01
  15.000000      -0.56583538E-02  -0.67146716E-01  -0.27496513E-01
  15.050000       0.63854568E-02  -0.72061214E-01  -0.38716455E-01
  15.100000      -0.10198538E-03  -0.65102687E-01  -0.39542658E-01
  15.150000      -0.11412180E-01  -0.66775641E-01  -0.24833912E-01
  15.200000       0.51302420E-02  -0.52795381E-01  -0.21682591E-01
  15.250000       0.21225441E-02  -0.55172413E-01  -0.29861574E-01
  15.300000       0.73728346E-03  -0.72119606E-01  -0.34364641E-01
  15.350000      -0.12270503E-02  -0.58867989E-01  -0.22193583E-01
  15.400000      -0.23589805E-01  -0.62425932E-01  -0.42232129E-01
  15.450000      -0.23410992E-01  -0.67834559E-01  -0.51804921E-01
  15.500000       0.24540824E-01  -0.48042713E-01  -0.19494683E-01
  15.550000      -0.14347685E-02  -0.66661784E-01  -0.43653882E-01
  15.600000      -0.12457167E-01  -0.70447958E-01  -0.38897772E-01
  15.650000       0.43386375E-02  -0.47954473E-01  -0.25754378E-01
  15.700000      -0.76752251E-02  -0.94139049E-01  -0.40831385E-01
  15.750000      -0.19917454E-02  -0.51631919E-01  -0.21064051E-01
  15.800000      -0.13853051E-01  -0.59125255E-01  -0.30901684E-01
  15.850000       0.30761673E-01  -0.49664045E-01  -0.25708403E-01
  15.900000      -0.95352627E-02  -0.58824845E-01  -0.45024331E-01
  15.950000      -0.57949349E-02  -0.79329757E-01  -0.36025093E-01
  16.000000       0.14061914E-02  -0.67812003E-01  -0.34754035E-01
  16.050000      -0.65139003E-02  -0.68111901E-01  -0.26198683E-01
  16.100000       0.11363686E-01  -0.66655956E-01  -0.31447824E-01
  16.150000      -0.27931406E-02  -0.59394333E-01  -0.28144457E-01
  16.200000       0.23829772E-02  -0.50865200E-01  -0.23986035E-01
  16.250000       0.14055127E-02  -0.56749854E-01  -0.10076057E-01
  16.300000       0.19513055E-02  -0.51619990E-01  -0.10606328E-01
  16.350000      -0.12829388E-01  -0.52383695E-01  -0.35390648E-01
  16.400000      -0.17431327E-01  -0.83697784E-01  -0.27248507E-01
  16.450000      -0.63607962E-04  -0.65126193E-01  -0.36396415E-01
  16.500000      -0.18579559E-02  -0.69168838E-01  -0.44267570E-01
  16.550000       0.41040373E-03  -0.40899142E-01  -0.34154397E-01
  16.600000      -0.16685977E-01  -0.61678761E-01  -0.27689044E-01
  16.650000      -0.90279419E-02  -0.68298468E-01  -0.36926325E-01
  16.700000      -0.55698457E-02  -0.48363438E-01  -0.30324004E-01
  16.750000      -0.21645483E-02  -0.77772411E-01  -0.42106180E-01
  16.800000       0.28709141E-03  -0.55804940E-01  -0.29214228E-01
  16.850000      -0.20492632E-02  -0.43920228E-01  -0.44232978E-01
  16.900000       0.19741802E-01  -0.43279327E-01  -0.57164358E-02
  16.950000       0.26522052E-01  -0.45312807E-01  -0.34399322E-01
  17.000000       0.14266749E-01  -0.42543397E-01  -0.66445907E-02
  17.050000      -0.73107137E-02  -0.53034758E-01  -0.15763352E-01
  17.100000       0.13971286E-01  -0.64230206E-01  -0.23211356E-01
  17.150000      -0.66289658E-02  -0.70281281E-01  -0.31967761E-01
  17.200000      -0.57984982E-02  -0.50022654E-01  -0.35685830E-01
  17.250000      -0.11093488E-01  -0.69793790E-01  -0.28209850E-01
  17.300000       0.21245616E-01  -0.57209589E-01  -0.37907373E-01
  17.350000       0.56716515E-02  -0.75421768E-01  -0.48058242E-01
  17.400000      -0.93841372E-03  -0.37791886E-01  -0.39345562E-01
  17.450000      -0.42497404E-02  -0.81627291E-01  -0.38294143E-01
  17.500000       0.27175737E-01  -0.40049464E-01  -0.16691844E-01
  17.550000       0.14790971E-01  -0.33232095E-01  -0.89401072E-02
  17.600000      -0.62300482E-03  -0.57339042E-01  -0.15218727E-01
  17.650000      -0.16808273E-01  -0.52564229E-01  -0.24658324E-01
  17.700000       0.69599960E-02  -0.38842657E-01  -0.82359157E-02
  17.750000      -0.34906946E-03  -0.80409093E-01  -0.52597816E-01
  17.800000      -0.11032384E-01  -0.70719992E-01  -0.22924235E-01
  17.850000       0.16942786E-01  -0.45534902E-01  -0.33606973E-01
  17.900000      -0.71320583E-02  -0.65749282E-01  -0.26799606E-01
  17.950000      -0.69943005E-02  -0.38913589E-01  -0.30098942E-01
  18.000000      -0.60101953E-02  -0.67803855E-01  -0.12482166E-01
  18.050000       0.98025798E-02  -0.64570635E-01  -0.25104654E-01
  18.100000      -0.21414663E-03  -0.50901955E-01  -0.11677329E-01
  18.150000       0.15478619E-01  -0.44884210E-01  -0.25562120E-01
  18.200000       0.13547070E-01  -0.60704041E-01  -0.23043923E-01
  18.250000      -0.21927774E-02  -0.69996465E-01  -0.28374543E-01
  18.300000       0.45975577E-02  -0.63028538E-01  -0.42035886E-01
  18.350000       0.99851211E-02  -0.44424239E-01  -0.31321793E-01
  18.400000       0.13825237E-01  -0.39967128E-01  -0.30015408E-03
  18.450000      -0.39363417E-02  -0.63277783E-01  -0.14672606E-01
  18.500000      -0.10036422E-01  -0.60220990E-01   0.30034329E-02
  18.550000       0.45024323E-03  -0.62871911E-01  -0.16883825E-01
  18.600000       0.12809832E-01  -0.54483182E-01  -0.15286824E-01
  18.650000       0.13552217E-01  -0.70098572E-01  -0.38430581E-01
  18.700000      -0.30372348E-02  -0.46226676E-01  -0.36470373E-01
  18.750000      -0.55922862E-02  -0.65490244E-01  -0.43613715E-01
  18.800000       0.81003285E-02  -0.70633920E-01  -0.14216017E-01
  18.850000       0.37783353E-01  -0.31384650E-01   0.68053833E-02
  18.900000       0.23022906E-01  -0.59519162E-01  -0.23676452E-01
  18.950000      -0.29276632E-02  -0.44897912E-01  -0.46196647E-01
  19.000000       0.12940414E-01  -0.49702817E-01  -0.28840607E-01
  19.050000      -0.10377423E-01  -0.68230580E-01  -0.27436907E-01
  19.100000      -0.92189597E-02  -0.68063508E-01  -0.24111819E-01
  19.150000       0.29060382E-01  -0.48285296E-01  -0.23780972E-01
  19.200000       0.15210785E-01  -0.70680202E-01  -0.18727312E-01
  19.250000      -0.85589392E-02  -0.67660581E-01  -0.12497830E-01
  19.300000       0.15522349E-03  -0.52232956E-01  -0.19772334E-01
  19.350000       0.24294412E-02  -0.92121677E-01  -0.57459858E-01
  19.400000      -0.34791825E-02  -0.75933207E-01  -0.67402832E-01
  19.450000       0.13188720E-02  -0.63753978E-01  -0.31398470E-01
  19.500000       0.12513638E-01  -0.56946520E-01  -0.31243039E-01
  19.550000      -0.23822410E-01  -0.63965197E-01  -0.23902583E-01
  19.600000       0.27861643E-03  -0.80071804E-01  -0.32122046E-01
  19.650000      -0.53036255E-02  -0.59733364E-01  -0.19359704E-01
  19.700000       0.13548014E-01  -0.49841315E-01  -0.23115608E-01
  19.750000       0.83541607E-02  -0.71001214E-01  -0.27333874E-01
  19.800000       0.73580164E-04  -0.36971441E-01  -0.24120685E-01
  19.850000       0.29860395E-01  -0.49572538E-01  -0.70077078E-02
  19.900000      -0.38546386E-01  -0.76079773E-01  -0.56884610E-01
  19.950000      -0.13314592E-01  -0.77317348E-01  -0.51126515E-01
