# From file /cars5/Data/xas_user/2013.2/Langman/s_xanes_caso4.001
# Time : Mon Jul 29 20:51:06 2013
# Energy: 13IDE:En:Energy.VAL
#---------------------------------
#   energy     mufluor    i0    fluor_corr   fluor_raw  time
  2449.999000    0.065759    312776.000000    20567.761160    18674.000000    100000000.000000
  2451.000000    0.066959    315254.000000    21109.090993    19157.000000    100000000.000000
  2452.001000    0.065757    318488.000000    20942.923988    18997.000000    100000000.000000
  2453.001000    0.062882    326441.000000    20527.278486    18627.000000    100000000.000000
  2454.000000    0.062820    327796.000000    20592.256956    18677.000000    100000000.000000
  2455.000000    0.061619    330627.000000    20372.974580    18483.000000    100000000.000000
  2455.999000    0.061210    332906.000000    20377.207246    18489.000000    100000000.000000
  2456.999000    0.059422    335580.000000    19940.949679    18092.000000    100000000.000000
  2458.001000    0.059376    338690.000000    20110.221347    18261.000000    100000000.000000
  2459.000000    0.057960    341330.000000    19783.362928    18003.000000    100000000.000000
  2460.000000    0.057578    342659.000000    19729.573381    17921.000000    100000000.000000
  2461.000000    0.057407    343717.000000    19731.724737    17948.000000    100000000.000000
  2462.000000    0.055647    344589.000000    19175.421927    17445.000000    100000000.000000
  2463.000000    0.056045    347790.000000    19492.006795    17738.000000    100000000.000000
  2464.000000    0.054085    350281.000000    18945.065210    17270.000000    100000000.000000
  2465.000000    0.054557    350516.000000    19123.099740    17422.000000    100000000.000000
  2466.000000    0.054132    351883.000000    19048.239742    17353.000000    100000000.000000
  2467.000000    0.053514    354108.000000    18949.799973    17268.000000    100000000.000000
  2468.000000    0.053294    357664.000000    19061.208025    17408.000000    100000000.000000
  2468.201000    0.052588    358928.000000    18875.178843    17205.000000    100000000.000000
  2468.400000    0.052609    358589.000000    18864.972549    17236.000000    100000000.000000
  2468.601000    0.052364    359667.000000    18833.739492    17166.000000    100000000.000000
  2468.800000    0.052585    361088.000000    18987.913844    17292.000000    100000000.000000
  2469.001000    0.052237    361104.000000    18863.026763    17173.000000    100000000.000000
  2469.200000    0.051544    362253.000000    18671.887822    17003.000000    100000000.000000
  2469.402000    0.051042    362804.000000    18518.248970    16885.000000    100000000.000000
  2469.600000    0.050870    362966.000000    18464.090351    16849.000000    100000000.000000
  2469.800000    0.052251    362697.000000    18951.225768    17278.000000    100000000.000000
  2470.000000    0.051125    363147.000000    18565.828369    16925.000000    100000000.000000
  2470.200000    0.050788    364097.000000    18491.864762    16856.000000    100000000.000000
  2470.400000    0.050781    364544.000000    18511.802062    16907.000000    100000000.000000
  2470.600000    0.050657    364080.000000    18443.261866    16825.000000    100000000.000000
  2470.800000    0.051420    363538.000000    18693.099618    17053.000000    100000000.000000
  2471.001000    0.051884    364994.000000    18937.440909    17214.000000    100000000.000000
  2471.199000    0.052110    364783.000000    19008.716592    17343.000000    100000000.000000
  2471.400000    0.052779    367324.000000    19387.168390    17677.000000    100000000.000000
  2471.601000    0.054174    367264.000000    19896.089771    18093.000000    100000000.000000
  2471.801000    0.055216    367996.000000    20319.163647    18556.000000    100000000.000000
  2472.000000    0.057434    367559.000000    21110.524921    19254.000000    100000000.000000
  2472.202000    0.059329    367985.000000    21832.281319    19924.000000    100000000.000000
  2472.398000    0.061057    367453.000000    22435.405536    20507.000000    100000000.000000
  2472.599000    0.062920    371668.000000    23385.517826    21284.000000    100000000.000000
  2472.800000    0.062388    370732.000000    23129.165607    21063.000000    100000000.000000
  2473.000000    0.060753    370077.000000    22483.357620    20518.000000    100000000.000000
  2473.199000    0.061102    370209.000000    22620.575167    20626.000000    100000000.000000
  2473.400000    0.061636    370555.000000    22839.500106    20843.000000    100000000.000000
  2473.600000    0.061998    370212.000000    22952.239296    20966.000000    100000000.000000
  2473.800000    0.060923    371007.000000    22603.019031    20583.000000    100000000.000000
  2474.000000    0.060983    371330.000000    22644.784342    20663.000000    100000000.000000
  2474.200000    0.060355    372157.000000    22461.402754    20484.000000    100000000.000000
  2474.399000    0.060977    371926.000000    22679.014624    20725.000000    100000000.000000
  2474.601000    0.059386    372215.000000    22104.219640    20179.000000    100000000.000000
  2474.801000    0.060102    371532.000000    22329.891682    20375.000000    100000000.000000
  2475.000000    0.059440    372684.000000    22152.266459    20210.000000    100000000.000000
  2475.199000    0.058863    373506.000000    21985.650612    20042.000000    100000000.000000
  2475.400000    0.058547    373435.000000    21863.664841    19980.000000    100000000.000000
  2475.600000    0.059313    373797.000000    22171.100871    20269.000000    100000000.000000
  2475.800000    0.059048    373874.000000    22076.331407    20167.000000    100000000.000000
  2476.000000    0.060025    373242.000000    22403.813905    20451.000000    100000000.000000
  2476.201000    0.061718    373631.000000    23059.771446    21075.000000    100000000.000000
  2476.401000    0.062229    374218.000000    23287.199730    21267.000000    100000000.000000
  2476.599000    0.062771    374734.000000    23522.349346    21460.000000    100000000.000000
  2476.800000    0.064085    375014.000000    24032.924387    21941.000000    100000000.000000
  2477.000000    0.064547    374676.000000    24184.045187    22061.000000    100000000.000000
  2477.200000    0.067968    374144.000000    25429.785073    23205.000000    100000000.000000
  2477.400000    0.069512    374210.000000    26012.039156    23712.000000    100000000.000000
  2477.600000    0.070901    374317.000000    26539.533799    24204.000000    100000000.000000
  2477.801000    0.073908    374901.000000    27708.253131    25212.000000    100000000.000000
  2478.000000    0.075191    375535.000000    28236.667016    25674.000000    100000000.000000
  2478.200000    0.077891    374303.000000    29154.714064    26574.000000    100000000.000000
  2478.401000    0.081991    373643.000000    30635.454169    27856.000000    100000000.000000
  2478.600000    0.086280    374092.000000    32276.658001    29307.000000    100000000.000000
  2478.800000    0.093252    372816.000000    34765.764330    31534.000000    100000000.000000
  2479.000000    0.099742    373714.000000    37274.999932    33779.000000    100000000.000000
  2479.200000    0.109706    373725.000000    40999.730012    37153.000000    100000000.000000
  2479.400000    0.123296    374464.000000    46169.934521    41709.000000    100000000.000000
  2479.600000    0.142344    373271.000000    53132.907667    47901.000000    100000000.000000
  2479.800000    0.171605    371791.000000    63801.301278    57257.000000    100000000.000000
  2480.001000    0.217809    370604.000000    80720.891180    72235.000000    100000000.000000
  2480.200000    0.289499    371715.000000    107611.239888    95144.000000    100000000.000000
  2480.399000    0.385598    372367.000000    143584.010854    125209.000000    100000000.000000
  2480.599000    0.503306    372704.000000    187584.219187    161380.000000    100000000.000000
  2480.801000    0.620907    373108.000000    231665.238099    195233.000000    100000000.000000
  2481.000000    0.723886    371820.000000    269155.426340    224399.000000    100000000.000000
  2481.199000    0.790397    374727.000000    296183.068087    244284.000000    100000000.000000
  2481.399000    0.841530    367939.000000    309631.810670    256358.000000    100000000.000000
  2481.600000    0.831513    377579.000000    313961.686373    256594.000000    100000000.000000
  2481.801000    0.816152    376997.000000    307686.711789    252261.000000    100000000.000000
  2482.000000    0.767596    376603.000000    289078.940864    239004.000000    100000000.000000
  2482.201000    0.674674    376237.000000    253837.261374    213053.000000    100000000.000000
  2482.400000    0.549218    376593.000000    206831.633789    176260.000000    100000000.000000
  2482.600000    0.424334    376636.000000    159819.420162    138604.000000    100000000.000000
  2482.801000    0.324088    377177.000000    122238.660684    107636.000000    100000000.000000
  2483.000000    0.261563    375808.000000    98297.363797    87243.000000    100000000.000000
  2483.200000    0.223015    376220.000000    83902.589835    74779.000000    100000000.000000
  2483.401000    0.205032    375524.000000    76994.591747    68920.000000    100000000.000000
  2483.601000    0.201420    373307.000000    75191.645293    67220.000000    100000000.000000
  2483.801000    0.209422    371743.000000    77851.323578    69647.000000    100000000.000000
  2484.000000    0.222704    371254.000000    82679.707840    73699.000000    100000000.000000
  2484.199000    0.241828    369320.000000    89312.088584    79626.000000    100000000.000000
  2484.399000    0.265339    368333.000000    97733.208265    86879.000000    100000000.000000
  2484.600000    0.277875    365451.000000    101549.824671    90180.000000    100000000.000000
  2484.800000    0.283778    362511.000000    102872.507328    91266.000000    100000000.000000
  2485.000000    0.274231    360592.000000    98885.558667    87833.000000    100000000.000000
  2485.200000    0.256056    358782.000000    91868.295776    81898.000000    100000000.000000
  2485.400000    0.231040    355784.000000    82200.176493    73595.000000    100000000.000000
  2485.601000    0.204522    354098.000000    72420.714822    65142.000000    100000000.000000
  2485.800000    0.183599    350802.000000    64406.804041    58044.000000    100000000.000000
  2486.000000    0.165330    349113.000000    57718.844698    52170.000000    100000000.000000
  2486.201000    0.154116    347325.000000    53528.481895    48539.000000    100000000.000000
  2486.400000    0.148326    345522.000000    51249.881264    46448.000000    100000000.000000
  2486.601000    0.144680    342286.000000    49521.951655    44970.000000    100000000.000000
  2486.801000    0.143753    339178.000000    48757.969185    44340.000000    100000000.000000
  2486.998000    0.142606    336387.000000    47970.924342    43746.000000    100000000.000000
  2487.198000    0.140624    332513.000000    46759.231626    42688.000000    100000000.000000
  2487.401000    0.139215    330378.000000    45993.584867    41888.000000    100000000.000000
  2487.600000    0.135989    328432.000000    44663.167621    40847.000000    100000000.000000
  2487.801000    0.137029    325449.000000    44595.848520    40718.000000    100000000.000000
  2488.000000    0.135860    322763.000000    43850.636069    40088.000000    100000000.000000
  2488.200000    0.137560    321705.000000    44253.769782    40464.000000    100000000.000000
  2488.399000    0.139300    319377.000000    44489.224809    40675.000000    100000000.000000
  2488.601000    0.145800    315733.000000    46033.801106    42108.000000    100000000.000000
  2488.800000    0.152499    314111.000000    47901.646782    43782.000000    100000000.000000
  2489.001000    0.160752    310639.000000    49935.891228    45718.000000    100000000.000000
  2489.200000    0.170188    309842.000000    52731.514060    48209.000000    100000000.000000
  2489.400000    0.177732    306959.000000    54556.560359    49945.000000    100000000.000000
  2489.600000    0.185278    306696.000000    56823.957295    51961.000000    100000000.000000
  2489.802000    0.192252    303655.000000    58378.387215    53343.000000    100000000.000000
  2490.000000    0.195104    303425.000000    59199.441961    54133.000000    100000000.000000
  2490.200000    0.198625    300757.000000    59737.774010    54631.000000    100000000.000000
  2490.401000    0.199924    298513.000000    59680.010129    54586.000000    100000000.000000
  2490.600000    0.204268    297148.000000    60697.764300    55537.000000    100000000.000000
  2490.800000    0.207742    295824.000000    61455.049301    56221.000000    100000000.000000
  2491.000000    0.209867    294797.000000    61868.082729    56587.000000    100000000.000000
  2491.201000    0.215903    290962.000000    62819.454092    57459.000000    100000000.000000
  2491.400000    0.222950    290668.000000    64804.338271    59348.000000    100000000.000000
  2491.600000    0.230935    288127.000000    66538.580333    60823.000000    100000000.000000
  2491.800000    0.239683    285848.000000    68512.833311    62674.000000    100000000.000000
  2491.999000    0.247035    284860.000000    70370.424188    64281.000000    100000000.000000
  2492.200000    0.253052    282791.000000    71560.924680    65521.000000    100000000.000000
  2492.400000    0.255873    278602.000000    71286.623453    65150.000000    100000000.000000
  2492.600000    0.253246    275107.000000    69669.666595    63761.000000    100000000.000000
  2492.801000    0.250178    273323.000000    68379.286558    62740.000000    100000000.000000
  2493.001000    0.247438    269888.000000    66780.558403    61355.000000    100000000.000000
  2493.201000    0.243736    267992.000000    65319.206302    60019.000000    100000000.000000
  2493.399000    0.241828    264838.000000    64045.127311    59071.000000    100000000.000000
  2493.600000    0.238687    263536.000000    62902.600314    57972.000000    100000000.000000
  2493.801000    0.238049    260271.000000    61957.364659    57177.000000    100000000.000000
  2494.000000    0.236286    258886.000000    61171.266670    56523.000000    100000000.000000
  2494.199000    0.235209    256908.000000    60427.092827    55846.000000    100000000.000000
  2494.400000    0.232878    254465.000000    59259.365991    54795.000000    100000000.000000
  2494.600000    0.227791    251216.000000    57224.695523    53015.000000    100000000.000000
  2494.801000    0.224953    250989.000000    56460.809534    52176.000000    100000000.000000
  2495.000000    0.219344    248153.000000    54430.951978    50487.000000    100000000.000000
  2495.199000    0.212896    247182.000000    52624.079828    48793.000000    100000000.000000
  2495.400000    0.207408    245312.000000    50879.564487    47258.000000    100000000.000000
  2495.600000    0.202487    242857.000000    49175.405855    45748.000000    100000000.000000
  2495.799000    0.201604    240861.000000    48558.601188    45202.000000    100000000.000000
  2496.000000    0.202343    238251.000000    48208.515700    44891.000000    100000000.000000
  2496.201000    0.207953    235811.000000    49037.648913    45726.000000    100000000.000000
  2496.399000    0.212656    233989.000000    49759.076905    46366.000000    100000000.000000
  2496.600000    0.220272    232362.000000    51182.860473    47654.000000    100000000.000000
  2496.800000    0.227062    228862.000000    51965.811990    48458.000000    100000000.000000
  2497.001000    0.233465    227331.000000    53073.840172    49441.000000    100000000.000000
  2497.200000    0.243280    225942.000000    54967.085999    51253.000000    100000000.000000
  2497.401000    0.247119    222783.000000    55054.014347    51309.000000    100000000.000000
  2497.601000    0.255428    221628.000000    56609.930093    52838.000000    100000000.000000
  2497.800000    0.260264    218662.000000    56909.838373    53104.000000    100000000.000000
  2498.000000    0.263160    217375.000000    57204.353306    53413.000000    100000000.000000
  2498.201000    0.261321    215574.000000    56334.092058    52633.000000    100000000.000000
  2498.400000    0.268524    213392.000000    57300.815473    53500.000000    100000000.000000
  2498.600000    0.266937    210452.000000    56177.397903    52511.000000    100000000.000000
  2498.801000    0.269098    208571.000000    56126.004242    52514.000000    100000000.000000
  2499.001000    0.270422    206821.000000    55929.040507    52316.000000    100000000.000000
  2499.200000    0.266854    203569.000000    54323.289318    50929.000000    100000000.000000
  2499.400000    0.265912    201672.000000    53627.043816    50344.000000    100000000.000000
  2499.601000    0.263291    199706.000000    52580.823826    49341.000000    100000000.000000
  2499.800000    0.258500    197950.000000    51170.068795    48092.000000    100000000.000000
  2500.000000    0.257022    196231.000000    50435.724433    47391.000000    100000000.000000
  2501.001000    0.231907    397969.000000    92291.904718    82796.000000    100000000.000000
  2502.001000    0.219662    402657.000000    88448.429467    79124.000000    100000000.000000
  2503.001000    0.212048    407712.000000    86454.649702    77357.000000    100000000.000000
  2504.002000    0.196775    408076.000000    80299.206684    72019.000000    100000000.000000
  2505.001000    0.181688    409163.000000    74340.073249    66849.000000    100000000.000000
  2506.000000    0.167577    410342.000000    68763.853507    61935.000000    100000000.000000
  2507.000000    0.156605    410709.000000    64319.239527    57991.000000    100000000.000000
  2508.000000    0.148776    412173.000000    61321.569169    55414.000000    100000000.000000
  2509.000000    0.147710    411697.000000    60811.805318    55063.000000    100000000.000000
  2510.000000    0.150538    413071.000000    62182.972735    56243.000000    100000000.000000
  2511.001000    0.149622    413756.000000    61907.006256    56140.000000    100000000.000000
  2512.000000    0.148242    414264.000000    61411.380102    55679.000000    100000000.000000
  2513.001000    0.148209    414408.000000    61419.059507    55724.000000    100000000.000000
  2514.000000    0.149633    415790.000000    62215.830870    56480.000000    100000000.000000
  2515.001000    0.150126    413771.000000    62117.895944    56470.000000    100000000.000000
  2516.000000    0.153404    415592.000000    63753.478891    58042.000000    100000000.000000
  2516.999000    0.155498    417455.000000    64913.560495    59089.000000    100000000.000000
  2518.000000    0.159299    418314.000000    66637.009437    60468.000000    100000000.000000
  2519.000000    0.161669    422303.000000    68273.234818    61932.000000    100000000.000000
  2520.000000    0.162184    423279.000000    68649.007906    62454.000000    100000000.000000
  2520.999000    0.163484    425517.000000    69565.363834    63308.000000    100000000.000000
  2522.001000    0.160457    428548.000000    68763.452500    62555.000000    100000000.000000
  2523.000000    0.156952    428600.000000    67269.427752    61237.000000    100000000.000000
  2524.000000    0.152147    429630.000000    65366.802228    59670.000000    100000000.000000
  2525.001000    0.149453    433008.000000    64714.190641    59095.000000    100000000.000000
  2526.000000    0.146893    433223.000000    63637.235387    58243.000000    100000000.000000
  2527.000000    0.146510    433430.000000    63501.804121    58040.000000    100000000.000000
  2528.001000    0.145973    435156.000000    63521.092422    58063.000000    100000000.000000
  2529.001000    0.146294    433890.000000    63475.584296    58096.000000    100000000.000000
  2530.000000    0.147272    434635.000000    64009.544458    58443.000000    100000000.000000
  2531.001000    0.147274    432760.000000    63734.276140    58309.000000    100000000.000000
  2532.000000    0.146441    432905.000000    63395.215251    58023.000000    100000000.000000
  2533.000000    0.145999    431316.000000    62971.867166    57734.000000    100000000.000000
  2534.000000    0.146126    429695.000000    62789.721194    57495.000000    100000000.000000
  2535.001000    0.146781    428285.000000    62864.078107    57609.000000    100000000.000000
  2536.000000    0.146935    426283.000000    62635.813774    57402.000000    100000000.000000
  2537.000000    0.147117    421647.000000    62031.518193    56897.000000    100000000.000000
  2538.000000    0.147350    418938.000000    61730.466379    56680.000000    100000000.000000
  2539.000000    0.148209    416726.000000    61762.530987    56809.000000    100000000.000000
  2540.000000    0.148855    415377.000000    61830.811462    56912.000000    100000000.000000
  2541.001000    0.150424    413727.000000    62234.361985    57209.000000    100000000.000000
  2542.000000    0.151661    412956.000000    62629.379905    57781.000000    100000000.000000
  2543.000000    0.152657    411849.000000    62871.767788    58005.000000    100000000.000000
  2544.000000    0.155252    416129.000000    64604.925569    59438.000000    100000000.000000
  2545.000000    0.155004    416436.000000    64549.207500    59373.000000    100000000.000000
  2546.000000    0.158883    414759.000000    65898.188317    60680.000000    100000000.000000
  2547.000000    0.159704    410572.000000    65569.818693    60548.000000    100000000.000000
  2548.000000    0.160331    415193.000000    66568.139331    61295.000000    100000000.000000
  2549.000000    0.159790    421370.000000    67330.590472    62094.000000    100000000.000000
