# From file /cars5/Data/xas_user/2013.2/Cron/S_XANES_gypsum.003
# Time : Mon Aug 05 17:47:03 2013
# Energy: 13IDE:En:Energy.VAL
#---------------------------------
#   energy     mufluor    i0    fluor_corr   fluor_raw  time
  2450.000000    3.000030    3758.000000    11274.113699    10774.000000    100000000.000000
  2451.000000    3.072139    3291.000000    10110.408634    9711.000000    100000000.000000
  2452.000000    2.966521    2863.000000    8493.149595    8207.000000    100000000.000000
  2453.001000    2.968064    2737.000000    8123.590826    7864.000000    100000000.000000
  2454.001000    2.886686    2719.000000    7848.898624    7597.000000    100000000.000000
  2455.000000    2.797481    2855.000000    7986.809107    7738.000000    100000000.000000
  2456.000000    2.824873    2986.000000    8435.070833    8155.000000    100000000.000000
  2457.001000    2.800764    3006.000000    8419.095345    8145.000000    100000000.000000
  2458.001000    2.801236    3071.000000    8602.595873    8309.000000    100000000.000000
  2459.001000    2.812772    2981.000000    8384.872773    8107.000000    100000000.000000
  2460.000000    2.800727    2903.000000    8130.511882    7871.000000    100000000.000000
  2461.000000    2.773364    3049.000000    8455.988286    8171.000000    100000000.000000
  2462.000000    2.734527    2941.000000    8042.243023    7797.000000    100000000.000000
  2463.000000    2.709979    2875.000000    7791.189527    7549.000000    100000000.000000
  2464.000000    2.740048    2906.000000    7962.580299    7721.000000    100000000.000000
  2465.000000    2.647419    2888.000000    7645.744869    7430.000000    100000000.000000
  2466.001000    2.735569    2863.000000    7831.933988    7606.000000    100000000.000000
  2467.000000    2.717008    2904.000000    7890.190499    7669.000000    100000000.000000
  2468.001000    2.783451    2931.000000    8158.294478    7917.000000    100000000.000000
  2468.251000    2.790261    2886.000000    8052.694197    7810.000000    100000000.000000
  2468.500000    2.745861    2911.000000    7993.202103    7760.000000    100000000.000000
  2468.750000    2.818490    2967.000000    8362.459864    8090.000000    100000000.000000
  2469.001000    2.792353    2995.000000    8363.097649    8107.000000    100000000.000000
  2469.251000    2.805602    2927.000000    8211.998041    7961.000000    100000000.000000
  2469.500000    2.851981    2911.000000    8302.117718    8076.000000    100000000.000000
  2469.750000    2.842789    2894.000000    8227.030556    7985.000000    100000000.000000
  2470.000000    2.767977    2968.000000    8215.354518    7970.000000    100000000.000000
  2470.251000    2.807534    2989.000000    8391.720096    8143.000000    100000000.000000
  2470.500000    2.819618    2950.000000    8317.873635    8079.000000    100000000.000000
  2470.750000    2.900031    2928.000000    8491.290681    8238.000000    100000000.000000
  2471.002000    2.855329    2942.000000    8400.379077    8166.000000    100000000.000000
  2471.249000    3.031697    3011.000000    9128.439470    8848.000000    100000000.000000
  2471.502000    2.929220    3058.000000    8957.554165    8687.000000    100000000.000000
  2471.750000    3.010393    3027.000000    9112.458201    8851.000000    100000000.000000
  2472.000000    3.039188    2995.000000    9102.369449    8833.000000    100000000.000000
  2472.250000    3.015360    3037.000000    9157.647871    8882.000000    100000000.000000
  2472.500000    3.074222    3063.000000    9416.342514    9130.000000    100000000.000000
  2472.751000    2.999088    3118.000000    9351.156147    9079.000000    100000000.000000
  2473.000000    3.124117    3114.000000    9728.501387    9433.000000    100000000.000000
  2473.250000    3.188049    3074.000000    9800.064027    9491.000000    100000000.000000
  2473.501000    3.240324    3056.000000    9902.429010    9613.000000    100000000.000000
  2473.751000    3.282471    3146.000000    10326.652719    10030.000000    100000000.000000
  2474.001000    3.354772    3205.000000    10752.044351    10426.000000    100000000.000000
  2474.250000    3.326581    3193.000000    10621.773995    10293.000000    100000000.000000
  2474.501000    3.451693    3154.000000    10886.638195    10564.000000    100000000.000000
  2474.750000    3.481551    3216.000000    11196.669333    10858.000000    100000000.000000
  2475.000000    3.623780    3291.000000    11925.861165    11557.000000    100000000.000000
  2475.251000    3.642948    3378.000000    12305.877181    11928.000000    100000000.000000
  2475.500000    3.802117    3401.000000    12930.999147    12528.000000    100000000.000000
  2475.750000    3.967083    3407.000000    13515.852599    13074.000000    100000000.000000
  2475.999000    4.106572    3371.000000    13843.252687    13402.000000    100000000.000000
  2476.251000    4.260414    3288.000000    14008.241469    13581.000000    100000000.000000
  2476.500000    4.375710    3416.000000    14947.425032    14463.000000    100000000.000000
  2476.750000    4.662347    3389.000000    15800.693525    15290.000000    100000000.000000
  2477.003000    4.922470    3417.000000    16820.079707    16284.000000    100000000.000000
  2477.250000    5.387715    3345.000000    18021.905187    17421.000000    100000000.000000
  2477.500000    5.628486    3385.000000    19052.426532    18407.000000    100000000.000000
  2477.750000    6.072165    3468.000000    21058.267336    20335.000000    100000000.000000
  2478.000000    6.488907    3444.000000    22347.795487    21583.000000    100000000.000000
  2478.250000    7.066860    3487.000000    24642.139349    23741.000000    100000000.000000
  2478.500000    7.767600    3425.000000    26604.030707    25646.000000    100000000.000000
  2478.750000    8.624850    3425.000000    29540.109634    28485.000000    100000000.000000
  2479.000000    9.920573    3474.000000    34464.069870    33144.000000    100000000.000000
  2479.250000    11.308803    3509.000000    39682.589156    38114.000000    100000000.000000
  2479.500000    13.543706    3498.000000    47375.885240    45454.000000    100000000.000000
  2479.750000    16.443601    3448.000000    56697.535070    54130.000000    100000000.000000
  2480.000000    20.861161    3402.000000    70969.668385    67648.000000    100000000.000000
  2480.250000    26.999849    3398.000000    91745.488087    86787.000000    100000000.000000
  2480.500000    34.426134    3427.000000    117978.359703    110496.000000    100000000.000000
  2480.750000    41.495767    3443.000000    142869.925798    132809.000000    100000000.000000
  2481.000000    46.425397    3387.000000    157242.821114    145149.000000    100000000.000000
  2481.250000    49.756766    3363.000000    167332.005524    154301.000000    100000000.000000
  2481.500000    51.534661    3347.000000    172486.511122    158668.000000    100000000.000000
  2481.750000    51.829527    3390.000000    175702.097078    161443.000000    100000000.000000
  2482.000000    51.418379    3419.000000    175799.437411    161557.000000    100000000.000000
  2482.251000    48.577956    3402.000000    165262.204976    152311.000000    100000000.000000
  2482.500000    45.038168    3379.000000    152183.969561    140876.000000    100000000.000000
  2482.750000    40.021799    3387.000000    135553.832796    126355.000000    100000000.000000
  2482.999000    34.824884    3397.000000    118300.129958    110811.000000    100000000.000000
  2483.250000    29.924328    3436.000000    102819.992625    96766.000000    100000000.000000
  2483.500000    25.847753    3474.000000    89795.095611    84677.000000    100000000.000000
  2483.750000    23.732547    3482.000000    82636.730060    78395.000000    100000000.000000
  2484.000000    23.223810    3401.000000    78984.176456    74867.000000    100000000.000000
  2484.250000    23.544055    3395.000000    79932.065317    75926.000000    100000000.000000
  2484.500000    24.439144    3435.000000    83948.460193    79565.000000    100000000.000000
  2484.750000    26.095187    3425.000000    89376.014353    84516.000000    100000000.000000
  2485.000000    27.107743    3435.000000    93115.097463    88026.000000    100000000.000000
  2485.250000    27.483612    3386.000000    93059.509375    88060.000000    100000000.000000
  2485.499000    26.283874    3429.000000    90127.403003    85250.000000    100000000.000000
  2485.750000    24.370329    3440.000000    83833.932428    79571.000000    100000000.000000
  2486.000000    22.371601    3406.000000    76197.674103    72447.000000    100000000.000000
  2486.250000    20.667874    3400.000000    70270.772050    66985.000000    100000000.000000
  2486.500000    19.763306    3347.000000    66147.786721    63049.000000    100000000.000000
  2486.749000    18.976067    3314.000000    62886.686116    60041.000000    100000000.000000
  2487.000000    18.703972    3261.000000    60993.652708    58343.000000    100000000.000000
  2487.250000    18.434519    3287.000000    60594.262328    58016.000000    100000000.000000
  2487.501000    18.646110    3312.000000    61755.916166    59037.000000    100000000.000000
  2487.750000    18.725712    3288.000000    61570.141429    58867.000000    100000000.000000
  2488.000000    18.979198    3190.000000    60543.641406    57999.000000    100000000.000000
  2488.250000    19.473744    3222.000000    62744.401868    59938.000000    100000000.000000
  2488.501000    20.056881    3171.000000    63600.368718    60875.000000    100000000.000000
  2488.750000    20.739296    3125.000000    64810.301267    61990.000000    100000000.000000
  2489.000000    21.391124    3096.000000    66226.919378    63244.000000    100000000.000000
  2489.250000    21.822059    3027.000000    66055.373145    63206.000000    100000000.000000
  2489.500000    22.550719    3072.000000    69275.808017    66160.000000    100000000.000000
  2489.751000    23.542488    3038.000000    71522.077779    68272.000000    100000000.000000
  2489.999000    24.815612    3004.000000    74546.097653    71098.000000    100000000.000000
  2490.249000    25.931823    2972.000000    77069.376858    73497.000000    100000000.000000
  2490.500000    27.183211    2944.000000    80027.373998    76330.000000    100000000.000000
  2490.750000    27.981207    2912.000000    81481.273865    77592.000000    100000000.000000
  2491.000000    28.298741    2896.000000    81953.155001    78074.000000    100000000.000000
  2491.250000    28.475599    2945.000000    83860.637624    79767.000000    100000000.000000
  2491.500000    28.334701    2923.000000    82822.329966    78895.000000    100000000.000000
  2491.750000    28.140855    2890.000000    81327.070924    77512.000000    100000000.000000
  2492.001000    27.779303    2767.000000    76865.332784    73478.000000    100000000.000000
  2492.250000    27.685971    2765.000000    76551.711019    73226.000000    100000000.000000
  2492.500000    27.000450    2707.000000    73090.217393    69849.000000    100000000.000000
  2492.750000    26.415825    2751.000000    72669.935318    69501.000000    100000000.000000
  2492.999000    25.907733    2753.000000    71323.989081    68244.000000    100000000.000000
  2493.250000    25.373765    2625.000000    66606.133722    63880.000000    100000000.000000
  2493.501000    24.881477    2594.000000    64542.550735    62037.000000    100000000.000000
  2493.750000    24.638493    2596.000000    63961.527118    61513.000000    100000000.000000
  2494.000000    24.572010    2630.000000    64624.387411    61953.000000    100000000.000000
  2494.250000    24.806978    2650.000000    65738.492339    63035.000000    100000000.000000
  2494.500000    25.122772    2651.000000    66600.467665    63896.000000    100000000.000000
  2494.751000    25.296292    2637.000000    66706.321403    63977.000000    100000000.000000
  2495.001000    25.865294    2621.000000    67792.935902    64981.000000    100000000.000000
  2495.251000    26.245526    2580.000000    67713.455949    65042.000000    100000000.000000
  2495.500000    26.824645    2646.000000    70978.011841    68040.000000    100000000.000000
  2495.750000    27.384179    2703.000000    74019.437017    70830.000000    100000000.000000
  2496.000000    27.773162    2590.000000    71932.490046    68852.000000    100000000.000000
  2496.250000    28.039459    2516.000000    70547.278786    67672.000000    100000000.000000
  2496.500000    28.788623    2510.000000    72259.444154    69368.000000    100000000.000000
  2496.750000    29.131246    2572.000000    74925.563557    71808.000000    100000000.000000
  2497.001000    29.681708    2624.000000    77884.800633    74422.000000    100000000.000000
  2497.251000    30.042979    2671.000000    80244.797123    76735.000000    100000000.000000
  2497.500000    30.338251    2618.000000    79425.540827    75921.000000    100000000.000000
  2497.750000    30.453524    2613.000000    79575.057210    75985.000000    100000000.000000
  2498.001000    31.013148    2616.000000    81130.395576    77477.000000    100000000.000000
  2498.250000    31.272309    2680.000000    83809.788548    80036.000000    100000000.000000
  2498.502000    31.448886    2762.000000    86861.824121    82799.000000    100000000.000000
  2498.750000    31.547034    2797.000000    88237.053318    84172.000000    100000000.000000
  2499.000000    31.469126    2767.000000    87075.070739    83108.000000    100000000.000000
  2499.250000    31.316833    2848.000000    89190.339330    84900.000000    100000000.000000
  2499.500000    31.271099    2908.000000    90936.356844    86582.000000    100000000.000000
  2499.750000    31.263943    3005.000000    93948.149572    89296.000000    100000000.000000
  2500.000000    31.072086    3086.000000    95888.456169    91036.000000    100000000.000000
  2500.500000    30.590673    3004.000000    91894.382752    87478.000000    100000000.000000
  2501.000000    30.017053    3047.000000    91461.960694    86896.000000    100000000.000000
  2501.500000    29.281575    3151.000000    92266.242838    87707.000000    100000000.000000
  2502.001000    28.484342    3151.000000    89754.161208    85351.000000    100000000.000000
  2502.500000    27.918670    3285.000000    91712.831958    87142.000000    100000000.000000
  2503.000000    27.442075    3426.000000    94016.549359    89243.000000    100000000.000000
  2503.501000    26.948497    3313.000000    89280.369461    85006.000000    100000000.000000
  2504.000000    26.611833    3442.000000    91597.928270    87111.000000    100000000.000000
  2504.500000    26.084711    3593.000000    93722.366074    88911.000000    100000000.000000
  2505.000000    25.953283    3590.000000    93172.285664    88418.000000    100000000.000000
  2505.500000    25.395635    3683.000000    93532.124633    88853.000000    100000000.000000
  2506.000000    24.907447    3636.000000    90563.476618    85946.000000    100000000.000000
  2506.500000    24.283778    3650.000000    88635.787994    84343.000000    100000000.000000
  2507.000000    23.607703    3759.000000    88741.357116    84349.000000    100000000.000000
  2507.500000    23.035550    3733.000000    85991.707714    81836.000000    100000000.000000
  2508.000000    22.388688    3693.000000    82681.426630    78761.000000    100000000.000000
  2508.500000    22.169527    3786.000000    83933.828429    80113.000000    100000000.000000
  2508.999000    21.932364    3734.000000    81895.448473    78067.000000    100000000.000000
  2509.500000    21.704586    3690.000000    80089.921429    76380.000000    100000000.000000
  2510.000000    21.712083    3748.000000    81376.886236    77557.000000    100000000.000000
  2510.499000    21.760623    3713.000000    80797.194226    77073.000000    100000000.000000
  2511.001000    21.848575    3614.000000    78960.751775    75544.000000    100000000.000000
  2511.500000    21.996337    3653.000000    80352.619282    76786.000000    100000000.000000
  2512.000000    22.192440    3615.000000    80225.669307    76605.000000    100000000.000000
  2512.500000    22.004552    3558.000000    78292.195590    74777.000000    100000000.000000
  2513.000000    22.322624    3619.000000    80785.574572    77130.000000    100000000.000000
  2513.500000    22.494653    3576.000000    80440.878323    76884.000000    100000000.000000
  2514.000000    22.524843    3563.000000    80256.015756    76733.000000    100000000.000000
  2514.500000    22.819855    3660.000000    83520.668901    79680.000000    100000000.000000
  2515.000000    23.157329    3616.000000    83736.901250    80043.000000    100000000.000000
  2515.500000    23.215650    3585.000000    83228.106458    79391.000000    100000000.000000
  2516.000000    23.347708    3685.000000    86036.303393    82176.000000    100000000.000000
  2516.500000    23.467037    3653.000000    85725.084968    81823.000000    100000000.000000
  2517.001000    23.564676    3640.000000    85775.419839    81938.000000    100000000.000000
  2517.500000    23.569305    3640.000000    85792.271542    81755.000000    100000000.000000
  2518.001000    23.669700    3636.000000    86063.028387    82082.000000    100000000.000000
  2518.501000    23.611393    3640.000000    85945.471034    82036.000000    100000000.000000
  2519.000000    23.474882    3714.000000    87185.710805    83254.000000    100000000.000000
  2519.500000    23.382404    3662.000000    85626.365000    81699.000000    100000000.000000
  2520.000000    23.300291    3634.000000    84673.257211    80924.000000    100000000.000000
  2520.500000    23.171979    3706.000000    85875.354633    82029.000000    100000000.000000
  2521.000000    23.228545    3706.000000    86084.987647    82203.000000    100000000.000000
  2521.500000    23.130895    3738.000000    86463.286779    82539.000000    100000000.000000
  2522.000000    23.335963    3734.000000    87136.485195    83304.000000    100000000.000000
  2522.500000    23.085122    3775.000000    87146.337115    83215.000000    100000000.000000
  2523.000000    23.188809    3793.000000    87955.154384    83911.000000    100000000.000000
  2523.501000    23.026472    3829.000000    88168.360949    84192.000000    100000000.000000
  2524.000000    23.131474    3850.000000    89056.173822    84998.000000    100000000.000000
  2524.501000    23.050710    3881.000000    89459.807141    85475.000000    100000000.000000
  2525.001000    22.997830    3980.000000    91531.364451    87203.000000    100000000.000000
  2525.500000    23.119391    4050.000000    93633.535190    89172.000000    100000000.000000
  2526.001000    22.925382    4001.000000    91724.453855    87410.000000    100000000.000000
  2526.500000    23.103365    4103.000000    94793.108148    90317.000000    100000000.000000
  2527.000000    22.977765    4190.000000    96276.834071    91548.000000    100000000.000000
  2527.501000    23.056736    4202.000000    96884.406106    92147.000000    100000000.000000
  2528.000000    23.119860    4253.000000    98328.764551    93368.000000    100000000.000000
  2528.501000    23.191552    4293.000000    99561.334306    94750.000000    100000000.000000
  2529.000000    23.011589    4199.000000    96625.661122    91930.000000    100000000.000000
  2529.500000    23.030486    4279.000000    98547.450383    93707.000000    100000000.000000
  2530.000000    23.106808    4355.000000    100630.150038    95662.000000    100000000.000000
  2530.501000    23.059619    4334.000000    99940.389733    94977.000000    100000000.000000
  2531.000000    23.164584    4385.000000    101576.699880    96613.000000    100000000.000000
  2531.500000    23.027531    4465.000000    102817.926066    97628.000000    100000000.000000
  2531.999000    23.140616    4427.000000    102443.507791    97251.000000    100000000.000000
  2532.500000    23.125751    4472.000000    103418.356579    98146.000000    100000000.000000
  2533.000000    23.289893    4514.000000    105130.576566    99854.000000    100000000.000000
  2533.500000    23.286975    4478.000000    104279.074043    98921.000000    100000000.000000
  2534.000000    23.411541    4455.000000    104298.416597    99092.000000    100000000.000000
  2534.499000    23.348222    4500.000000    105066.999617    99945.000000    100000000.000000
  2535.000000    23.544915    4454.000000    104869.052172    99441.000000    100000000.000000
  2535.499000    23.517036    4408.000000    103663.095445    98542.000000    100000000.000000
  2536.000000    23.717625    4465.000000    105899.194038    100625.000000    100000000.000000
  2536.499000    23.784306    4465.000000    106196.927819    100898.000000    100000000.000000
  2537.000000    23.718352    4400.000000    104360.746784    99139.000000    100000000.000000
  2537.501000    23.937410    4417.000000    105731.541954    100397.000000    100000000.000000
  2538.000000    24.035541    4406.000000    105900.595704    100657.000000    100000000.000000
  2538.500000    24.115152    4315.000000    104056.881077    98959.000000    100000000.000000
  2539.000000    24.022609    4262.000000    102384.360840    97375.000000    100000000.000000
  2539.500000    24.295346    4298.000000    104421.395697    99081.000000    100000000.000000
  2539.999000    24.216986    4148.000000    100452.058008    95595.000000    100000000.000000
  2540.500000    24.276770    4107.000000    99704.693930    95032.000000    100000000.000000
  2541.000000    24.334995    4142.000000    100795.550390    95981.000000    100000000.000000
  2541.500000    24.290227    4040.000000    98132.515147    93636.000000    100000000.000000
  2542.000000    24.545032    4010.000000    98425.576835    93851.000000    100000000.000000
  2542.500000    24.611753    4012.000000    98742.352228    94160.000000    100000000.000000
  2542.999000    24.505696    3884.000000    95180.122473    90999.000000    100000000.000000
  2543.500000    24.413229    3790.000000    92526.137752    88497.000000    100000000.000000
  2544.000000    24.590101    3753.000000    92286.648989    88225.000000    100000000.000000
  2544.501000    24.557121    3720.000000    91352.490240    87393.000000    100000000.000000
  2544.999000    24.522666    3515.000000    86197.169406    82713.000000    100000000.000000
  2545.501000    24.796366    3495.000000    86663.300494    83171.000000    100000000.000000
  2546.000000    24.723455    3464.000000    85642.048580    82137.000000    100000000.000000
  2546.500000    24.755665    3334.000000    82535.386352    79184.000000    100000000.000000
  2547.000000    24.912586    3358.000000    83656.463138    80365.000000    100000000.000000
  2547.500000    25.092810    3440.000000    86319.267487    82896.000000    100000000.000000
  2548.000000    25.084683    3316.000000    83180.807870    79970.000000    100000000.000000
  2548.501000    25.360262    3312.000000    83993.189257    80679.000000    100000000.000000
  2549.000000    25.525870    3456.000000    88217.406364    84673.000000    100000000.000000
  2549.500000    25.602530    3466.000000    88738.370591    85097.000000    100000000.000000
