# From file /cars5/Data/xas_user/2013.3/Fister/s_xanes_elemental_sulfur.002
# Time : Wed Oct 16 16:23:32 2013
# Energy: 13IDE:En:Energy.VAL
#---------------------------------
#   energy     mufluor    i0    fluor_corr   fluor_raw  time
  2450.000000    0.029790    230463.000000    6865.457264    6737.000000    100000000.000000
  2451.001000    0.029424    229889.000000    6764.293174    6657.000000    100000000.000000
  2452.000000    0.029786    228942.000000    6819.323629    6735.000000    100000000.000000
  2453.000000    0.030354    230673.000000    7001.937036    6914.000000    100000000.000000
  2454.000000    0.030570    228335.000000    6980.210432    6880.000000    100000000.000000
  2455.000000    0.030619    227574.000000    6968.152880    6841.000000    100000000.000000
  2456.000000    0.029771    226127.000000    6732.033135    6648.000000    100000000.000000
  2456.999000    0.030247    224213.000000    6781.717653    6671.000000    100000000.000000
  2458.000000    0.030137    221694.000000    6681.201948    6554.000000    100000000.000000
  2459.001000    0.030272    223196.000000    6756.587665    6665.000000    100000000.000000
  2460.000000    0.031859    222769.000000    7097.205122    7007.000000    100000000.000000
  2460.999000    0.031425    219257.000000    6890.088689    6766.000000    100000000.000000
  2462.000000    0.032173    221279.000000    7119.211453    7031.000000    100000000.000000
  2463.000000    0.032996    219236.000000    7233.828094    7143.000000    100000000.000000
  2464.000000    0.033822    215916.000000    7302.793813    7196.000000    100000000.000000
  2465.001000    0.036513    218450.000000    7976.255925    7818.000000    100000000.000000
  2466.000000    0.039125    216574.000000    8473.438380    8330.000000    100000000.000000
  2467.000000    0.043200    215915.000000    9327.565371    9188.000000    100000000.000000
  2467.100000    0.043979    215328.000000    9469.981323    9349.000000    100000000.000000
  2467.201000    0.044386    214931.000000    9539.985978    9414.000000    100000000.000000
  2467.300000    0.044955    215039.000000    9667.085210    9528.000000    100000000.000000
  2467.400000    0.045828    215682.000000    9884.191653    9680.000000    100000000.000000
  2467.500000    0.045682    214940.000000    9818.949803    9652.000000    100000000.000000
  2467.601000    0.047548    214136.000000    10181.667184    10017.000000    100000000.000000
  2467.700000    0.047722    214241.000000    10223.976566    10014.000000    100000000.000000
  2467.800000    0.046998    213946.000000    10055.017774    9920.000000    100000000.000000
  2467.901000    0.049400    213882.000000    10565.710514    10411.000000    100000000.000000
  2468.000000    0.049905    213289.000000    10644.096940    10497.000000    100000000.000000
  2468.100000    0.050246    214955.000000    10800.723264    10617.000000    100000000.000000
  2468.201000    0.051736    215280.000000    11137.776409    10965.000000    100000000.000000
  2468.301000    0.051856    214489.000000    11122.564064    10970.000000    100000000.000000
  2468.399000    0.054343    215920.000000    11733.725103    11559.000000    100000000.000000
  2468.500000    0.055222    214860.000000    11865.035685    11694.000000    100000000.000000
  2468.601000    0.057226    215414.000000    12327.295772    12142.000000    100000000.000000
  2468.701000    0.058842    214466.000000    12619.604517    12444.000000    100000000.000000
  2468.799000    0.058978    214512.000000    12651.411420    12459.000000    100000000.000000
  2468.900000    0.060532    215240.000000    13028.810181    12826.000000    100000000.000000
  2469.000000    0.063292    214393.000000    13569.376307    13372.000000    100000000.000000
  2469.100000    0.064272    215049.000000    13821.555204    13568.000000    100000000.000000
  2469.200000    0.066491    215847.000000    14351.830905    14101.000000    100000000.000000
  2469.301000    0.069222    215028.000000    14884.626679    14625.000000    100000000.000000
  2469.400000    0.070853    215620.000000    15277.266983    15004.000000    100000000.000000
  2469.500000    0.072890    214586.000000    15641.128762    15372.000000    100000000.000000
  2469.601000    0.076367    214917.000000    16412.520279    16120.000000    100000000.000000
  2469.701000    0.079204    213237.000000    16889.253629    16537.000000    100000000.000000
  2469.800000    0.080917    215754.000000    17458.238690    17174.000000    100000000.000000
  2469.899000    0.084844    216040.000000    18329.621461    17971.000000    100000000.000000
  2470.000000    0.088198    214588.000000    18926.170958    18561.000000    100000000.000000
  2470.100000    0.092750    215838.000000    20018.988349    19623.000000    100000000.000000
  2470.201000    0.095679    215764.000000    20643.994134    20191.000000    100000000.000000
  2470.300000    0.100444    215410.000000    21636.648383    21156.000000    100000000.000000
  2470.400000    0.105461    215386.000000    22714.862711    22232.000000    100000000.000000
  2470.501000    0.110666    215513.000000    23850.062592    23377.000000    100000000.000000
  2470.601000    0.114988    215266.000000    24753.024629    24219.000000    100000000.000000
  2470.701000    0.117654    214847.000000    25277.547592    24779.000000    100000000.000000
  2470.800000    0.121227    214852.000000    26045.769495    25431.000000    100000000.000000
  2470.900000    0.124769    215759.000000    26919.998752    26278.000000    100000000.000000
  2471.000000    0.130124    216055.000000    28113.892487    27455.000000    100000000.000000
  2471.100000    0.131144    215336.000000    28240.088078    27549.000000    100000000.000000
  2471.200000    0.133466    215475.000000    28758.563498    28036.000000    100000000.000000
  2471.300000    0.135948    214613.000000    29176.204571    28405.000000    100000000.000000
  2471.400000    0.135928    216565.000000    29437.218081    28710.000000    100000000.000000
  2471.501000    0.137011    216075.000000    29604.717185    28871.000000    100000000.000000
  2471.600000    0.137265    215153.000000    29532.920352    28758.000000    100000000.000000
  2471.701000    0.138180    215609.000000    29792.757430    29029.000000    100000000.000000
  2471.800000    0.137704    215766.000000    29711.930988    28891.000000    100000000.000000
  2471.900000    0.137999    215768.000000    29775.851942    28933.000000    100000000.000000
  2472.000000    0.135670    216033.000000    29309.212076    28575.000000    100000000.000000
  2472.101000    0.138039    215377.000000    29730.432707    28938.000000    100000000.000000
  2472.200000    0.135419    215338.000000    29160.869398    28398.000000    100000000.000000
  2472.301000    0.134587    215043.000000    28941.897662    28167.000000    100000000.000000
  2472.400000    0.134003    216078.000000    28955.016616    28257.000000    100000000.000000
  2472.500000    0.134189    216203.000000    29012.059079    28259.000000    100000000.000000
  2472.600000    0.132556    214827.000000    28476.505289    27777.000000    100000000.000000
  2472.701000    0.132634    214979.000000    28513.605002    27827.000000    100000000.000000
  2472.800000    0.132162    215027.000000    28418.316063    27707.000000    100000000.000000
  2472.900000    0.130585    215130.000000    28092.665562    27389.000000    100000000.000000
  2473.000000    0.132521    215630.000000    28575.516224    27835.000000    100000000.000000
  2473.100000    0.129124    214996.000000    27761.230205    27087.000000    100000000.000000
  2473.200000    0.129279    214504.000000    27730.844553    27051.000000    100000000.000000
  2473.300000    0.128262    214473.000000    27508.805521    26841.000000    100000000.000000
  2473.401000    0.127780    214414.000000    27397.805514    26739.000000    100000000.000000
  2473.500000    0.126727    214597.000000    27195.312459    26537.000000    100000000.000000
  2473.600000    0.125367    214043.000000    26833.879275    26165.000000    100000000.000000
  2473.700000    0.124526    213237.000000    26553.488076    25908.000000    100000000.000000
  2473.801000    0.123204    214791.000000    26463.176433    25813.000000    100000000.000000
  2473.900000    0.124318    213745.000000    26572.441530    25930.000000    100000000.000000
  2474.000000    0.122206    213851.000000    26133.973000    25585.000000    100000000.000000
  2474.100000    0.120147    214590.000000    25782.436898    25254.000000    100000000.000000
  2474.200000    0.118974    213179.000000    25362.823486    24776.000000    100000000.000000
  2474.300000    0.116999    214061.000000    25044.917055    24467.000000    100000000.000000
  2474.401000    0.115556    213194.000000    24635.747188    24062.000000    100000000.000000
  2474.501000    0.116012    214895.000000    24930.483825    24364.000000    100000000.000000
  2474.600000    0.116567    214254.000000    24975.051547    24415.000000    100000000.000000
  2474.700000    0.114142    215157.000000    24558.412705    24023.000000    100000000.000000
  2474.801000    0.113215    213815.000000    24207.016531    23651.000000    100000000.000000
  2474.900000    0.112608    214995.000000    24210.098419    23705.000000    100000000.000000
  2474.999000    0.112850    214365.000000    24191.021957    23641.000000    100000000.000000
  2475.100000    0.110432    214272.000000    23662.420099    23191.000000    100000000.000000
  2475.200000    0.110541    213492.000000    23599.515692    23105.000000    100000000.000000
  2475.300000    0.109875    214383.000000    23555.309646    23070.000000    100000000.000000
  2475.400000    0.108522    214376.000000    23264.409622    22774.000000    100000000.000000
  2475.500000    0.106006    214096.000000    22695.455158    22190.000000    100000000.000000
  2475.600000    0.107294    214622.000000    23027.546097    22548.000000    100000000.000000
  2475.700000    0.106846    214446.000000    22912.624980    22445.000000    100000000.000000
  2475.800000    0.104691    213387.000000    22339.634819    21881.000000    100000000.000000
  2475.900000    0.104997    213779.000000    22446.136892    21977.000000    100000000.000000
  2476.000000    0.105045    210871.000000    22150.953803    21720.000000    100000000.000000
  2476.100000    0.105132    212010.000000    22289.128766    21809.000000    100000000.000000
  2476.201000    0.106332    213728.000000    22726.173627    22219.000000    100000000.000000
  2476.300000    0.106354    213170.000000    22671.552495    22134.000000    100000000.000000
  2476.401000    0.107943    213713.000000    23068.820931    22586.000000    100000000.000000
  2476.501000    0.109211    212774.000000    23237.208561    22745.000000    100000000.000000
  2476.600000    0.109701    211949.000000    23251.012393    22784.000000    100000000.000000
  2476.700000    0.111321    212126.000000    23614.140722    23131.000000    100000000.000000
  2476.800000    0.112269    206004.000000    23127.842020    22624.000000    100000000.000000
  2476.900000    0.113208    215888.000000    24440.224758    23915.000000    100000000.000000
  2477.000000    0.113875    214454.000000    24420.881659    23885.000000    100000000.000000
  2477.100000    0.114658    212881.000000    24408.422152    23864.000000    100000000.000000
  2477.200000    0.116028    213587.000000    24782.146568    24195.000000    100000000.000000
  2477.300000    0.117361    212663.000000    24958.276102    24376.000000    100000000.000000
  2477.400000    0.119518    210841.000000    25199.250187    24636.000000    100000000.000000
  2477.500000    0.119632    176227.000000    21082.446248    20648.000000    100000000.000000
  2477.600000    0.119863    218275.000000    26163.151841    25535.000000    100000000.000000
  2477.700000    0.119231    214593.000000    25586.050695    24991.000000    100000000.000000
  2477.800000    0.120275    214250.000000    25768.847499    25214.000000    100000000.000000
  2477.900000    0.121613    214689.000000    26109.017184    25471.000000    100000000.000000
  2478.000000    0.121412    213330.000000    25900.857515    25310.000000    100000000.000000
  2478.101000    0.122795    212999.000000    26155.124597    25538.000000    100000000.000000
  2478.200000    0.123075    212051.000000    26098.073926    25540.000000    100000000.000000
  2478.300000    0.123301    214887.000000    26495.817268    25889.000000    100000000.000000
  2478.400000    0.123810    215087.000000    26629.847294    26086.000000    100000000.000000
  2478.501000    0.122417    213785.000000    26171.016624    25569.000000    100000000.000000
  2478.600000    0.122414    213609.000000    26148.709677    25591.000000    100000000.000000
  2478.700000    0.124864    212839.000000    26575.922764    25990.000000    100000000.000000
  2478.801000    0.123314    213687.000000    26350.511195    25701.000000    100000000.000000
  2478.900000    0.122819    213387.000000    26207.937773    25642.000000    100000000.000000
  2479.002000    0.124330    214021.000000    26609.188077    26000.000000    100000000.000000
  2479.099000    0.122768    213544.000000    26216.362582    25581.000000    100000000.000000
  2479.200000    0.124100    213046.000000    26438.936289    25812.000000    100000000.000000
  2479.301000    0.122930    212926.000000    26175.055463    25598.000000    100000000.000000
  2479.400000    0.122196    213174.000000    26048.987003    25446.000000    100000000.000000
  2479.500000    0.123652    212104.000000    26227.132426    25621.000000    100000000.000000
  2479.601000    0.123556    213409.000000    26367.965337    25752.000000    100000000.000000
  2479.700000    0.124326    213156.000000    26500.757829    25940.000000    100000000.000000
  2479.800000    0.123869    212360.000000    26304.875993    25630.000000    100000000.000000
  2479.900000    0.122048    213136.000000    26012.724094    25451.000000    100000000.000000
  2480.000000    0.122473    212152.000000    25982.872047    25396.000000    100000000.000000
  2480.100000    0.122479    212644.000000    26044.465100    25432.000000    100000000.000000
  2480.200000    0.122707    212189.000000    26037.046042    25432.000000    100000000.000000
  2480.300000    0.123134    211488.000000    26041.265291    25447.000000    100000000.000000
  2480.400000    0.122203    212762.000000    26000.152385    25373.000000    100000000.000000
  2480.500000    0.122590    212359.000000    26033.053575    25418.000000    100000000.000000
  2480.600000    0.120951    212254.000000    25672.389103    25075.000000    100000000.000000
  2480.700000    0.120688    211948.000000    25579.489299    25030.000000    100000000.000000
  2480.801000    0.121013    212144.000000    25672.078183    25098.000000    100000000.000000
  2480.900000    0.119353    212326.000000    25341.751382    24810.000000    100000000.000000
  2481.000000    0.120798    210835.000000    25468.451558    24962.000000    100000000.000000
  2481.100000    0.120896    210591.000000    25459.600601    24883.000000    100000000.000000
  2481.200000    0.119536    212679.000000    25422.823982    24834.000000    100000000.000000
  2481.300000    0.119779    212921.000000    25503.401706    24942.000000    100000000.000000
  2481.400000    0.119047    212912.000000    25346.575116    24752.000000    100000000.000000
  2481.500000    0.119093    212748.000000    25336.843470    24779.000000    100000000.000000
  2481.600000    0.119202    212601.000000    25342.489017    24795.000000    100000000.000000
  2481.701000    0.117258    212002.000000    24858.942048    24289.000000    100000000.000000
  2481.800000    0.118860    212147.000000    25215.698764    24672.000000    100000000.000000
  2481.900000    0.117856    212330.000000    25024.396181    24482.000000    100000000.000000
  2482.000000    0.118666    212142.000000    25173.990811    24594.000000    100000000.000000
  2482.100000    0.119290    211011.000000    25171.538599    24639.000000    100000000.000000
  2482.200000    0.118420    211181.000000    25008.041061    24463.000000    100000000.000000
  2482.300000    0.118004    212044.000000    25022.139610    24479.000000    100000000.000000
  2482.400000    0.116763    211760.000000    24725.747774    24180.000000    100000000.000000
  2482.501000    0.118460    211959.000000    25108.762300    24545.000000    100000000.000000
  2482.600000    0.118085    210672.000000    24877.233855    24362.000000    100000000.000000
  2482.701000    0.118444    211916.000000    25100.284574    24545.000000    100000000.000000
  2482.801000    0.117903    210854.000000    24860.384886    24281.000000    100000000.000000
  2482.900000    0.117283    210874.000000    24732.037563    24230.000000    100000000.000000
  2483.000000    0.119958    211339.000000    25351.804171    24759.000000    100000000.000000
  2483.100000    0.118790    210477.000000    25002.659455    24443.000000    100000000.000000
  2483.200000    0.120380    211734.000000    25488.579652    24872.000000    100000000.000000
  2483.300000    0.116492    210222.000000    24489.237989    23957.000000    100000000.000000
  2483.400000    0.120886    211571.000000    25575.896549    24983.000000    100000000.000000
  2483.500000    0.118604    210714.000000    24991.511971    24477.000000    100000000.000000
  2483.601000    0.119020    211649.000000    25190.400305    24641.000000    100000000.000000
  2483.699000    0.118821    211667.000000    25150.563933    24576.000000    100000000.000000
  2483.801000    0.119782    210974.000000    25270.920952    24698.000000    100000000.000000
  2483.900000    0.118200    210578.000000    24890.231696    24369.000000    100000000.000000
  2484.000000    0.121288    210477.000000    25528.250048    24959.000000    100000000.000000
  2484.100000    0.120446    210925.000000    25405.175165    24891.000000    100000000.000000
  2484.200000    0.121444    210872.000000    25609.155440    25054.000000    100000000.000000
  2484.300000    0.119559    210828.000000    25206.474880    24627.000000    100000000.000000
  2484.401000    0.119938    211662.000000    25386.309145    24797.000000    100000000.000000
  2484.500000    0.121027    210377.000000    25461.401054    24887.000000    100000000.000000
  2484.600000    0.121470    211026.000000    25633.277600    25067.000000    100000000.000000
  2484.700000    0.120832    209925.000000    25365.651585    24837.000000    100000000.000000
  2484.800000    0.120575    211440.000000    25494.451896    24910.000000    100000000.000000
  2484.900000    0.121145    209847.000000    25421.974556    24856.000000    100000000.000000
  2485.000000    0.120811    210942.000000    25484.074220    24940.000000    100000000.000000
  2485.500000    0.121652    210285.000000    25581.642877    25033.000000    100000000.000000
  2486.000000    0.121295    209460.000000    25406.382152    24829.000000    100000000.000000
  2486.500000    0.120897    209841.000000    25369.241705    24786.000000    100000000.000000
  2487.000000    0.120302    207534.000000    24966.827053    24380.000000    100000000.000000
  2487.500000    0.122560    209273.000000    25648.555879    25020.000000    100000000.000000
  2488.000000    0.122039    209484.000000    25565.218522    24991.000000    100000000.000000
  2488.500000    0.122306    208503.000000    25501.188779    24906.000000    100000000.000000
  2488.999000    0.122161    209080.000000    25541.500880    24985.000000    100000000.000000
  2489.500000    0.124003    208408.000000    25843.305638    25271.000000    100000000.000000
  2490.001000    0.123164    209374.000000    25787.264822    25215.000000    100000000.000000
  2490.501000    0.122070    210949.000000    25750.641168    25218.000000    100000000.000000
  2491.000000    0.121969    209830.000000    25592.727888    24979.000000    100000000.000000
  2491.500000    0.122165    208745.000000    25501.330584    24873.000000    100000000.000000
  2492.000000    0.122525    210924.000000    25843.466959    25285.000000    100000000.000000
  2492.499000    0.121406    212049.000000    25743.980096    25148.000000    100000000.000000
  2493.001000    0.121069    212691.000000    25750.375556    25189.000000    100000000.000000
  2493.500000    0.121035    211789.000000    25633.827976    25127.000000    100000000.000000
  2494.000000    0.121650    214259.000000    26064.506123    25471.000000    100000000.000000
  2494.500000    0.121723    212962.000000    25922.285153    25342.000000    100000000.000000
  2495.000000    0.119729    212377.000000    25427.675769    24883.000000    100000000.000000
  2495.500000    0.121262    217176.000000    26335.257324    25740.000000    100000000.000000
  2496.000000    0.121220    215806.000000    26159.923636    25583.000000    100000000.000000
  2496.501000    0.122933    218346.000000    26842.031098    26226.000000    100000000.000000
  2497.000000    0.121899    219714.000000    26782.851853    26123.000000    100000000.000000
  2497.500000    0.121588    220903.000000    26859.162078    26168.000000    100000000.000000
  2498.000000    0.123192    222909.000000    27460.713860    26793.000000    100000000.000000
  2498.499000    0.121307    223088.000000    27062.141650    26435.000000    100000000.000000
  2499.000000    0.124703    224192.000000    27957.496384    27278.000000    100000000.000000
  2499.500000    0.121216    224422.000000    27203.463187    26546.000000    100000000.000000
  2500.000000    0.121323    223939.000000    27168.971286    26548.000000    100000000.000000
  2500.500000    0.120862    223880.000000    27058.576523    26470.000000    100000000.000000
  2501.001000    0.121427    227510.000000    27625.905514    26995.000000    100000000.000000
  2501.500000    0.121881    226417.000000    27595.936743    26996.000000    100000000.000000
  2502.000000    0.124215    227419.000000    28248.953156    27563.000000    100000000.000000
  2502.501000    0.124105    226998.000000    28171.649438    27525.000000    100000000.000000
  2503.000000    0.123817    227793.000000    28204.649301    27503.000000    100000000.000000
  2503.500000    0.123478    227443.000000    28084.159235    27435.000000    100000000.000000
  2504.000000    0.123031    227062.000000    27935.740118    27238.000000    100000000.000000
  2504.499000    0.123010    227824.000000    28024.556493    27375.000000    100000000.000000
  2505.001000    0.123529    228573.000000    28235.451248    27511.000000    100000000.000000
  2505.500000    0.124079    228937.000000    28406.240489    27681.000000    100000000.000000
  2506.000000    0.124057    228448.000000    28340.671800    27654.000000    100000000.000000
  2506.500000    0.123687    228973.000000    28320.931320    27613.000000    100000000.000000
  2507.000000    0.124829    229969.000000    28706.910700    28011.000000    100000000.000000
  2507.500000    0.124886    229011.000000    28600.169109    27864.000000    100000000.000000
  2508.000000    0.123588    229505.000000    28364.039998    27699.000000    100000000.000000
  2508.500000    0.124553    230648.000000    28727.819434    28031.000000    100000000.000000
  2509.000000    0.127197    231004.000000    29382.911175    28667.000000    100000000.000000
  2509.500000    0.125050    231041.000000    28891.701146    28162.000000    100000000.000000
  2510.000000    0.125474    232465.000000    29168.257984    28484.000000    100000000.000000
  2510.501000    0.125643    232521.000000    29214.711817    28498.000000    100000000.000000
  2511.001000    0.125014    232823.000000    29106.098405    28397.000000    100000000.000000
  2511.500000    0.125966    232921.000000    29340.082444    28593.000000    100000000.000000
  2512.000000    0.126927    232187.000000    29470.737833    28733.000000    100000000.000000
  2512.500000    0.127358    232916.000000    29663.698999    28929.000000    100000000.000000
  2513.001000    0.127603    231899.000000    29590.968868    28826.000000    100000000.000000
  2513.500000    0.126195    233177.000000    29425.818513    28720.000000    100000000.000000
  2514.000000    0.127080    233562.000000    29681.135007    28909.000000    100000000.000000
  2514.500000    0.124836    233653.000000    29168.301552    28417.000000    100000000.000000
  2515.000000    0.125603    234351.000000    29435.250838    28680.000000    100000000.000000
  2515.500000    0.125827    233605.000000    29393.878911    28650.000000    100000000.000000
  2516.000000    0.126503    233414.000000    29527.550123    28769.000000    100000000.000000
  2516.501000    0.126476    234479.000000    29655.925975    28885.000000    100000000.000000
  2517.000000    0.127438    234301.000000    29858.909853    29148.000000    100000000.000000
  2517.500000    0.126324    237310.000000    29977.978457    29212.000000    100000000.000000
  2518.000000    0.126167    236425.000000    29828.979348    29037.000000    100000000.000000
  2518.500000    0.128003    237986.000000    30462.817121    29670.000000    100000000.000000
  2519.000000    0.127594    239297.000000    30532.816394    29764.000000    100000000.000000
  2519.501000    0.127821    238830.000000    30527.488500    29682.000000    100000000.000000
