# From file /cars5/Data/xas_user/2013.2/Langman/s_xanes_cobaltite.002
# Time : Mon Jul 29 20:21:08 2013
# Energy: 13IDE:En:Energy.VAL
#---------------------------------
#   energy     mufluor    i0    fluor_corr   fluor_raw  time
  2450.000000    0.086026    306258.000000    26346.015162    17828.000000    100000000.000000
  2451.001000    0.088750    308904.000000    27415.306479    18433.000000    100000000.000000
  2452.001000    0.088233    311292.000000    27466.295687    18363.000000    100000000.000000
  2453.000000    0.086873    315802.000000    27434.737074    18510.000000    100000000.000000
  2453.999000    0.085910    320450.000000    27529.886711    18478.000000    100000000.000000
  2455.000000    0.085437    323412.000000    27631.368329    18503.000000    100000000.000000
  2456.000000    0.084666    325637.000000    27570.332239    18493.000000    100000000.000000
  2457.000000    0.084025    328829.000000    27629.820062    18521.000000    100000000.000000
  2458.000000    0.083995    331572.000000    27850.341121    18660.000000    100000000.000000
  2459.000000    0.084610    335717.000000    28404.957757    19057.000000    100000000.000000
  2460.000000    0.084559    335370.000000    28358.707647    19014.000000    100000000.000000
  2461.000000    0.082759    337586.000000    27938.229011    18784.000000    100000000.000000
  2462.000000    0.081354    339050.000000    27583.136354    18650.000000    100000000.000000
  2463.000000    0.081928    342811.000000    28085.668816    19048.000000    100000000.000000
  2463.999000    0.081367    345723.000000    28130.273491    19149.000000    100000000.000000
  2465.000000    0.084072    345931.000000    29083.140638    19778.000000    100000000.000000
  2466.000000    0.086622    347555.000000    30105.804013    20453.000000    100000000.000000
  2467.000000    0.088013    349730.000000    30780.899099    20985.000000    100000000.000000
  2468.000000    0.097111    353429.000000    34321.775139    23425.000000    100000000.000000
  2468.200000    0.102217    355074.000000    36294.716600    24723.000000    100000000.000000
  2468.401000    0.108733    356401.000000    38752.422043    26363.000000    100000000.000000
  2468.601000    0.116789    356918.000000    41684.114601    28355.000000    100000000.000000
  2468.800000    0.129200    358835.000000    46361.391969    31457.000000    100000000.000000
  2469.000000    0.144359    359793.000000    51939.376636    35027.000000    100000000.000000
  2469.199000    0.170326    359860.000000    61293.653047    41253.000000    100000000.000000
  2469.401000    0.213281    360446.000000    76876.412791    51542.000000    100000000.000000
  2469.599000    0.280932    361035.000000    101426.248340    67303.000000    100000000.000000
  2469.799000    0.353134    361580.000000    127686.357674    84019.000000    100000000.000000
  2470.000000    0.405990    363008.000000    147377.518090    96163.000000    100000000.000000
  2470.201000    0.434418    363826.000000    158052.530911    103125.000000    100000000.000000
  2470.400000    0.442156    364542.000000    161184.413119    105119.000000    100000000.000000
  2470.601000    0.438882    362503.000000    159096.087812    103383.000000    100000000.000000
  2470.801000    0.435169    361805.000000    157446.312080    102670.000000    100000000.000000
  2471.000000    0.426804    363686.000000    155222.788332    100260.000000    100000000.000000
  2471.200000    0.418570    365024.000000    152788.011590    99693.000000    100000000.000000
  2471.400000    0.413576    366518.000000    151583.052145    98718.000000    100000000.000000
  2471.600000    0.407567    367362.000000    149724.623670    97745.000000    100000000.000000
  2471.800000    0.408373    367165.000000    149940.159706    97935.000000    100000000.000000
  2472.000000    0.406619    366772.000000    149136.280944    97790.000000    100000000.000000
  2472.201000    0.403996    367848.000000    148609.048496    97813.000000    100000000.000000
  2472.399000    0.392119    367380.000000    144056.682286    95677.000000    100000000.000000
  2472.601000    0.372088    370465.000000    137845.642212    90107.000000    100000000.000000
  2472.801000    0.346323    370347.000000    128259.672696    84411.000000    100000000.000000
  2473.000000    0.318572    369792.000000    117805.533289    78012.000000    100000000.000000
  2473.200000    0.296603    369599.000000    109624.230834    73393.000000    100000000.000000
  2473.400000    0.277265    369576.000000    102470.587615    68888.000000    100000000.000000
  2473.601000    0.258865    369866.000000    95745.415365    64404.000000    100000000.000000
  2473.800000    0.242115    369980.000000    89577.616131    60036.000000    100000000.000000
  2474.000000    0.226025    371210.000000    83902.740752    56763.000000    100000000.000000
  2474.200000    0.210687    371213.000000    78209.802665    52740.000000    100000000.000000
  2474.399000    0.197879    371170.000000    73446.669300    49875.000000    100000000.000000
  2474.599000    0.190603    370264.000000    70573.543947    47878.000000    100000000.000000
  2474.801000    0.188050    371290.000000    69821.101131    47319.000000    100000000.000000
  2474.999000    0.187990    372249.000000    69979.155776    47430.000000    100000000.000000
  2475.200000    0.198755    372416.000000    74019.358880    50099.000000    100000000.000000
  2475.400000    0.212393    373761.000000    79384.146109    53779.000000    100000000.000000
  2475.601000    0.234174    373187.000000    87390.573942    59120.000000    100000000.000000
  2475.801000    0.252576    373065.000000    94227.203440    63280.000000    100000000.000000
  2476.000000    0.268146    373591.000000    100176.815161    67150.000000    100000000.000000
  2476.201000    0.280262    373402.000000    104650.355856    69831.000000    100000000.000000
  2476.399000    0.290411    374209.000000    108674.278278    72516.000000    100000000.000000
  2476.599000    0.295616    374379.000000    110672.452254    73893.000000    100000000.000000
  2476.800000    0.300440    375153.000000    112710.852460    75172.000000    100000000.000000
  2477.001000    0.301380    375065.000000    113036.946323    75695.000000    100000000.000000
  2477.199000    0.307092    374585.000000    115032.025722    76568.000000    100000000.000000
  2477.400000    0.311045    374237.000000    116404.393201    77682.000000    100000000.000000
  2477.600000    0.313855    374535.000000    117549.846484    77709.000000    100000000.000000
  2477.801000    0.317198    374912.000000    118921.396475    78694.000000    100000000.000000
  2478.000000    0.318989    375275.000000    119708.746797    79167.000000    100000000.000000
  2478.198000    0.323717    375634.000000    121599.126201    80516.000000    100000000.000000
  2478.402000    0.327422    375006.000000    122785.047601    81178.000000    100000000.000000
  2478.599000    0.324662    374428.000000    121562.387541    80374.000000    100000000.000000
  2478.800000    0.324377    373961.000000    121304.522927    80066.000000    100000000.000000
  2479.000000    0.322962    373689.000000    120687.197864    79502.000000    100000000.000000
  2479.200000    0.321400    372772.000000    119808.898302    78976.000000    100000000.000000
  2479.399000    0.318378    373896.000000    119040.163089    78642.000000    100000000.000000
  2479.600000    0.313594    372485.000000    116809.045234    77106.000000    100000000.000000
  2479.800000    0.312170    371183.000000    115872.119673    76562.000000    100000000.000000
  2480.000000    0.311694    370406.000000    115453.302583    76590.000000    100000000.000000
  2480.201000    0.309305    371172.000000    114805.433790    76087.000000    100000000.000000
  2480.399000    0.310959    371743.000000    115596.934320    76341.000000    100000000.000000
  2480.599000    0.310061    372672.000000    115551.229286    76547.000000    100000000.000000
  2480.800000    0.314430    372402.000000    117094.488947    77041.000000    100000000.000000
  2481.000000    0.320854    371559.000000    119216.335723    78691.000000    100000000.000000
  2481.201000    0.320965    375255.000000    120443.838229    79551.000000    100000000.000000
  2481.400000    0.323258    368729.000000    119194.549154    82353.000000    100000000.000000
  2481.601000    0.323731    377128.000000    122088.057274    79902.000000    100000000.000000
  2481.801000    0.323381    375660.000000    121481.374908    79878.000000    100000000.000000
  2482.000000    0.322753    375292.000000    121126.545437    79929.000000    100000000.000000
  2482.199000    0.320705    375234.000000    120339.402552    79955.000000    100000000.000000
  2482.400000    0.317970    375644.000000    119443.363357    78932.000000    100000000.000000
  2482.601000    0.316047    374869.000000    118476.235592    78743.000000    100000000.000000
  2482.800000    0.315399    374951.000000    118259.179490    78830.000000    100000000.000000
  2483.000000    0.317017    373953.000000    118549.320312    78632.000000    100000000.000000
  2483.200000    0.316102    374047.000000    118237.062215    78017.000000    100000000.000000
  2483.401000    0.314633    371438.000000    116866.622819    77957.000000    100000000.000000
  2483.600000    0.314626    369168.000000    116149.984690    77359.000000    100000000.000000
  2483.800000    0.317348    368995.000000    117099.784339    78317.000000    100000000.000000
  2484.001000    0.317505    366284.000000    116296.929205    77634.000000    100000000.000000
  2484.200000    0.316250    364360.000000    115228.781200    77487.000000    100000000.000000
  2484.399000    0.318798    363070.000000    115746.084391    77862.000000    100000000.000000
  2484.601000    0.318240    359817.000000    114508.117851    76714.000000    100000000.000000
  2484.801000    0.317420    358219.000000    113705.817590    76649.000000    100000000.000000
  2485.000000    0.318688    355905.000000    113422.532989    76321.000000    100000000.000000
  2485.200000    0.317713    353035.000000    112163.859284    75840.000000    100000000.000000
  2485.399000    0.320468    350129.000000    112205.270978    75925.000000    100000000.000000
  2485.601000    0.317434    348320.000000    110568.533943    75358.000000    100000000.000000
  2485.801000    0.318684    344249.000000    109706.677352    74704.000000    100000000.000000
  2486.000000    0.318111    343098.000000    109143.324753    74402.000000    100000000.000000
  2486.200000    0.316065    340284.000000    107551.798313    73583.000000    100000000.000000
  2486.402000    0.316452    336188.000000    106387.235617    73046.000000    100000000.000000
  2486.599000    0.312154    335069.000000    104593.288587    71916.000000    100000000.000000
  2486.800000    0.313971    333177.000000    104608.032558    71966.000000    100000000.000000
  2487.000000    0.313517    331083.000000    103800.240198    72087.000000    100000000.000000
  2487.200000    0.312434    327745.000000    102398.739163    71124.000000    100000000.000000
  2487.399000    0.311887    326759.000000    101911.972481    70613.000000    100000000.000000
  2487.600000    0.309327    325058.000000    100549.290518    70173.000000    100000000.000000
  2487.800000    0.310457    320807.000000    99596.672731    69590.000000    100000000.000000
  2487.999000    0.310006    318403.000000    98706.799081    69142.000000    100000000.000000
  2488.200000    0.307926    318870.000000    98188.515588    68737.000000    100000000.000000
  2488.400000    0.305957    315377.000000    96491.788402    67799.000000    100000000.000000
  2488.600000    0.310608    313234.000000    97292.945351    68647.000000    100000000.000000
  2488.799000    0.307185    311357.000000    95644.063831    67783.000000    100000000.000000
  2489.000000    0.306973    308430.000000    94679.582748    67241.000000    100000000.000000
  2489.201000    0.305862    308916.000000    94485.664930    67189.000000    100000000.000000
  2489.400000    0.309076    307407.000000    95012.081272    67950.000000    100000000.000000
  2489.600000    0.306044    304667.000000    93241.458041    66654.000000    100000000.000000
  2489.801000    0.306984    301467.000000    92545.693931    66358.000000    100000000.000000
  2490.000000    0.304271    299786.000000    91216.220124    65608.000000    100000000.000000
  2490.201000    0.305771    296883.000000    90778.071870    65491.000000    100000000.000000
  2490.401000    0.302823    295180.000000    89387.421761    64598.000000    100000000.000000
  2490.601000    0.304328    292898.000000    89137.149799    63899.000000    100000000.000000
  2490.801000    0.303130    290848.000000    88164.634401    63533.000000    100000000.000000
  2491.000000    0.302843    288989.000000    87518.332773    63634.000000    100000000.000000
  2491.201000    0.301760    287562.000000    86774.680808    63346.000000    100000000.000000
  2491.400000    0.302520    286482.000000    86666.593357    63495.000000    100000000.000000
  2491.601000    0.302871    283576.000000    85886.888717    63135.000000    100000000.000000
  2491.800000    0.300601    280849.000000    84423.601658    62286.000000    100000000.000000
  2492.001000    0.303229    279048.000000    84615.570112    62551.000000    100000000.000000
  2492.200000    0.298582    276981.000000    82701.618062    61574.000000    100000000.000000
  2492.401000    0.298034    274461.000000    81798.674737    60779.000000    100000000.000000
  2492.600000    0.299398    271188.000000    81193.146520    60464.000000    100000000.000000
  2492.800000    0.297924    271957.000000    81022.458159    60305.000000    100000000.000000
  2493.000000    0.296358    267485.000000    79271.259218    59265.000000    100000000.000000
  2493.200000    0.295140    266729.000000    78722.504964    58982.000000    100000000.000000
  2493.400000    0.294248    263121.000000    77422.805408    58320.000000    100000000.000000
  2493.601000    0.292995    263429.000000    77183.279102    58005.000000    100000000.000000
  2493.801000    0.293893    260044.000000    76425.041992    57799.000000    100000000.000000
  2494.000000    0.294160    257681.000000    75799.326750    57527.000000    100000000.000000
  2494.198000    0.292595    256571.000000    75071.372726    56960.000000    100000000.000000
  2494.400000    0.290376    253455.000000    73597.312989    56104.000000    100000000.000000
  2494.600000    0.292060    250593.000000    73188.277605    56038.000000    100000000.000000
  2494.799000    0.291024    248944.000000    72448.738627    55480.000000    100000000.000000
  2495.001000    0.293062    247369.000000    72494.447738    55742.000000    100000000.000000
  2495.201000    0.291918    245456.000000    71653.018187    55179.000000    100000000.000000
  2495.400000    0.290025    241517.000000    70045.960404    54231.000000    100000000.000000
  2495.601000    0.289616    239771.000000    69441.471056    53801.000000    100000000.000000
  2495.801000    0.290222    238205.000000    69132.392928    53627.000000    100000000.000000
  2496.000000    0.290156    236744.000000    68692.603928    53334.000000    100000000.000000
  2496.200000    0.291832    232997.000000    67995.879048    52973.000000    100000000.000000
  2496.400000    0.290535    231572.000000    67279.667708    52533.000000    100000000.000000
  2496.602000    0.290327    230566.000000    66939.440429    52279.000000    100000000.000000
  2496.800000    0.288258    227304.000000    65522.139176    51521.000000    100000000.000000
  2497.001000    0.292005    226243.000000    66064.069209    51969.000000    100000000.000000
  2497.200000    0.292566    223147.000000    65285.281691    51460.000000    100000000.000000
  2497.400000    0.294766    222079.000000    65461.319298    51701.000000    100000000.000000
  2497.600000    0.291939    220168.000000    64275.589500    50871.000000    100000000.000000
  2497.800000    0.293236    217667.000000    63827.769517    50723.000000    100000000.000000
  2498.000000    0.293782    214950.000000    63148.349456    50285.000000    100000000.000000
  2498.200000    0.293120    212836.000000    62386.400088    49790.000000    100000000.000000
  2498.401000    0.295571    211132.000000    62404.489435    49913.000000    100000000.000000
  2498.600000    0.293018    207990.000000    60944.815002    48915.000000    100000000.000000
  2498.801000    0.294676    206113.000000    60736.558038    48856.000000    100000000.000000
  2499.001000    0.294273    203598.000000    59913.340775    48437.000000    100000000.000000
  2499.200000    0.293528    201122.000000    59034.899209    47817.000000    100000000.000000
  2499.401000    0.295878    198412.000000    58705.775821    47650.000000    100000000.000000
  2499.600000    0.294870    197036.000000    58100.070348    47336.000000    100000000.000000
  2499.800000    0.296858    193373.000000    57404.356776    47070.000000    100000000.000000
  2500.000000    0.299054    191878.000000    57381.970300    46992.000000    100000000.000000
  2501.000000    0.294498    398777.000000    117439.049702    79695.000000    100000000.000000
  2501.998000    0.296608    403904.000000    119801.011180    81108.000000    100000000.000000
  2502.999000    0.296698    406322.000000    120554.741818    81261.000000    100000000.000000
  2504.000000    0.298768    408462.000000    122035.349891    82585.000000    100000000.000000
  2505.000000    0.301581    409152.000000    123392.408849    83685.000000    100000000.000000
  2506.001000    0.300955    411767.000000    123923.229388    84203.000000    100000000.000000
  2507.002000    0.299660    411922.000000    123436.423463    83816.000000    100000000.000000
  2508.000000    0.303757    411502.000000    124996.712485    85420.000000    100000000.000000
  2509.000000    0.305879    412182.000000    126077.765897    86109.000000    100000000.000000
  2509.999000    0.305973    412569.000000    126235.065582    86470.000000    100000000.000000
  2511.000000    0.310299    410629.000000    127417.694207    87515.000000    100000000.000000
  2512.000000    0.309758    413803.000000    128178.769592    88196.000000    100000000.000000
  2513.000000    0.311154    413743.000000    128737.665895    89098.000000    100000000.000000
  2514.000000    0.312233    414925.000000    129553.124281    89717.000000    100000000.000000
  2515.000000    0.315122    414841.000000    130725.551454    90743.000000    100000000.000000
  2515.999000    0.312341    415549.000000    129792.934793    90442.000000    100000000.000000
  2517.000000    0.311978    417408.000000    130222.018408    90793.000000    100000000.000000
  2518.000000    0.310448    420229.000000    130459.131099    90826.000000    100000000.000000
  2519.000000    0.312395    417017.000000    130273.979183    90863.000000    100000000.000000
  2520.001000    0.307585    420185.000000    129242.404537    91032.000000    100000000.000000
  2521.001000    0.305259    425746.000000    129962.771577    91454.000000    100000000.000000
  2522.001000    0.302516    428496.000000    129626.820453    91389.000000    100000000.000000
  2523.001000    0.299603    430403.000000    128950.104550    91073.000000    100000000.000000
  2524.000000    0.296230    430991.000000    127672.436366    90624.000000    100000000.000000
  2525.001000    0.293052    432912.000000    126865.789193    90255.000000    100000000.000000
  2526.000000    0.291775    434233.000000    126698.362632    90548.000000    100000000.000000
  2527.000000    0.291783    433354.000000    126445.353179    90188.000000    100000000.000000
  2528.001000    0.291148    433243.000000    126137.852313    90121.000000    100000000.000000
  2529.000000    0.290705    434322.000000    126259.384399    90525.000000    100000000.000000
  2530.001000    0.292424    433570.000000    126786.170860    90563.000000    100000000.000000
  2531.000000    0.290125    431405.000000    125161.263151    89818.000000    100000000.000000
  2532.001000    0.289776    430648.000000    124791.450642    89669.000000    100000000.000000
  2533.001000    0.290071    427902.000000    124122.068252    89216.000000    100000000.000000
  2534.000000    0.289623    424601.000000    122974.258095    88817.000000    100000000.000000
  2535.000000    0.292690    421561.000000    123386.581125    89318.000000    100000000.000000
  2536.001000    0.292685    420454.000000    123060.384169    89178.000000    100000000.000000
  2537.000000    0.293069    419774.000000    123022.625812    89526.000000    100000000.000000
  2538.001000    0.294915    413555.000000    121963.678544    89368.000000    100000000.000000
  2539.000000    0.294376    412430.000000    121409.476720    89112.000000    100000000.000000
  2540.000000    0.296757    411992.000000    122261.485722    89861.000000    100000000.000000
  2541.000000    0.295740    409157.000000    121003.962062    89186.000000    100000000.000000
  2542.000000    0.296373    407334.000000    120722.928779    89532.000000    100000000.000000
  2543.000000    0.297916    412102.000000    122771.831195    90629.000000    100000000.000000
  2544.000000    0.300602    411255.000000    123623.907140    91582.000000    100000000.000000
  2545.000000    0.300651    409636.000000    123157.450623    91634.000000    100000000.000000
  2546.000000    0.302936    407556.000000    123463.289744    92264.000000    100000000.000000
  2547.001000    0.304783    412455.000000    125709.436534    93879.000000    100000000.000000
  2548.000000    0.307115    411993.000000    126529.217721    94614.000000    100000000.000000
  2549.000000    0.308613    417829.000000    128947.569590    96390.000000    100000000.000000
