# From file /cars5/Data/xas_user/2013.2/Langman/s_xanes_jarosite.002
# Time : Mon Jul 29 18:41:37 2013
# Energy: 13IDE:En:Energy.VAL
#---------------------------------
#   energy     mufluor    i0    fluor_corr   fluor_raw  time
  2450.000000    0.059430    311012.000000    18483.516028    8125.000000    100000000.000000
  2451.001000    0.060868    312628.000000    19029.174998    8260.000000    100000000.000000
  2452.000000    0.061962    314796.000000    19505.458730    8362.000000    100000000.000000
  2453.000000    0.060112    319922.000000    19231.141651    8258.000000    100000000.000000
  2454.000000    0.059481    325094.000000    19336.981750    8337.000000    100000000.000000
  2455.001000    0.058813    327825.000000    19280.212150    8311.000000    100000000.000000
  2456.001000    0.058375    329797.000000    19251.778741    8268.000000    100000000.000000
  2457.000000    0.059132    333165.000000    19700.761034    8418.000000    100000000.000000
  2458.000000    0.058102    336532.000000    19553.298220    8344.000000    100000000.000000
  2459.000000    0.058088    339272.000000    19707.716760    8415.000000    100000000.000000
  2460.000000    0.058082    340948.000000    19803.081239    8404.000000    100000000.000000
  2461.000000    0.056612    343175.000000    19427.928069    8307.000000    100000000.000000
  2462.001000    0.057723    344052.000000    19859.566317    8471.000000    100000000.000000
  2463.001000    0.055623    346379.000000    19266.610907    8282.000000    100000000.000000
  2464.000000    0.055931    348105.000000    19469.693374    8374.000000    100000000.000000
  2465.000000    0.055986    348129.000000    19490.473828    8378.000000    100000000.000000
  2466.000000    0.056575    350078.000000    19805.491545    8485.000000    100000000.000000
  2467.000000    0.056721    350488.000000    19880.192818    8524.000000    100000000.000000
  2468.000000    0.054122    354369.000000    19179.215284    8336.000000    100000000.000000
  2468.200000    0.056445    354825.000000    20028.235411    8601.000000    100000000.000000
  2468.401000    0.056273    356507.000000    20061.748641    8571.000000    100000000.000000
  2468.600000    0.055497    357015.000000    19813.350538    8489.000000    100000000.000000
  2468.801000    0.055926    358416.000000    20044.931182    8458.000000    100000000.000000
  2469.000000    0.056691    361031.000000    20467.330101    8661.000000    100000000.000000
  2469.200000    0.056084    362249.000000    20316.209221    8595.000000    100000000.000000
  2469.400000    0.056299    362914.000000    20431.773637    8612.000000    100000000.000000
  2469.600000    0.057424    363407.000000    20868.290588    8742.000000    100000000.000000
  2469.801000    0.057974    365005.000000    21160.633693    8829.000000    100000000.000000
  2470.000000    0.057754    366355.000000    21158.466321    8800.000000    100000000.000000
  2470.200000    0.055741    367306.000000    20473.948756    8562.000000    100000000.000000
  2470.400000    0.058305    368277.000000    21472.502129    8841.000000    100000000.000000
  2470.600000    0.056618    368716.000000    20875.854377    8680.000000    100000000.000000
  2470.800000    0.058069    368932.000000    21423.624455    8959.000000    100000000.000000
  2471.000000    0.059298    371220.000000    22012.654703    8982.000000    100000000.000000
  2471.200000    0.059854    371430.000000    22231.526361    9153.000000    100000000.000000
  2471.400000    0.060746    371493.000000    22566.859400    9248.000000    100000000.000000
  2471.600000    0.060198    372158.000000    22403.190271    9304.000000    100000000.000000
  2471.800000    0.061332    371925.000000    22810.838358    9474.000000    100000000.000000
  2472.000000    0.061392    371875.000000    22830.076810    9533.000000    100000000.000000
  2472.201000    0.063188    371926.000000    23501.382025    9785.000000    100000000.000000
  2472.399000    0.065132    370765.000000    24148.771596    10179.000000    100000000.000000
  2472.601000    0.066235    374211.000000    24785.955604    10104.000000    100000000.000000
  2472.801000    0.064617    374010.000000    24167.425953    10000.000000    100000000.000000
  2472.999000    0.066100    374115.000000    24728.918201    10242.000000    100000000.000000
  2473.200000    0.064771    373726.000000    24206.632369    10112.000000    100000000.000000
  2473.400000    0.066387    373601.000000    24802.282256    10282.000000    100000000.000000
  2473.600000    0.068002    374329.000000    25455.304349    10634.000000    100000000.000000
  2473.800000    0.065662    375072.000000    24628.115666    10244.000000    100000000.000000
  2474.000000    0.067439    375961.000000    25354.575128    10694.000000    100000000.000000
  2474.200000    0.065028    375379.000000    24410.047024    10393.000000    100000000.000000
  2474.400000    0.066898    375724.000000    25135.199149    10736.000000    100000000.000000
  2474.601000    0.067733    375406.000000    25427.292624    10778.000000    100000000.000000
  2474.801000    0.067526    375489.000000    25355.213784    10719.000000    100000000.000000
  2475.000000    0.067316    375198.000000    25256.974140    10703.000000    100000000.000000
  2475.199000    0.067401    377165.000000    25421.260515    10872.000000    100000000.000000
  2475.400000    0.068220    376611.000000    25692.457334    10902.000000    100000000.000000
  2475.600000    0.067951    377190.000000    25630.478053    11051.000000    100000000.000000
  2475.800000    0.068856    376003.000000    25889.960995    11117.000000    100000000.000000
  2476.001000    0.070216    375818.000000    26388.278363    11285.000000    100000000.000000
  2476.199000    0.072035    376212.000000    27100.325971    11704.000000    100000000.000000
  2476.400000    0.073637    376344.000000    27712.681786    11819.000000    100000000.000000
  2476.600000    0.076237    377448.000000    28775.660301    12327.000000    100000000.000000
  2476.801000    0.079486    377583.000000    30012.413317    12839.000000    100000000.000000
  2477.000000    0.082997    377457.000000    31327.714626    13373.000000    100000000.000000
  2477.200000    0.090847    377526.000000    34297.276461    14588.000000    100000000.000000
  2477.400000    0.099857    377537.000000    37699.862538    16044.000000    100000000.000000
  2477.601000    0.108977    377726.000000    41163.629332    17386.000000    100000000.000000
  2477.800000    0.118295    378045.000000    44720.962629    18925.000000    100000000.000000
  2478.000000    0.127158    379146.000000    48211.420526    20394.000000    100000000.000000
  2478.200000    0.135549    378793.000000    51345.152280    21622.000000    100000000.000000
  2478.401000    0.146139    378471.000000    55309.225288    23163.000000    100000000.000000
  2478.601000    0.163777    378112.000000    61925.967084    25686.000000    100000000.000000
  2478.800000    0.173274    379459.000000    65750.524994    27024.000000    100000000.000000
  2479.000000    0.179867    379713.000000    68298.026994    28024.000000    100000000.000000
  2479.200000    0.179767    379237.000000    68174.467047    27859.000000    100000000.000000
  2479.398000    0.182395    380008.000000    69311.427279    28302.000000    100000000.000000
  2479.601000    0.189622    379335.000000    71930.346823    29242.000000    100000000.000000
  2479.800000    0.206759    377882.000000    78130.662360    31598.000000    100000000.000000
  2480.000000    0.236530    376791.000000    89122.495183    35618.000000    100000000.000000
  2480.199000    0.283786    377178.000000    107037.709710    42125.000000    100000000.000000
  2480.399000    0.343394    377497.000000    129630.054614    50122.000000    100000000.000000
  2480.599000    0.412180    377440.000000    155573.283234    60089.000000    100000000.000000
  2480.800000    0.484235    377618.000000    182855.745749    69575.000000    100000000.000000
  2481.000000    0.549810    377179.000000    207376.678123    78331.000000    100000000.000000
  2481.199000    0.620576    376578.000000    233695.450998    87916.000000    100000000.000000
  2481.400000    0.705437    369153.000000    260414.321153    105728.000000    100000000.000000
  2481.600000    0.716538    378767.000000    271400.886772    97531.000000    100000000.000000
  2481.800000    0.739010    377726.000000    279143.398456    100265.000000    100000000.000000
  2482.001000    0.740774    376897.000000    279195.478165    100809.000000    100000000.000000
  2482.198000    0.715262    375215.000000    268377.032315    97466.000000    100000000.000000
  2482.400000    0.663108    374342.000000    248229.171110    90479.000000    100000000.000000
  2482.601000    0.588793    375811.000000    221274.831213    82128.000000    100000000.000000
  2482.800000    0.504945    373798.000000    188747.281271    70919.000000    100000000.000000
  2483.000000    0.413938    372551.000000    154213.174971    59276.000000    100000000.000000
  2483.200000    0.341077    371062.000000    126560.632799    48909.000000    100000000.000000
  2483.401000    0.295792    368754.000000    109074.580093    43081.000000    100000000.000000
  2483.600000    0.256364    366409.000000    93934.081720    37404.000000    100000000.000000
  2483.800000    0.235412    364946.000000    85912.683460    34263.000000    100000000.000000
  2484.000000    0.214477    363442.000000    77950.085835    31344.000000    100000000.000000
  2484.199000    0.208093    361329.000000    75190.086551    30459.000000    100000000.000000
  2484.400000    0.199263    359638.000000    71662.638887    29294.000000    100000000.000000
  2484.600000    0.192661    357253.000000    68828.864463    28263.000000    100000000.000000
  2484.801000    0.188730    356151.000000    67216.225724    27843.000000    100000000.000000
  2485.000000    0.185832    354459.000000    65869.953711    27462.000000    100000000.000000
  2485.200000    0.186770    352849.000000    65901.652124    27484.000000    100000000.000000
  2485.399000    0.184154    349971.000000    64448.397038    27017.000000    100000000.000000
  2485.601000    0.186228    346707.000000    64566.424125    27277.000000    100000000.000000
  2485.801000    0.192590    343296.000000    66115.311302    28038.000000    100000000.000000
  2486.000000    0.194267    341458.000000    66334.030183    28317.000000    100000000.000000
  2486.200000    0.199441    338145.000000    67439.831051    28956.000000    100000000.000000
  2486.401000    0.202903    334502.000000    67871.626165    29328.000000    100000000.000000
  2486.600000    0.206476    332395.000000    68631.658653    29927.000000    100000000.000000
  2486.801000    0.210159    328644.000000    69067.338533    30277.000000    100000000.000000
  2487.000000    0.207858    324562.000000    67462.794913    30069.000000    100000000.000000
  2487.200000    0.207597    323522.000000    67162.042892    30270.000000    100000000.000000
  2487.400000    0.207258    322399.000000    66819.919654    29914.000000    100000000.000000
  2487.599000    0.209417    318965.000000    66796.761921    30181.000000    100000000.000000
  2487.801000    0.207239    315955.000000    65478.179648    29853.000000    100000000.000000
  2488.000000    0.210427    315892.000000    66472.287256    30083.000000    100000000.000000
  2488.200000    0.213173    312659.000000    66650.318995    30407.000000    100000000.000000
  2488.400000    0.216181    309887.000000    66991.803318    30848.000000    100000000.000000
  2488.600000    0.218400    309871.000000    67675.706934    31110.000000    100000000.000000
  2488.800000    0.225296    309031.000000    69623.301854    32213.000000    100000000.000000
  2489.000000    0.227454    305846.000000    69565.808528    32458.000000    100000000.000000
  2489.200000    0.233200    303711.000000    70825.388999    33121.000000    100000000.000000
  2489.400000    0.233004    302201.000000    70414.026615    33350.000000    100000000.000000
  2489.601000    0.234451    300746.000000    70510.188604    33543.000000    100000000.000000
  2489.800000    0.232847    298112.000000    69414.611236    33206.000000    100000000.000000
  2490.000000    0.231255    295488.000000    68333.124098    33287.000000    100000000.000000
  2490.200000    0.226298    292609.000000    66216.891311    32703.000000    100000000.000000
  2490.400000    0.229991    291400.000000    67019.240790    33268.000000    100000000.000000
  2490.599000    0.231667    290428.000000    67282.455205    33616.000000    100000000.000000
  2490.801000    0.234676    289541.000000    67948.262021    34122.000000    100000000.000000
  2491.001000    0.237631    286304.000000    68034.740149    34643.000000    100000000.000000
  2491.200000    0.241734    284381.000000    68744.583869    35442.000000    100000000.000000
  2491.401000    0.241740    283715.000000    68585.141271    35677.000000    100000000.000000
  2491.600000    0.241472    282028.000000    68101.906140    36001.000000    100000000.000000
  2491.800000    0.241364    279568.000000    67477.786952    35879.000000    100000000.000000
  2492.000000    0.243794    276361.000000    67375.120831    36343.000000    100000000.000000
  2492.200000    0.240356    275440.000000    66203.735192    36431.000000    100000000.000000
  2492.400000    0.243227    272057.000000    66171.691682    36734.000000    100000000.000000
  2492.600000    0.244573    269638.000000    65946.166056    36868.000000    100000000.000000
  2492.800000    0.249625    267187.000000    66696.661825    37740.000000    100000000.000000
  2493.000000    0.254492    264931.000000    67422.726549    38773.000000    100000000.000000
  2493.200000    0.254870    262461.000000    66893.534351    38803.000000    100000000.000000
  2493.401000    0.259976    259340.000000    67422.298298    39645.000000    100000000.000000
  2493.601000    0.262683    257890.000000    67743.318576    39905.000000    100000000.000000
  2493.800000    0.264377    255438.000000    67531.886910    40336.000000    100000000.000000
  2494.000000    0.266142    252204.000000    67122.150988    40318.000000    100000000.000000
  2494.200000    0.265874    249893.000000    66440.066737    40290.000000    100000000.000000
  2494.400000    0.270576    246921.000000    66810.954015    40625.000000    100000000.000000
  2494.600000    0.270791    243511.000000    65940.595455    40672.000000    100000000.000000
  2494.800000    0.271884    241056.000000    65539.299191    40888.000000    100000000.000000
  2495.000000    0.275039    238278.000000    65535.724614    41228.000000    100000000.000000
  2495.200000    0.280646    234960.000000    65940.491989    41783.000000    100000000.000000
  2495.400000    0.284720    235299.000000    66994.305936    42582.000000    100000000.000000
  2495.601000    0.290982    234383.000000    68201.300362    43481.000000    100000000.000000
  2495.800000    0.295166    231534.000000    68341.078521    43804.000000    100000000.000000
  2496.000000    0.301917    230039.000000    69452.675377    44614.000000    100000000.000000
  2496.200000    0.308633    228570.000000    70544.228022    45366.000000    100000000.000000
  2496.400000    0.314635    226921.000000    71397.234368    45916.000000    100000000.000000
  2496.601000    0.317459    226512.000000    71908.207756    46245.000000    100000000.000000
  2496.801000    0.324040    223761.000000    72507.559817    46804.000000    100000000.000000
  2497.000000    0.324738    223137.000000    72460.983225    46807.000000    100000000.000000
  2497.200000    0.323920    220633.000000    71467.462873    46527.000000    100000000.000000
  2497.400000    0.321454    220127.000000    70760.813325    46315.000000    100000000.000000
  2497.601000    0.319769    218697.000000    69932.518489    46111.000000    100000000.000000
  2497.801000    0.314140    215671.000000    67750.849585    45304.000000    100000000.000000
  2498.001000    0.313410    212889.000000    66721.603149    45309.000000    100000000.000000
  2498.200000    0.305153    210551.000000    64250.347692    44490.000000    100000000.000000
  2498.400000    0.302429    208340.000000    63008.081692    44406.000000    100000000.000000
  2498.599000    0.296804    205696.000000    61051.428944    43613.000000    100000000.000000
  2498.800000    0.293334    202037.000000    59264.272618    43082.000000    100000000.000000
  2499.000000    0.287156    199596.000000    57315.252004    42268.000000    100000000.000000
  2499.200000    0.278950    196682.000000    54864.514403    40983.000000    100000000.000000
  2499.400000    0.269822    194249.000000    52412.736555    39532.000000    100000000.000000
  2499.602000    0.264756    192345.000000    50924.470694    38785.000000    100000000.000000
  2499.799000    0.253638    189832.000000    48148.635998    37008.000000    100000000.000000
  2500.000000    0.251442    188093.000000    47294.443418    36333.000000    100000000.000000
  2501.000000    0.232618    404132.000000    94008.230683    50649.000000    100000000.000000
  2502.000000    0.223640    408760.000000    91414.944717    49300.000000    100000000.000000
  2503.000000    0.215154    410879.000000    88402.226792    47732.000000    100000000.000000
  2504.001000    0.205701    410355.000000    84410.566865    45796.000000    100000000.000000
  2504.999000    0.201489    413061.000000    83227.327636    45154.000000    100000000.000000
  2506.001000    0.198450    412482.000000    81856.972775    44485.000000    100000000.000000
  2507.000000    0.194123    413407.000000    80251.850960    43519.000000    100000000.000000
  2508.000000    0.188721    411109.000000    77584.943298    42363.000000    100000000.000000
  2509.000000    0.187393    413794.000000    77542.171834    42541.000000    100000000.000000
  2510.000000    0.185366    414531.000000    76840.098167    42047.000000    100000000.000000
  2511.000000    0.184960    414876.000000    76735.468549    42116.000000    100000000.000000
  2512.000000    0.186032    414872.000000    77179.585321    42357.000000    100000000.000000
  2513.001000    0.183829    415013.000000    76291.328829    41538.000000    100000000.000000
  2514.000000    0.189289    416045.000000    78752.656900    42919.000000    100000000.000000
  2515.000000    0.192226    415460.000000    79862.275153    43524.000000    100000000.000000
  2516.000000    0.196135    412197.000000    80846.271475    44122.000000    100000000.000000
  2517.001000    0.196624    416549.000000    81903.379859    44282.000000    100000000.000000
  2518.000000    0.197527    416604.000000    82290.456980    44377.000000    100000000.000000
  2519.000000    0.201833    416990.000000    84162.536457    44685.000000    100000000.000000
  2520.000000    0.202388    420688.000000    85142.209196    44686.000000    100000000.000000
  2521.000000    0.204108    422536.000000    86242.803994    44650.000000    100000000.000000
  2522.000000    0.205562    426187.000000    87607.685515    44699.000000    100000000.000000
  2523.000000    0.210764    426780.000000    89949.658583    45189.000000    100000000.000000
  2524.000000    0.215026    428599.000000    92160.048411    45899.000000    100000000.000000
  2525.000000    0.220317    430350.000000    94813.214272    46360.000000    100000000.000000
  2526.000000    0.222050    429958.000000    95472.038651    46694.000000    100000000.000000
  2527.000000    0.225065    429205.000000    96599.003165    46397.000000    100000000.000000
  2528.000000    0.226103    431559.000000    97576.707386    46056.000000    100000000.000000
  2528.999000    0.224621    431818.000000    96995.259298    45714.000000    100000000.000000
  2530.000000    0.221510    430402.000000    95338.354772    44639.000000    100000000.000000
  2531.000000    0.219817    429497.000000    94410.655239    43713.000000    100000000.000000
  2532.000000    0.220259    428324.000000    94342.100134    43593.000000    100000000.000000
  2533.000000    0.219856    425023.000000    93443.840333    43198.000000    100000000.000000
  2534.000000    0.221755    423065.000000    93816.584105    43575.000000    100000000.000000
  2535.000000    0.223472    418849.000000    93601.104186    43825.000000    100000000.000000
  2536.000000    0.224458    418083.000000    93842.136750    44047.000000    100000000.000000
  2537.000000    0.226539    416328.000000    94314.591529    44547.000000    100000000.000000
  2537.999000    0.225781    417056.000000    94163.490766    44857.000000    100000000.000000
  2539.000000    0.226489    417251.000000    94502.729550    45367.000000    100000000.000000
  2540.000000    0.232441    409440.000000    95170.736060    46806.000000    100000000.000000
  2541.000000    0.235697    409261.000000    96461.761612    47585.000000    100000000.000000
  2541.999000    0.240355    410440.000000    98651.508152    48888.000000    100000000.000000
  2543.001000    0.244944    410465.000000    100540.922279    50237.000000    100000000.000000
  2544.000000    0.247546    408047.000000    101010.229317    50963.000000    100000000.000000
  2545.000000    0.248100    412776.000000    102409.578372    51867.000000    100000000.000000
  2546.001000    0.248740    413297.000000    102803.401001    52129.000000    100000000.000000
  2547.000000    0.248010    413522.000000    102557.631962    52891.000000    100000000.000000
  2548.000000    0.248015    414639.000000    102836.606931    53663.000000    100000000.000000
  2549.000000    0.244832    418050.000000    102351.874979    53171.000000    100000000.000000
