# From file /cars5/Data/xas_user/2013.2/Fike/s_xanes_scotchtape.001
# Time : Thu Jun 27 14:18:12 2013
# Energy: 13IDE:En:Energy.VAL
#---------------------------------
#   energy     mufluor    i0    fluor_corr   fluor_raw  time
  2452.001000    0.005775    23528.000000    135.869143    133.000000    50000000.000000
  2453.000000    0.005053    23696.000000    119.739489    117.000000    50000000.000000
  2454.000000    0.005527    23717.000000    131.090928    128.000000    50000000.000000
  2455.000000    0.006865    23636.000000    162.269592    158.000000    50000000.000000
  2456.000000    0.005931    23916.000000    141.840170    139.000000    50000000.000000
  2457.001000    0.005876    23966.000000    140.823060    138.000000    50000000.000000
  2458.000000    0.004706    24061.000000    113.237753    111.000000    50000000.000000
  2459.000000    0.005662    24058.000000    136.217547    133.000000    50000000.000000
  2459.999000    0.005765    23981.000000    138.262358    135.000000    50000000.000000
  2461.000000    0.005945    24104.000000    143.295098    141.000000    50000000.000000
  2462.000000    0.006167    24085.000000    148.541702    145.000000    50000000.000000
  2463.000000    0.006388    24001.000000    153.316771    150.000000    50000000.000000
  2464.000000    0.006893    24187.000000    166.727444    162.000000    50000000.000000
  2465.000000    0.005689    24202.000000    137.696433    135.000000    50000000.000000
  2466.000000    0.005534    24574.000000    136.002536    133.000000    50000000.000000
  2467.000000    0.006338    24402.000000    154.665042    152.000000    50000000.000000
  2467.199000    0.006096    24420.000000    148.860701    146.000000    50000000.000000
  2467.401000    0.005619    24469.000000    137.484773    135.000000    50000000.000000
  2467.600000    0.005770    24452.000000    141.090110    138.000000    50000000.000000
  2467.801000    0.005425    24558.000000    133.217276    131.000000    50000000.000000
  2468.000000    0.005586    24365.000000    136.112958    133.000000    50000000.000000
  2468.200000    0.005880    24555.000000    144.375402    141.000000    50000000.000000
  2468.400000    0.006048    24343.000000    147.229153    144.000000    50000000.000000
  2468.600000    0.005861    24459.000000    143.344845    140.000000    50000000.000000
  2468.800000    0.006633    24527.000000    162.678487    159.000000    50000000.000000
  2469.000000    0.006954    24510.000000    170.445376    167.000000    50000000.000000
  2469.200000    0.007110    24436.000000    173.742072    170.000000    50000000.000000
  2469.399000    0.006557    24489.000000    160.579925    157.000000    50000000.000000
  2469.600000    0.006942    24477.000000    169.917634    166.000000    50000000.000000
  2469.801000    0.007216    24521.000000    176.942925    173.000000    50000000.000000
  2470.000000    0.007211    24714.000000    178.218655    175.000000    50000000.000000
  2470.200000    0.006945    24698.000000    171.524292    168.000000    50000000.000000
  2470.401000    0.008872    24827.000000    220.274359    215.000000    50000000.000000
  2470.599000    0.007901    25025.000000    197.723102    193.000000    50000000.000000
  2470.801000    0.009335    24767.000000    231.199519    226.000000    50000000.000000
  2471.001000    0.009415    23631.000000    222.474388    218.000000    50000000.000000
  2471.200000    0.012756    24661.000000    314.564434    308.000000    50000000.000000
  2471.399000    0.014627    24616.000000    360.054292    355.000000    50000000.000000
  2471.600000    0.018482    24863.000000    459.523091    450.000000    50000000.000000
  2471.800000    0.021335    24912.000000    531.490971    521.000000    50000000.000000
  2472.000000    0.023045    24981.000000    575.695492    567.000000    50000000.000000
  2472.199000    0.024833    25014.000000    621.180938    609.000000    50000000.000000
  2472.400000    0.026074    24833.000000    647.505288    638.000000    50000000.000000
  2472.600000    0.025490    25136.000000    640.707676    630.000000    50000000.000000
  2472.801000    0.028148    25141.000000    707.665614    695.000000    50000000.000000
  2473.000000    0.025304    25132.000000    635.946947    624.000000    50000000.000000
  2473.200000    0.024969    24988.000000    623.934042    611.000000    50000000.000000
  2473.400000    0.021193    24963.000000    529.049895    521.000000    50000000.000000
  2473.600000    0.020680    25104.000000    519.153206    510.000000    50000000.000000
  2473.800000    0.017784    25201.000000    448.166182    440.000000    50000000.000000
  2474.001000    0.017412    25111.000000    437.224697    427.000000    50000000.000000
  2474.200000    0.017748    25254.000000    448.219535    441.000000    50000000.000000
  2474.401000    0.018640    25137.000000    468.552101    459.000000    50000000.000000
  2474.601000    0.020338    25089.000000    510.259621    499.000000    50000000.000000
  2474.801000    0.020071    25135.000000    504.487615    495.000000    50000000.000000
  2475.000000    0.021731    25271.000000    549.157643    539.000000    50000000.000000
  2475.199000    0.022882    25273.000000    578.293351    568.000000    50000000.000000
  2475.400000    0.022765    25213.000000    573.982809    564.000000    50000000.000000
  2475.601000    0.023000    25197.000000    579.520920    568.000000    50000000.000000
  2475.801000    0.022330    25154.000000    561.682700    550.000000    50000000.000000
  2475.999000    0.023550    25278.000000    595.297339    583.000000    50000000.000000
  2476.202000    0.022611    25302.000000    572.093697    563.000000    50000000.000000
  2476.399000    0.023374    25189.000000    588.769083    578.000000    50000000.000000
  2476.600000    0.021100    25082.000000    529.237509    519.000000    50000000.000000
  2476.801000    0.022625    25213.000000    570.437358    561.000000    50000000.000000
  2477.001000    0.024771    25230.000000    624.974266    612.000000    50000000.000000
  2477.201000    0.025351    25040.000000    634.800169    623.000000    50000000.000000
  2477.400000    0.026190    25376.000000    664.597609    654.000000    50000000.000000
  2477.600000    0.027822    25278.000000    703.285723    690.000000    50000000.000000
  2477.800000    0.029130    25375.000000    739.165622    725.000000    50000000.000000
  2478.000000    0.030547    25243.000000    771.099417    754.000000    50000000.000000
  2478.199000    0.033370    25354.000000    846.062611    834.000000    50000000.000000
  2478.400000    0.038140    25337.000000    966.348283    951.000000    50000000.000000
  2478.601000    0.041981    25363.000000    1064.767836    1048.000000    50000000.000000
  2478.800000    0.046587    25476.000000    1186.855598    1169.000000    50000000.000000
  2479.000000    0.059169    25466.000000    1506.809848    1479.000000    50000000.000000
  2479.199000    0.067722    25289.000000    1712.634070    1691.000000    50000000.000000
  2479.400000    0.079503    25352.000000    2015.565277    1981.000000    50000000.000000
  2479.600000    0.090338    25416.000000    2296.031013    2259.000000    50000000.000000
  2479.800000    0.096333    25422.000000    2448.987672    2419.000000    50000000.000000
  2480.000000    0.107162    25457.000000    2728.022546    2688.000000    50000000.000000
  2480.200000    0.121725    25443.000000    3097.046131    3046.000000    50000000.000000
  2480.400000    0.136535    25080.000000    3424.302185    3374.000000    50000000.000000
  2480.600000    0.156411    25221.000000    3944.829959    3890.000000    50000000.000000
  2480.800000    0.183761    25334.000000    4655.391355    4586.000000    50000000.000000
  2481.000000    0.220241    25337.000000    5580.234548    5491.000000    50000000.000000
  2481.200000    0.254821    25322.000000    6452.571682    6359.000000    50000000.000000
  2481.401000    0.291486    25135.000000    7326.507069    7193.000000    50000000.000000
  2481.601000    0.285513    25310.000000    7226.337839    7112.000000    50000000.000000
  2481.801000    0.279296    25446.000000    7106.974181    6996.000000    50000000.000000
  2482.000000    0.249902    25685.000000    6418.728557    6311.000000    50000000.000000
  2482.201000    0.214566    25755.000000    5526.136197    5441.000000    50000000.000000
  2482.401000    0.167236    25832.000000    4320.049617    4258.000000    50000000.000000
  2482.600000    0.128281    25824.000000    3312.738291    3265.000000    50000000.000000
  2482.801000    0.106630    25866.000000    2758.095164    2713.000000    50000000.000000
  2483.001000    0.087992    25467.000000    2240.888899    2209.000000    50000000.000000
  2483.201000    0.078366    25662.000000    2011.034248    1972.000000    50000000.000000
  2483.400000    0.069749    25613.000000    1786.487243    1758.000000    50000000.000000
  2483.601000    0.061260    25606.000000    1568.612695    1544.000000    50000000.000000
  2483.800000    0.059336    25537.000000    1515.253797    1491.000000    50000000.000000
  2484.000000    0.056477    25501.000000    1440.212657    1411.000000    50000000.000000
  2484.200000    0.058165    25245.000000    1468.381172    1440.000000    50000000.000000
  2484.400000    0.054351    25578.000000    1390.178866    1371.000000    50000000.000000
  2484.601000    0.055742    25383.000000    1414.899971    1391.000000    50000000.000000
  2484.801000    0.057614    25291.000000    1457.104903    1435.000000    50000000.000000
  2485.000000    0.055721    25228.000000    1405.721395    1378.000000    50000000.000000
  2485.199000    0.054449    25100.000000    1366.658073    1342.000000    50000000.000000
  2485.399000    0.052579    25220.000000    1326.042583    1303.000000    50000000.000000
  2485.600000    0.053963    24806.000000    1338.595654    1313.000000    50000000.000000
  2485.800000    0.053195    24969.000000    1328.217997    1307.000000    50000000.000000
  2486.000000    0.052969    24892.000000    1318.498144    1291.000000    50000000.000000
  2486.200000    0.054170    24895.000000    1348.567434    1328.000000    50000000.000000
  2486.400000    0.050257    24767.000000    1244.716782    1227.000000    50000000.000000
  2486.600000    0.050012    24797.000000    1240.152658    1222.000000    50000000.000000
  2486.801000    0.053427    24747.000000    1322.155249    1302.000000    50000000.000000
  2487.001000    0.053797    24681.000000    1327.767571    1304.000000    50000000.000000
  2487.200000    0.053420    24667.000000    1317.714022    1294.000000    50000000.000000
  2487.400000    0.050963    24629.000000    1255.157811    1234.000000    50000000.000000
  2487.600000    0.055377    24552.000000    1359.617848    1334.000000    50000000.000000
  2487.800000    0.055290    24586.000000    1359.349575    1335.000000    50000000.000000
  2487.999000    0.053631    24382.000000    1307.622728    1287.000000    50000000.000000
  2488.200000    0.053112    24395.000000    1295.676776    1271.000000    50000000.000000
  2488.401000    0.051801    24309.000000    1259.218393    1241.000000    50000000.000000
  2488.600000    0.052039    24229.000000    1260.841657    1240.000000    50000000.000000
  2488.801000    0.052776    24059.000000    1269.730173    1237.000000    50000000.000000
  2489.001000    0.051334    24075.000000    1235.866413    1216.000000    50000000.000000
  2489.201000    0.053517    23982.000000    1283.449390    1265.000000    50000000.000000
  2489.400000    0.054200    24097.000000    1306.069150    1286.000000    50000000.000000
  2489.601000    0.053377    24038.000000    1283.074219    1264.000000    50000000.000000
  2489.801000    0.053488    23951.000000    1281.094007    1260.000000    50000000.000000
  2490.000000    0.055403    24143.000000    1337.595619    1315.000000    50000000.000000
  2490.199000    0.056196    23941.000000    1345.393628    1324.000000    50000000.000000
  2490.401000    0.054321    23821.000000    1293.973224    1274.000000    50000000.000000
  2490.602000    0.057006    23964.000000    1366.095497    1343.000000    50000000.000000
  2490.800000    0.056843    23701.000000    1347.239832    1325.000000    50000000.000000
  2491.000000    0.057272    23733.000000    1359.233001    1336.000000    50000000.000000
  2491.200000    0.058180    23618.000000    1374.097635    1350.000000    50000000.000000
  2491.400000    0.058411    23781.000000    1389.076758    1365.000000    50000000.000000
  2491.601000    0.055357    23493.000000    1300.492677    1278.000000    50000000.000000
  2491.800000    0.057089    23827.000000    1360.256259    1341.000000    50000000.000000
  2492.001000    0.056305    24011.000000    1351.943619    1334.000000    50000000.000000
  2492.400000    0.066216    13366.000000    885.042475    868.000000    50000000.000000
  2492.801000    0.064289    20023.000000    1287.262403    1263.000000    50000000.000000
  2493.200000    0.064723    25509.000000    1651.006886    1623.000000    50000000.000000
  2493.600000    0.065491    27002.000000    1768.376774    1747.000000    50000000.000000
  2494.000000    0.068843    26607.000000    1831.715865    1805.000000    50000000.000000
  2494.400000    0.071096    26409.000000    1877.562342    1835.000000    50000000.000000
  2494.801000    0.068412    26030.000000    1780.752801    1748.000000    50000000.000000
  2495.200000    0.070620    25751.000000    1818.534415    1792.000000    50000000.000000
  2495.601000    0.072715    25698.000000    1868.640460    1838.000000    50000000.000000
  2496.000000    0.070463    25583.000000    1802.649606    1772.000000    50000000.000000
  2496.400000    0.072493    25662.000000    1860.325261    1832.000000    50000000.000000
  2496.801000    0.074031    25586.000000    1894.158462    1864.000000    50000000.000000
  2497.198000    0.074034    25695.000000    1902.303649    1874.000000    50000000.000000
  2497.601000    0.077373    25903.000000    2004.181482    1973.000000    50000000.000000
  2497.998000    0.073311    26041.000000    1909.089001    1883.000000    50000000.000000
  2498.400000    0.075874    25920.000000    1966.643280    1940.000000    50000000.000000
  2498.800000    0.072271    26043.000000    1882.150941    1851.000000    50000000.000000
  2499.199000    0.074037    26192.000000    1939.179179    1913.000000    50000000.000000
  2499.599000    0.070651    26104.000000    1844.279726    1818.000000    50000000.000000
  2500.001000    0.067708    26141.000000    1769.956958    1739.000000    50000000.000000
  2500.400000    0.063508    26337.000000    1672.597903    1645.000000    50000000.000000
  2500.800000    0.066749    26507.000000    1769.304666    1741.000000    50000000.000000
  2501.199000    0.066790    26374.000000    1761.522203    1734.000000    50000000.000000
  2501.600000    0.062544    26333.000000    1646.967333    1618.000000    50000000.000000
  2502.000000    0.062280    26346.000000    1640.831649    1612.000000    50000000.000000
  2502.400000    0.060367    26250.000000    1584.645065    1560.000000    50000000.000000
  2502.801000    0.058584    26421.000000    1547.853882    1523.000000    50000000.000000
  2503.201000    0.057381    26156.000000    1500.864305    1478.000000    50000000.000000
  2503.601000    0.058609    26473.000000    1551.560449    1520.000000    50000000.000000
  2504.000000    0.055942    26407.000000    1477.266335    1449.000000    50000000.000000
  2504.400000    0.055237    26262.000000    1450.631603    1429.000000    50000000.000000
  2504.800000    0.055898    26337.000000    1472.193734    1453.000000    50000000.000000
  2505.200000    0.053406    26219.000000    1400.257213    1375.000000    50000000.000000
  2505.600000    0.054444    26333.000000    1433.661953    1406.000000    50000000.000000
  2506.000000    0.051749    26446.000000    1368.548304    1349.000000    50000000.000000
  2506.400000    0.051718    26204.000000    1355.224680    1333.000000    50000000.000000
  2506.800000    0.046707    26445.000000    1235.153512    1216.000000    50000000.000000
  2507.200000    0.048844    26357.000000    1287.388639    1268.000000    50000000.000000
  2507.600000    0.049555    26697.000000    1322.959764    1299.000000    50000000.000000
  2508.000000    0.050641    26768.000000    1355.564789    1332.000000    50000000.000000
  2508.400000    0.049909    26636.000000    1329.379179    1303.000000    50000000.000000
  2508.800000    0.049354    26593.000000    1312.473095    1290.000000    50000000.000000
  2509.200000    0.048659    26561.000000    1292.436867    1274.000000    50000000.000000
  2509.600000    0.052383    26533.000000    1389.878424    1367.000000    50000000.000000
  2510.001000    0.051440    26562.000000    1366.359866    1346.000000    50000000.000000
  2510.400000    0.050459    26594.000000    1341.915338    1321.000000    50000000.000000
  2510.801000    0.048525    26696.000000    1295.413880    1274.000000    50000000.000000
  2511.200000    0.046914    26639.000000    1249.741490    1228.000000    50000000.000000
  2511.601000    0.049127    26907.000000    1321.871525    1300.000000    50000000.000000
  2512.000000    0.049084    26829.000000    1316.880725    1296.000000    50000000.000000
  2512.400000    0.050601    26945.000000    1363.446255    1341.000000    50000000.000000
  2512.800000    0.047834    26961.000000    1289.654337    1272.000000    50000000.000000
  2513.201000    0.048250    27111.000000    1308.107415    1285.000000    50000000.000000
  2513.600000    0.049991    26985.000000    1349.014124    1326.000000    50000000.000000
  2514.000000    0.048818    26971.000000    1316.660806    1295.000000    50000000.000000
  2514.400000    0.045607    27260.000000    1243.253483    1223.000000    50000000.000000
  2514.800000    0.049735    27219.000000    1353.737155    1334.000000    50000000.000000
  2515.199000    0.046994    27265.000000    1281.286401    1259.000000    50000000.000000
  2515.600000    0.048081    27295.000000    1312.370630    1294.000000    50000000.000000
  2516.000000    0.048915    27521.000000    1346.195873    1326.000000    50000000.000000
  2516.400000    0.047482    27576.000000    1309.376874    1289.000000    50000000.000000
  2516.800000    0.047360    27555.000000    1305.013162    1283.000000    50000000.000000
  2517.201000    0.049253    27791.000000    1368.788567    1344.000000    50000000.000000
  2517.600000    0.049680    27740.000000    1378.133187    1357.000000    50000000.000000
  2517.999000    0.047019    27663.000000    1300.689614    1281.000000    50000000.000000
  2518.400000    0.049217    27715.000000    1364.046229    1336.000000    50000000.000000
  2518.801000    0.048153    27934.000000    1345.103611    1325.000000    50000000.000000
  2519.200000    0.047902    28028.000000    1342.587099    1319.000000    50000000.000000
  2519.600000    0.049816    28154.000000    1402.521115    1378.000000    50000000.000000
  2520.000000    0.048770    28335.000000    1381.905228    1359.000000    50000000.000000
  2520.400000    0.049373    28194.000000    1392.026080    1372.000000    50000000.000000
  2520.800000    0.046906    28365.000000    1330.485114    1306.000000    50000000.000000
  2521.199000    0.049033    28411.000000    1393.081623    1371.000000    50000000.000000
  2521.600000    0.050169    28525.000000    1431.076203    1409.000000    50000000.000000
  2522.000000    0.047427    28691.000000    1360.718223    1339.000000    50000000.000000
  2522.400000    0.050398    28657.000000    1444.245600    1423.000000    50000000.000000
  2522.800000    0.046976    28586.000000    1342.842498    1322.000000    50000000.000000
  2523.200000    0.050365    28861.000000    1453.583829    1429.000000    50000000.000000
  2523.600000    0.052388    28654.000000    1501.116280    1477.000000    50000000.000000
  2524.000000    0.048919    28855.000000    1411.550532    1390.000000    50000000.000000
  2524.402000    0.046178    28940.000000    1336.397143    1311.000000    50000000.000000
  2524.801000    0.050001    28572.000000    1428.618210    1410.000000    50000000.000000
  2525.199000    0.048358    29389.000000    1421.197576    1392.000000    50000000.000000
  2525.600000    0.050191    29386.000000    1474.918332    1448.000000    50000000.000000
  2526.000000    0.049189    28614.000000    1407.495427    1387.000000    50000000.000000
  2526.399000    0.052208    29186.000000    1523.732830    1501.000000    50000000.000000
  2526.800000    0.050266    29479.000000    1481.784875    1459.000000    50000000.000000
  2527.200000    0.047922    29003.000000    1389.891029    1368.000000    50000000.000000
  2527.600000    0.048991    29617.000000    1450.977061    1427.000000    50000000.000000
  2528.000000    0.048774    29363.000000    1432.156877    1409.000000    50000000.000000
  2528.401000    0.047270    29453.000000    1392.247673    1371.000000    50000000.000000
  2528.801000    0.047202    29123.000000    1374.671428    1352.000000    50000000.000000
  2529.200000    0.047440    28961.000000    1373.912656    1352.000000    50000000.000000
  2529.601000    0.050770    28916.000000    1468.064444    1442.000000    50000000.000000
  2530.000000    0.048017    28890.000000    1387.216303    1361.000000    50000000.000000
  2530.400000    0.047964    28964.000000    1389.220627    1366.000000    50000000.000000
  2530.800000    0.047975    28887.000000    1385.850858    1366.000000    50000000.000000
  2531.200000    0.050450    28751.000000    1450.491102    1424.000000    50000000.000000
  2531.601000    0.049239    28917.000000    1423.838985    1399.000000    50000000.000000
  2532.000000    0.050909    28908.000000    1471.673769    1443.000000    50000000.000000
  2532.399000    0.049435    28630.000000    1415.329916    1392.000000    50000000.000000
  2532.800000    0.048964    28989.000000    1419.428722    1395.000000    50000000.000000
  2533.201000    0.047847    28890.000000    1382.289149    1358.000000    50000000.000000
  2533.600000    0.047969    28920.000000    1387.251221    1365.000000    50000000.000000
  2534.000000    0.052020    28768.000000    1496.508758    1472.000000    50000000.000000
  2534.401000    0.051639    28675.000000    1480.758618    1458.000000    50000000.000000
  2534.802000    0.048749    28589.000000    1393.684740    1369.000000    50000000.000000
  2535.198000    0.048887    28534.000000    1394.937020    1371.000000    50000000.000000
  2535.599000    0.049288    28323.000000    1395.976414    1377.000000    50000000.000000
  2536.000000    0.047082    28610.000000    1347.007472    1323.000000    50000000.000000
  2536.401000    0.050865    28424.000000    1445.795806    1425.000000    50000000.000000
  2536.800000    0.049874    27879.000000    1390.425247    1368.000000    50000000.000000
  2537.201000    0.048443    27942.000000    1353.580767    1331.000000    50000000.000000
  2537.600000    0.051343    28111.000000    1443.312076    1419.000000    50000000.000000
  2538.000000    0.052555    27544.000000    1447.588676    1421.000000    50000000.000000
  2538.400000    0.050290    28210.000000    1418.678452    1400.000000    50000000.000000
  2538.801000    0.050603    28202.000000    1427.095589    1403.000000    50000000.000000
  2539.199000    0.051189    27851.000000    1425.667237    1397.000000    50000000.000000
  2539.601000    0.049232    28032.000000    1380.067354    1354.000000    50000000.000000
  2540.000000    0.050769    27742.000000    1408.420611    1385.000000    50000000.000000
  2540.400000    0.053309    27690.000000    1476.127669    1452.000000    50000000.000000
  2540.800000    0.052825    27526.000000    1454.051590    1433.000000    50000000.000000
  2541.200000    0.050969    28042.000000    1429.261937    1408.000000    50000000.000000
  2541.600000    0.051048    27937.000000    1426.139227    1404.000000    50000000.000000
  2542.001000    0.051395    27922.000000    1435.044586    1414.000000    50000000.000000
  2542.400000    0.051805    27863.000000    1443.456555    1421.000000    50000000.000000
  2542.801000    0.053526    27597.000000    1477.154156    1453.000000    50000000.000000
  2543.200000    0.051036    27875.000000    1422.623494    1398.000000    50000000.000000
  2543.601000    0.051034    27817.000000    1419.609193    1400.000000    50000000.000000
  2544.000000    0.053787    27794.000000    1494.969530    1466.000000    50000000.000000
  2544.400000    0.052035    27627.000000    1437.561838    1416.000000    50000000.000000
  2544.800000    0.050324    27880.000000    1403.040866    1380.000000    50000000.000000
  2545.200000    0.050460    28074.000000    1416.614476    1392.000000    50000000.000000
  2545.601000    0.054464    27742.000000    1510.946652    1485.000000    50000000.000000
  2546.001000    0.051284    28105.000000    1441.329123    1418.000000    50000000.000000
  2546.400000    0.053119    27914.000000    1482.776698    1461.000000    50000000.000000
  2546.800000    0.053429    27986.000000    1495.263622    1469.000000    50000000.000000
  2547.200000    0.054200    28623.000000    1551.354560    1529.000000    50000000.000000
  2547.600000    0.050018    28100.000000    1405.492651    1384.000000    50000000.000000
  2548.000000    0.054931    28392.000000    1559.605448    1533.000000    50000000.000000
  2548.400000    0.053401    28504.000000    1522.130723    1496.000000    50000000.000000
  2548.801000    0.052975    28545.000000    1512.177418    1488.000000    50000000.000000
  2549.202000    0.051876    28591.000000    1483.192481    1460.000000    50000000.000000
  2549.601000    0.052384    28842.000000    1510.860282    1487.000000    50000000.000000
