# From file /cars5/Data/xas_user/2013.2/Langman/s_xanes_feso4_7h2o.002
# Time : Mon Jul 29 19:41:13 2013
# Energy: 13IDE:En:Energy.VAL
#---------------------------------
#   energy     mufluor    i0    fluor_corr   fluor_raw  time
  2450.000000    0.081558    303051.000000    24716.110129    14887.000000    100000000.000000
  2451.000000    0.082719    307359.000000    25424.427602    15064.000000    100000000.000000
  2452.000000    0.083547    307785.000000    25714.542642    15146.000000    100000000.000000
  2453.000000    0.081437    313985.000000    25569.850176    15090.000000    100000000.000000
  2454.001000    0.082571    317172.000000    26189.218579    15413.000000    100000000.000000
  2455.001000    0.082477    318806.000000    26294.069360    15460.000000    100000000.000000
  2456.000000    0.082099    321210.000000    26371.176823    15496.000000    100000000.000000
  2457.000000    0.081613    323853.000000    26430.669700    15457.000000    100000000.000000
  2458.000000    0.079791    327098.000000    26099.349141    15312.000000    100000000.000000
  2459.000000    0.079348    330250.000000    26204.672862    15394.000000    100000000.000000
  2460.000000    0.078992    332080.000000    26231.522801    15361.000000    100000000.000000
  2461.000000    0.078278    335036.000000    26225.787394    15438.000000    100000000.000000
  2462.001000    0.077288    337417.000000    26078.367047    15420.000000    100000000.000000
  2463.000000    0.077005    339557.000000    26147.666882    15509.000000    100000000.000000
  2463.999000    0.076557    342963.000000    26256.121124    15583.000000    100000000.000000
  2465.000000    0.078609    344513.000000    27081.812106    16011.000000    100000000.000000
  2466.000000    0.076126    345999.000000    26339.434708    15748.000000    100000000.000000
  2467.001000    0.075283    349298.000000    26296.176881    15718.000000    100000000.000000
  2468.000000    0.076772    349961.000000    26867.085218    16067.000000    100000000.000000
  2468.200000    0.075762    352767.000000    26726.284484    15953.000000    100000000.000000
  2468.401000    0.076601    353821.000000    27103.123314    16185.000000    100000000.000000
  2468.600000    0.075345    355201.000000    26762.733254    16025.000000    100000000.000000
  2468.800000    0.074980    355966.000000    26690.325950    15844.000000    100000000.000000
  2469.000000    0.075991    356094.000000    27059.831787    16045.000000    100000000.000000
  2469.200000    0.075611    354958.000000    26838.664153    15981.000000    100000000.000000
  2469.400000    0.074537    355330.000000    26485.055572    15797.000000    100000000.000000
  2469.600000    0.075216    354199.000000    26641.269234    15861.000000    100000000.000000
  2469.799000    0.076034    355598.000000    27037.507662    16116.000000    100000000.000000
  2470.001000    0.077030    356511.000000    27462.196030    16391.000000    100000000.000000
  2470.200000    0.075009    359219.000000    26944.534992    16096.000000    100000000.000000
  2470.400000    0.076154    358202.000000    27278.456709    16362.000000    100000000.000000
  2470.600000    0.076571    359157.000000    27500.896824    16529.000000    100000000.000000
  2470.801000    0.075975    358631.000000    27246.898991    16427.000000    100000000.000000
  2471.000000    0.078408    363076.000000    28467.968909    16976.000000    100000000.000000
  2471.200000    0.079138    362553.000000    28691.669686    17132.000000    100000000.000000
  2471.400000    0.081146    363904.000000    29529.499855    17614.000000    100000000.000000
  2471.601000    0.082442    364847.000000    30078.550498    18047.000000    100000000.000000
  2471.800000    0.084567    365168.000000    30881.111899    18608.000000    100000000.000000
  2472.000000    0.089135    364596.000000    32498.183938    19584.000000    100000000.000000
  2472.200000    0.090639    365159.000000    33097.590183    19987.000000    100000000.000000
  2472.400000    0.092541    364944.000000    33772.440313    20645.000000    100000000.000000
  2472.600000    0.095129    368536.000000    35058.469729    20883.000000    100000000.000000
  2472.800000    0.094464    368532.000000    34813.017640    20848.000000    100000000.000000
  2473.000000    0.094862    368414.000000    34948.390873    20949.000000    100000000.000000
  2473.200000    0.095139    368178.000000    35028.177267    21131.000000    100000000.000000
  2473.399000    0.094872    367936.000000    34906.995778    21155.000000    100000000.000000
  2473.601000    0.094274    369281.000000    34813.666328    20995.000000    100000000.000000
  2473.801000    0.093966    369204.000000    34692.539375    20952.000000    100000000.000000
  2474.000000    0.094061    369796.000000    34783.398397    21067.000000    100000000.000000
  2474.201000    0.096261    370078.000000    35623.969692    21464.000000    100000000.000000
  2474.399000    0.096825    370312.000000    35855.345963    21781.000000    100000000.000000
  2474.601000    0.100119    369646.000000    37008.653306    22250.000000    100000000.000000
  2474.801000    0.104576    369257.000000    38615.481821    23287.000000    100000000.000000
  2475.000000    0.109136    369365.000000    40311.183403    24162.000000    100000000.000000
  2475.201000    0.114485    370116.000000    42372.723239    25416.000000    100000000.000000
  2475.400000    0.117824    371162.000000    43731.879562    26354.000000    100000000.000000
  2475.601000    0.124575    370790.000000    46191.050374    28019.000000    100000000.000000
  2475.801000    0.131475    371310.000000    48818.101616    29384.000000    100000000.000000
  2476.000000    0.143306    370811.000000    53139.257353    31894.000000    100000000.000000
  2476.201000    0.161764    371656.000000    60120.634841    36085.000000    100000000.000000
  2476.400000    0.179149    371564.000000    66565.475765    39483.000000    100000000.000000
  2476.600000    0.204221    373135.000000    76202.144291    45232.000000    100000000.000000
  2476.800000    0.234209    373058.000000    87373.593514    51648.000000    100000000.000000
  2477.000000    0.266968    372659.000000    99487.923516    58946.000000    100000000.000000
  2477.200000    0.295596    372633.000000    110148.803296    64314.000000    100000000.000000
  2477.401000    0.310629    373442.000000    116001.974798    68247.000000    100000000.000000
  2477.600000    0.315765    372914.000000    117753.284749    68580.000000    100000000.000000
  2477.801000    0.307943    373596.000000    115046.427232    67040.000000    100000000.000000
  2478.000000    0.292093    374573.000000    109410.050736    63990.000000    100000000.000000
  2478.200000    0.274085    374049.000000    102521.299242    59956.000000    100000000.000000
  2478.401000    0.261809    372907.000000    97630.368081    57265.000000    100000000.000000
  2478.601000    0.259892    372776.000000    96881.463049    56759.000000    100000000.000000
  2478.800000    0.262125    372570.000000    97659.743097    57228.000000    100000000.000000
  2479.000000    0.266636    371742.000000    99119.896904    57871.000000    100000000.000000
  2479.199000    0.278426    372439.000000    103696.747694    60417.000000    100000000.000000
  2479.401000    0.296772    372361.000000    110506.318115    64348.000000    100000000.000000
  2479.600000    0.322667    371513.000000    119874.841151    69216.000000    100000000.000000
  2479.801000    0.371826    370691.000000    137832.598782    79456.000000    100000000.000000
  2480.000000    0.437343    369631.000000    161655.557322    92764.000000    100000000.000000
  2480.200000    0.525721    371000.000000    195042.584732    110330.000000    100000000.000000
  2480.401000    0.619160    370771.000000    229566.649434    127431.000000    100000000.000000
  2480.601000    0.727004    370843.000000    269604.438273    148008.000000    100000000.000000
  2480.798000    0.842042    373617.000000    314601.332910    168556.000000    100000000.000000
  2481.000000    0.968638    373612.000000    361894.846722    191018.000000    100000000.000000
  2481.200000    1.090801    373645.000000    407572.215613    212474.000000    100000000.000000
  2481.400000    1.201874    367182.000000    441306.553972    243016.000000    100000000.000000
  2481.601000    1.210974    375948.000000    455263.421839    229691.000000    100000000.000000
  2481.800000    1.227077    375247.000000    460456.865965    233104.000000    100000000.000000
  2482.000000    1.195679    375333.000000    448777.778258    229346.000000    100000000.000000
  2482.200000    1.125648    375934.000000    423169.456038    219616.000000    100000000.000000
  2482.400000    1.028286    375372.000000    385989.887241    202298.000000    100000000.000000
  2482.600000    0.908329    375498.000000    341075.568555    183461.000000    100000000.000000
  2482.800000    0.778500    375286.000000    292160.267337    160033.000000    100000000.000000
  2483.001000    0.662429    374059.000000    247787.662067    137681.000000    100000000.000000
  2483.200000    0.562308    374624.000000    210653.933634    117444.000000    100000000.000000
  2483.400000    0.481484    374100.000000    180123.027191    102394.000000    100000000.000000
  2483.601000    0.422590    372783.000000    157534.481970    90045.000000    100000000.000000
  2483.800000    0.375948    371045.000000    139493.508837    80762.000000    100000000.000000
  2483.999000    0.346978    370964.000000    128716.169834    74346.000000    100000000.000000
  2484.200000    0.323993    369921.000000    119851.929001    69878.000000    100000000.000000
  2484.400000    0.312799    368115.000000    115145.905405    67315.000000    100000000.000000
  2484.600000    0.300330    366825.000000    110168.685541    63883.000000    100000000.000000
  2484.801000    0.297520    365170.000000    108645.408203    63528.000000    100000000.000000
  2485.000000    0.294791    364941.000000    107581.144833    62596.000000    100000000.000000
  2485.200000    0.290003    362289.000000    105065.016378    61283.000000    100000000.000000
  2485.401000    0.292012    359691.000000    105034.220078    61250.000000    100000000.000000
  2485.600000    0.291920    357900.000000    104478.303889    61580.000000    100000000.000000
  2485.801000    0.290158    356398.000000    103411.838073    60505.000000    100000000.000000
  2486.000000    0.292860    353601.000000    103555.472287    60695.000000    100000000.000000
  2486.200000    0.293313    351777.000000    103180.785591    60715.000000    100000000.000000
  2486.401000    0.294175    349210.000000    102728.857632    60519.000000    100000000.000000
  2486.599000    0.297480    346124.000000    102964.984870    60995.000000    100000000.000000
  2486.801000    0.300050    343202.000000    102977.677373    61105.000000    100000000.000000
  2487.000000    0.303596    342288.000000    103917.317448    62187.000000    100000000.000000
  2487.200000    0.306718    338020.000000    103676.929220    62273.000000    100000000.000000
  2487.400000    0.310181    335199.000000    103972.406696    62300.000000    100000000.000000
  2487.601000    0.314857    333293.000000    104939.471216    63395.000000    100000000.000000
  2487.800000    0.319323    328735.000000    104972.544838    63222.000000    100000000.000000
  2488.000000    0.325434    326490.000000    106250.972422    64311.000000    100000000.000000
  2488.200000    0.327316    324101.000000    106083.468086    64525.000000    100000000.000000
  2488.400000    0.330154    321910.000000    106279.993236    64818.000000    100000000.000000
  2488.601000    0.335809    319592.000000    107321.849554    65716.000000    100000000.000000
  2488.800000    0.340758    316461.000000    107836.756619    66272.000000    100000000.000000
  2489.000000    0.342246    313267.000000    107214.276122    66446.000000    100000000.000000
  2489.200000    0.348205    310640.000000    108166.335753    67223.000000    100000000.000000
  2489.400000    0.351920    308554.000000    108586.198487    68130.000000    100000000.000000
  2489.600000    0.354560    305570.000000    108342.819210    67874.000000    100000000.000000
  2489.800000    0.356164    303537.000000    108109.045412    68120.000000    100000000.000000
  2490.000000    0.359347    300332.000000    107923.368519    68394.000000    100000000.000000
  2490.200000    0.366139    297799.000000    109035.794116    69289.000000    100000000.000000
  2490.400000    0.368477    297324.000000    109556.966072    69580.000000    100000000.000000
  2490.600000    0.370829    295768.000000    109679.428098    69935.000000    100000000.000000
  2490.800000    0.375862    294885.000000    110836.144474    70691.000000    100000000.000000
  2491.000000    0.380068    292151.000000    111037.372258    71107.000000    100000000.000000
  2491.198000    0.383489    289650.000000    111077.468511    71404.000000    100000000.000000
  2491.402000    0.386378    288094.000000    111313.069677    71918.000000    100000000.000000
  2491.600000    0.389843    287368.000000    112028.322247    72293.000000    100000000.000000
  2491.801000    0.394489    283778.000000    111947.409402    72498.000000    100000000.000000
  2492.000000    0.394094    280193.000000    110422.302780    71914.000000    100000000.000000
  2492.201000    0.399781    279758.000000    111842.023687    73500.000000    100000000.000000
  2492.400000    0.404748    276097.000000    111749.682534    73102.000000    100000000.000000
  2492.601000    0.405984    273527.000000    111047.534424    73123.000000    100000000.000000
  2492.801000    0.413126    271461.000000    112147.596867    73891.000000    100000000.000000
  2493.001000    0.417561    268592.000000    112153.450977    74154.000000    100000000.000000
  2493.201000    0.420814    266138.000000    111994.650062    74405.000000    100000000.000000
  2493.401000    0.425234    264356.000000    112413.083294    74948.000000    100000000.000000
  2493.600000    0.430201    263233.000000    113243.138040    75550.000000    100000000.000000
  2493.800000    0.435637    259610.000000    113095.768729    75840.000000    100000000.000000
  2494.000000    0.441238    258201.000000    113928.017638    76410.000000    100000000.000000
  2494.200000    0.444174    255833.000000    113634.373801    76519.000000    100000000.000000
  2494.400000    0.449572    255262.000000    114758.766152    77371.000000    100000000.000000
  2494.600000    0.450059    251760.000000    113306.752200    76758.000000    100000000.000000
  2494.800000    0.455092    250011.000000    113778.040541    77311.000000    100000000.000000
  2495.000000    0.459619    248542.000000    114234.575263    77815.000000    100000000.000000
  2495.200000    0.462741    245588.000000    113643.591277    77857.000000    100000000.000000
  2495.400000    0.462661    244042.000000    112908.809637    77476.000000    100000000.000000
  2495.601000    0.464741    240419.000000    111732.485885    77169.000000    100000000.000000
  2495.800000    0.470581    238705.000000    112329.992262    77452.000000    100000000.000000
  2495.999000    0.473795    237073.000000    112324.046208    77824.000000    100000000.000000
  2496.199000    0.474563    233838.000000    110970.794800    77353.000000    100000000.000000
  2496.400000    0.477211    230386.000000    109942.623618    76761.000000    100000000.000000
  2496.600000    0.479530    229724.000000    110159.515758    77020.000000    100000000.000000
  2496.800000    0.479212    227776.000000    109153.058101    76531.000000    100000000.000000
  2497.000000    0.482503    227107.000000    109579.882048    76907.000000    100000000.000000
  2497.200000    0.484062    225194.000000    109007.894880    76746.000000    100000000.000000
  2497.400000    0.482706    224631.000000    108430.680184    76373.000000    100000000.000000
  2497.601000    0.488468    223767.000000    109302.923197    77001.000000    100000000.000000
  2497.801000    0.485259    221422.000000    107446.909845    76007.000000    100000000.000000
  2498.000000    0.487122    220007.000000    107170.175480    75872.000000    100000000.000000
  2498.200000    0.484881    218470.000000    105932.024486    75133.000000    100000000.000000
  2498.401000    0.482215    216740.000000    104515.242720    74367.000000    100000000.000000
  2498.600000    0.484018    215467.000000    104289.996386    74367.000000    100000000.000000
  2498.800000    0.479964    213233.000000    102344.160995    73294.000000    100000000.000000
  2499.000000    0.479915    211044.000000    101283.240525    72766.000000    100000000.000000
  2499.201000    0.473153    208295.000000    98555.410383    71152.000000    100000000.000000
  2499.400000    0.476054    205656.000000    97903.370265    71018.000000    100000000.000000
  2499.601000    0.469347    203242.000000    95390.947723    69404.000000    100000000.000000
  2499.800000    0.470823    199290.000000    93830.280382    68986.000000    100000000.000000
  2500.001000    0.464232    197201.000000    91547.070185    67175.000000    100000000.000000
  2500.999000    0.411202    397541.000000    163469.773603    95623.000000    100000000.000000
  2501.999000    0.385564    404192.000000    155841.890113    91295.000000    100000000.000000
  2502.999000    0.367850    405940.000000    149324.940950    87447.000000    100000000.000000
  2504.001000    0.353173    407632.000000    143964.754072    84890.000000    100000000.000000
  2505.001000    0.336975    408168.000000    137542.613553    81715.000000    100000000.000000
  2506.000000    0.325933    409951.000000    133616.704581    79434.000000    100000000.000000
  2507.000000    0.316382    409407.000000    129529.118683    77123.000000    100000000.000000
  2508.000000    0.309516    410314.000000    126998.904613    76234.000000    100000000.000000
  2509.000000    0.305322    411411.000000    125612.772253    75890.000000    100000000.000000
  2510.001000    0.305145    411952.000000    125705.075400    75986.000000    100000000.000000
  2511.001000    0.302651    412655.000000    124890.624912    75961.000000    100000000.000000
  2512.000000    0.305631    412510.000000    126075.809543    76910.000000    100000000.000000
  2513.001000    0.302610    413101.000000    125008.467059    76639.000000    100000000.000000
  2514.000000    0.302572    414821.000000    125513.152160    77406.000000    100000000.000000
  2515.000000    0.303158    412991.000000    125201.422989    77677.000000    100000000.000000
  2516.000000    0.303260    416101.000000    126186.820232    78199.000000    100000000.000000
  2517.000000    0.303611    415807.000000    126243.699436    78481.000000    100000000.000000
  2518.001000    0.302854    417297.000000    126379.953712    79131.000000    100000000.000000
  2518.999000    0.303360    420136.000000    127452.252124    79924.000000    100000000.000000
  2520.001000    0.298705    423385.000000    126467.148066    79427.000000    100000000.000000
  2521.000000    0.299110    425513.000000    127275.305646    80373.000000    100000000.000000
  2522.001000    0.298533    427471.000000    127614.336657    80797.000000    100000000.000000
  2523.001000    0.297873    429386.000000    127902.453043    81810.000000    100000000.000000
  2524.000000    0.298906    430582.000000    128703.716762    82517.000000    100000000.000000
  2524.999000    0.296661    433542.000000    128615.167852    82641.000000    100000000.000000
  2526.000000    0.299454    433246.000000    129737.040695    84126.000000    100000000.000000
  2527.000000    0.298727    433410.000000    129471.056557    83787.000000    100000000.000000
  2527.999000    0.297683    436324.000000    129886.359123    83705.000000    100000000.000000
  2529.000000    0.297773    434209.000000    129295.551419    83900.000000    100000000.000000
  2530.000000    0.296516    433630.000000    128578.277342    83406.000000    100000000.000000
  2531.001000    0.299244    431801.000000    129214.019789    83888.000000    100000000.000000
  2532.000000    0.299418    432234.000000    129418.747202    84031.000000    100000000.000000
  2533.000000    0.303344    430737.000000    130661.603956    84571.000000    100000000.000000
  2534.000000    0.302288    429287.000000    129768.365176    84587.000000    100000000.000000
  2535.001000    0.301743    427900.000000    129115.946438    84386.000000    100000000.000000
  2536.000000    0.305724    422687.000000    129225.507309    84714.000000    100000000.000000
  2537.000000    0.304457    422455.000000    128619.296573    84842.000000    100000000.000000
  2538.000000    0.306118    416742.000000    127572.213521    84622.000000    100000000.000000
  2538.999000    0.311058    417135.000000    129752.999146    86422.000000    100000000.000000
  2540.000000    0.309655    415207.000000    128570.906444    86135.000000    100000000.000000
  2541.000000    0.312224    416180.000000    129941.248265    86912.000000    100000000.000000
  2542.000000    0.313721    415379.000000    130313.009933    87661.000000    100000000.000000
  2543.000000    0.317701    412855.000000    131164.321451    88738.000000    100000000.000000
  2544.001000    0.317901    407755.000000    129625.771693    88656.000000    100000000.000000
  2545.000000    0.320152    413612.000000    132418.608600    90243.000000    100000000.000000
  2546.000000    0.321720    411721.000000    132458.833667    90766.000000    100000000.000000
  2547.000000    0.322134    411791.000000    132651.967482    91383.000000    100000000.000000
  2548.000000    0.325947    414350.000000    135055.955988    93361.000000    100000000.000000
  2549.001000    0.327596    414763.000000    135874.509840    93882.000000    100000000.000000
