# From file /cars5/Data/xas_user/2013.2/Langman/s_xanes_nasulfite.001
# Time : Mon Jul 29 15:58:50 2013
# Energy: 13IDE:En:Energy.VAL
#---------------------------------
#   energy     mufluor    i0    fluor_corr   fluor_raw  time
  2450.000000    0.050273    334608.000000    16821.732073    16477.000000    100000000.000000
  2451.000000    0.050913    334249.000000    17017.459253    16660.000000    100000000.000000
  2452.000000    0.051345    335152.000000    17208.518441    16853.000000    100000000.000000
  2453.000000    0.049365    339938.000000    16781.094754    16469.000000    100000000.000000
  2454.000000    0.048860    341451.000000    16683.232573    16355.000000    100000000.000000
  2455.000000    0.048425    343541.000000    16635.818518    16330.000000    100000000.000000
  2456.000000    0.047944    344595.000000    16521.396490    16188.000000    100000000.000000
  2457.000000    0.047795    346309.000000    16551.985201    16240.000000    100000000.000000
  2458.000000    0.047018    346885.000000    16309.906773    15973.000000    100000000.000000
  2459.000000    0.046163    348972.000000    16109.754878    15770.000000    100000000.000000
  2460.000000    0.046394    349073.000000    16194.971472    15855.000000    100000000.000000
  2461.000000    0.045562    351828.000000    16029.876532    15694.000000    100000000.000000
  2462.000000    0.045028    352047.000000    15852.114290    15532.000000    100000000.000000
  2463.000000    0.045839    351667.000000    16119.962935    15801.000000    100000000.000000
  2464.000000    0.044808    354560.000000    15887.176302    15583.000000    100000000.000000
  2465.000000    0.044505    356177.000000    15851.672015    15539.000000    100000000.000000
  2466.000000    0.045861    354538.000000    16259.379789    15943.000000    100000000.000000
  2467.001000    0.045032    358319.000000    16135.932231    15811.000000    100000000.000000
  2468.000000    0.044495    362886.000000    16146.698515    15824.000000    100000000.000000
  2468.200000    0.044566    363050.000000    16179.525022    15846.000000    100000000.000000
  2468.400000    0.044385    363088.000000    16115.543327    15784.000000    100000000.000000
  2468.600000    0.045416    364799.000000    16567.578506    16256.000000    100000000.000000
  2468.800000    0.045101    365239.000000    16472.498431    16165.000000    100000000.000000
  2469.001000    0.044020    366431.000000    16130.113956    15808.000000    100000000.000000
  2469.200000    0.044985    365350.000000    16435.223987    16095.000000    100000000.000000
  2469.400000    0.044925    365308.000000    16411.537186    16039.000000    100000000.000000
  2469.600000    0.044563    365616.000000    16293.068709    15984.000000    100000000.000000
  2469.800000    0.044910    366630.000000    16465.374276    16125.000000    100000000.000000
  2470.000000    0.045481    367443.000000    16711.738164    16343.000000    100000000.000000
  2470.201000    0.045498    368154.000000    16750.265163    16422.000000    100000000.000000
  2470.400000    0.045023    369253.000000    16624.760612    16318.000000    100000000.000000
  2470.601000    0.045828    368264.000000    16876.969452    16555.000000    100000000.000000
  2470.800000    0.045258    368560.000000    16680.285848    16314.000000    100000000.000000
  2470.999000    0.046742    369285.000000    17261.281115    16904.000000    100000000.000000
  2471.199000    0.046886    369462.000000    17322.621389    17001.000000    100000000.000000
  2471.400000    0.047208    369979.000000    17465.876465    17128.000000    100000000.000000
  2471.600000    0.047150    370992.000000    17492.213554    17093.000000    100000000.000000
  2471.800000    0.047659    369941.000000    17631.027328    17262.000000    100000000.000000
  2472.000000    0.048373    370521.000000    17923.195039    17540.000000    100000000.000000
  2472.201000    0.048676    370454.000000    18032.158316    17676.000000    100000000.000000
  2472.399000    0.048873    371304.000000    18146.835996    17766.000000    100000000.000000
  2472.600000    0.050797    374275.000000    19012.112368    18640.000000    100000000.000000
  2472.800000    0.051329    374102.000000    19202.159660    18789.000000    100000000.000000
  2472.999000    0.051930    374309.000000    19437.904329    18993.000000    100000000.000000
  2473.199000    0.052761    373774.000000    19720.775887    19335.000000    100000000.000000
  2473.400000    0.054992    374186.000000    20577.279469    20156.000000    100000000.000000
  2473.601000    0.056935    373675.000000    21275.007295    20853.000000    100000000.000000
  2473.800000    0.057807    375186.000000    21688.268393    21244.000000    100000000.000000
  2474.000000    0.058769    375776.000000    22083.821275    21606.000000    100000000.000000
  2474.200000    0.059180    376419.000000    22276.519255    21765.000000    100000000.000000
  2474.400000    0.060969    375876.000000    22916.820895    22407.000000    100000000.000000
  2474.600000    0.062181    376330.000000    23400.438679    22910.000000    100000000.000000
  2474.799000    0.063659    376464.000000    23965.145255    23407.000000    100000000.000000
  2475.000000    0.065326    376975.000000    24626.415310    24070.000000    100000000.000000
  2475.199000    0.070768    376958.000000    26676.490068    26039.000000    100000000.000000
  2475.400000    0.075109    378041.000000    28394.434299    27748.000000    100000000.000000
  2475.599000    0.081120    377405.000000    30615.112715    29894.000000    100000000.000000
  2475.800000    0.091200    376699.000000    34355.092115    33478.000000    100000000.000000
  2476.000000    0.104256    377166.000000    39322.003943    38295.000000    100000000.000000
  2476.200000    0.124083    377708.000000    46866.974451    45520.000000    100000000.000000
  2476.400000    0.151593    378117.000000    57319.706756    55310.000000    100000000.000000
  2476.599000    0.192395    378365.000000    72795.656799    69928.000000    100000000.000000
  2476.801000    0.235167    378263.000000    88954.967294    84933.000000    100000000.000000
  2477.000000    0.269154    378190.000000    101791.499147    96745.000000    100000000.000000
  2477.200000    0.287587    378067.000000    108727.217117    102989.000000    100000000.000000
  2477.400000    0.289616    378243.000000    109545.104677    103832.000000    100000000.000000
  2477.600000    0.280338    378051.000000    105981.959071    100625.000000    100000000.000000
  2477.800000    0.260321    378891.000000    98633.318801    93853.000000    100000000.000000
  2478.000000    0.228713    379532.000000    86803.964820    82966.000000    100000000.000000
  2478.200000    0.194535    379016.000000    73731.854912    70883.000000    100000000.000000
  2478.400000    0.172461    379201.000000    65397.302756    63020.000000    100000000.000000
  2478.601000    0.159297    379180.000000    60402.254479    58276.000000    100000000.000000
  2478.800000    0.157427    378575.000000    59597.936774    57517.000000    100000000.000000
  2479.000000    0.162475    378385.000000    61477.975949    59245.000000    100000000.000000
  2479.201000    0.162848    378556.000000    61647.074337    59447.000000    100000000.000000
  2479.400000    0.160384    378645.000000    60728.477145    58597.000000    100000000.000000
  2479.601000    0.156053    378344.000000    59041.552174    56958.000000    100000000.000000
  2479.801000    0.155275    377058.000000    58547.638709    56607.000000    100000000.000000
  2480.000000    0.157592    376427.000000    59321.854188    57211.000000    100000000.000000
  2480.200000    0.166235    376593.000000    62603.023149    60404.000000    100000000.000000
  2480.399000    0.172478    377361.000000    65086.522642    62764.000000    100000000.000000
  2480.601000    0.175086    377391.000000    66076.045087    63759.000000    100000000.000000
  2480.801000    0.175695    377703.000000    66360.421768    63868.000000    100000000.000000
  2481.000000    0.176013    377409.000000    66428.997163    64010.000000    100000000.000000
  2481.200000    0.174432    377039.000000    65767.741828    63325.000000    100000000.000000
  2481.400000    0.171085    374301.000000    64037.434904    61734.000000    100000000.000000
  2481.600000    0.166871    379099.000000    63260.535433    60990.000000    100000000.000000
  2481.800000    0.159362    378136.000000    60260.611682    58149.000000    100000000.000000
  2482.000000    0.153324    377160.000000    57827.862658    55883.000000    100000000.000000
  2482.200000    0.146835    376560.000000    55292.080222    53490.000000    100000000.000000
  2482.400000    0.142017    375688.000000    53354.110559    51662.000000    100000000.000000
  2482.600000    0.140806    375671.000000    52896.612754    51281.000000    100000000.000000
  2482.800000    0.140096    373512.000000    52327.538757    50657.000000    100000000.000000
  2483.000000    0.141231    371649.000000    52488.181323    50788.000000    100000000.000000
  2483.200000    0.140863    372017.000000    52403.400369    50786.000000    100000000.000000
  2483.400000    0.141204    368206.000000    51992.077260    50388.000000    100000000.000000
  2483.600000    0.141844    367325.000000    52102.733086    50509.000000    100000000.000000
  2483.800000    0.140938    365185.000000    51468.475516    49957.000000    100000000.000000
  2484.000000    0.140902    362496.000000    51076.299418    49526.000000    100000000.000000
  2484.200000    0.140305    359968.000000    50505.381087    48987.000000    100000000.000000
  2484.400000    0.139538    357148.000000    49835.660993    48381.000000    100000000.000000
  2484.601000    0.138008    355478.000000    49058.953932    47596.000000    100000000.000000
  2484.798000    0.137094    351828.000000    48233.345339    46844.000000    100000000.000000
  2485.000000    0.135342    349189.000000    47259.825159    45882.000000    100000000.000000
  2485.200000    0.132391    345734.000000    45771.988897    44519.000000    100000000.000000
  2485.400000    0.130938    341387.000000    44700.485213    43356.000000    100000000.000000
  2485.600000    0.126849    339450.000000    43058.975098    41975.000000    100000000.000000
  2485.800000    0.127864    334605.000000    42783.866807    41648.000000    100000000.000000
  2486.000000    0.128066    333149.000000    42665.165123    41553.000000    100000000.000000
  2486.200000    0.127551    329845.000000    42072.148817    40920.000000    100000000.000000
  2486.400000    0.128293    325179.000000    41718.235749    40610.000000    100000000.000000
  2486.600000    0.129335    322844.000000    41755.055982    40635.000000    100000000.000000
  2486.800000    0.130694    321561.000000    42026.087256    40956.000000    100000000.000000
  2487.001000    0.129565    318703.000000    41292.823066    40239.000000    100000000.000000
  2487.201000    0.130899    314304.000000    41141.944582    40043.000000    100000000.000000
  2487.401000    0.130953    312770.000000    40958.242188    39890.000000    100000000.000000
  2487.600000    0.130743    310012.000000    40531.925918    39566.000000    100000000.000000
  2487.800000    0.129957    308261.000000    40060.671179    39016.000000    100000000.000000
  2487.999000    0.129605    304908.000000    39517.590646    38512.000000    100000000.000000
  2488.200000    0.130266    301966.000000    39335.790999    38371.000000    100000000.000000
  2488.399000    0.132010    300605.000000    39682.805109    38681.000000    100000000.000000
  2488.600000    0.130001    297449.000000    38668.742059    37714.000000    100000000.000000
  2488.800000    0.132212    294897.000000    38988.803170    38009.000000    100000000.000000
  2488.999000    0.134112    293746.000000    39394.766098    38489.000000    100000000.000000
  2489.200000    0.134906    289720.000000    39085.066634    38164.000000    100000000.000000
  2489.400000    0.134805    286997.000000    38688.662082    37825.000000    100000000.000000
  2489.600000    0.135718    284579.000000    38622.381359    37727.000000    100000000.000000
  2489.800000    0.134915    280819.000000    37886.648226    37001.000000    100000000.000000
  2490.000000    0.135449    278696.000000    37749.119332    36864.000000    100000000.000000
  2490.200000    0.134791    272697.000000    36757.205245    35930.000000    100000000.000000
  2490.400000    0.131755    270604.000000    35653.321818    34801.000000    100000000.000000
  2490.600000    0.131581    268239.000000    35295.135119    34481.000000    100000000.000000
  2490.802000    0.130303    264414.000000    34453.906095    33652.000000    100000000.000000
  2491.000000    0.129470    262387.000000    33971.187557    33199.000000    100000000.000000
  2491.200000    0.128504    262320.000000    33709.213540    32956.000000    100000000.000000
  2491.400000    0.128396    258127.000000    33142.545429    32396.000000    100000000.000000
  2491.600000    0.127019    256463.000000    32575.782475    31917.000000    100000000.000000
  2491.800000    0.127634    253596.000000    32367.477998    31675.000000    100000000.000000
  2492.000000    0.128589    251884.000000    32389.388032    31720.000000    100000000.000000
  2492.200000    0.127468    248699.000000    31701.276715    31052.000000    100000000.000000
  2492.398000    0.129209    246485.000000    31848.072540    31207.000000    100000000.000000
  2492.600000    0.129713    243124.000000    31536.239769    30889.000000    100000000.000000
  2492.800000    0.131364    242462.000000    31850.680184    31225.000000    100000000.000000
  2493.000000    0.131665    238878.000000    31451.895801    30808.000000    100000000.000000
  2493.200000    0.133663    236686.000000    31636.263510    30945.000000    100000000.000000
  2493.400000    0.132473    234486.000000    31063.028205    30489.000000    100000000.000000
  2493.600000    0.134394    232488.000000    31245.074341    30600.000000    100000000.000000
  2493.800000    0.135061    229494.000000    30995.639586    30415.000000    100000000.000000
  2494.000000    0.134714    226167.000000    30467.852164    29879.000000    100000000.000000
  2494.200000    0.136161    224375.000000    30551.123256    29974.000000    100000000.000000
  2494.400000    0.136463    221789.000000    30265.998622    29598.000000    100000000.000000
  2494.600000    0.136014    221052.000000    30066.125536    29425.000000    100000000.000000
  2494.801000    0.138440    216855.000000    30021.431051    29475.000000    100000000.000000
  2495.000000    0.137954    215005.000000    29660.720584    29098.000000    100000000.000000
  2495.199000    0.139456    211229.000000    29457.237081    28845.000000    100000000.000000
  2495.400000    0.139274    211428.000000    29446.368576    28885.000000    100000000.000000
  2495.599000    0.140842    207323.000000    29199.682643    28561.000000    100000000.000000
  2495.801000    0.141555    205173.000000    29043.312450    28496.000000    100000000.000000
  2495.999000    0.144366    203296.000000    29349.087337    28799.000000    100000000.000000
  2496.200000    0.142584    198884.000000    28357.651852    27785.000000    100000000.000000
  2496.400000    0.144420    197087.000000    28463.308382    27943.000000    100000000.000000
  2496.600000    0.145492    194561.000000    28307.107301    27817.000000    100000000.000000
  2496.801000    0.147023    191624.000000    28173.228467    27594.000000    100000000.000000
  2496.999000    0.143635    189312.000000    27191.857218    26668.000000    100000000.000000
  2497.200000    0.146453    187391.000000    27443.891269    26958.000000    100000000.000000
  2497.400000    0.145078    185577.000000    26923.098904    26427.000000    100000000.000000
  2497.600000    0.143103    183771.000000    26298.118240    25775.000000    100000000.000000
  2497.800000    0.143794    181200.000000    26055.521851    25587.000000    100000000.000000
  2498.001000    0.141192    179524.000000    25347.412125    24942.000000    100000000.000000
  2498.200000    0.141240    177347.000000    25048.495062    24593.000000    100000000.000000
  2498.400000    0.139445    175198.000000    24430.431930    24046.000000    100000000.000000
  2498.600000    0.139318    172154.000000    23984.070308    23516.000000    100000000.000000
  2498.800000    0.140566    170255.000000    23932.147823    23536.000000    100000000.000000
  2498.999000    0.137003    166557.000000    22818.726386    22480.000000    100000000.000000
  2499.201000    0.136359    164472.000000    22427.230470    22054.000000    100000000.000000
  2499.400000    0.135364    161268.000000    21829.961946    21453.000000    100000000.000000
  2499.599000    0.134954    158977.000000    21454.556078    21146.000000    100000000.000000
  2499.801000    0.131538    155770.000000    20489.646719    20202.000000    100000000.000000
  2500.000000    0.131723    153077.000000    20163.755638    19838.000000    100000000.000000
  2501.001000    0.121623    395645.000000    48119.485570    46756.000000    100000000.000000
  2502.000000    0.119239    396854.000000    47320.423703    45947.000000    100000000.000000
  2503.001000    0.117998    396924.000000    46836.399855    45552.000000    100000000.000000
  2504.001000    0.116279    398289.000000    46312.619568    45125.000000    100000000.000000
  2505.000000    0.114680    397073.000000    45536.457412    44302.000000    100000000.000000
  2506.001000    0.114569    394463.000000    45193.301478    43934.000000    100000000.000000
  2507.000000    0.112727    393336.000000    44339.454804    43105.000000    100000000.000000
  2508.000000    0.114222    393141.000000    44905.262993    43714.000000    100000000.000000
  2509.000000    0.114206    392554.000000    44832.161333    43661.000000    100000000.000000
  2510.000000    0.114469    390047.000000    44648.116924    43428.000000    100000000.000000
  2511.001000    0.114169    388894.000000    44399.778003    43237.000000    100000000.000000
  2512.001000    0.112884    386286.000000    43605.482394    42548.000000    100000000.000000
  2513.000000    0.111691    386414.000000    43159.012927    42062.000000    100000000.000000
  2514.000000    0.111238    385359.000000    42866.675544    41816.000000    100000000.000000
  2515.001000    0.108808    382529.000000    41622.156208    40598.000000    100000000.000000
  2516.000000    0.106881    383258.000000    40963.095170    39959.000000    100000000.000000
  2517.000000    0.105657    381008.000000    40256.351619    39248.000000    100000000.000000
  2518.001000    0.105832    382000.000000    40427.683031    39431.000000    100000000.000000
  2519.000000    0.104844    383150.000000    40171.076692    39166.000000    100000000.000000
  2520.001000    0.106138    381261.000000    40466.312839    39448.000000    100000000.000000
  2521.000000    0.106676    385289.000000    41100.982679    40131.000000    100000000.000000
  2522.001000    0.106812    387126.000000    41349.833270    40327.000000    100000000.000000
  2523.001000    0.108399    388166.000000    42076.778716    41070.000000    100000000.000000
  2523.999000    0.107482    386450.000000    41536.571944    40534.000000    100000000.000000
  2525.001000    0.107769    387405.000000    41750.415512    40696.000000    100000000.000000
  2526.000000    0.107325    387759.000000    41616.388968    40544.000000    100000000.000000
  2527.000000    0.108082    385853.000000    41703.767830    40703.000000    100000000.000000
  2528.000000    0.108970    385394.000000    41996.402582    40907.000000    100000000.000000
  2529.000000    0.110811    385717.000000    42741.653550    41664.000000    100000000.000000
  2530.000000    0.110938    384450.000000    42650.183236    41595.000000    100000000.000000
  2531.000000    0.111677    384325.000000    42920.198249    41810.000000    100000000.000000
  2532.001000    0.113243    383221.000000    43396.998614    42290.000000    100000000.000000
  2533.000000    0.114629    381542.000000    43735.782001    42654.000000    100000000.000000
  2534.000000    0.114970    381814.000000    43897.302511    42833.000000    100000000.000000
  2535.001000    0.116057    375253.000000    43550.910309    42489.000000    100000000.000000
  2536.000000    0.114516    372441.000000    42650.569069    41601.000000    100000000.000000
  2537.000000    0.115769    373443.000000    43233.239454    42163.000000    100000000.000000
  2538.000000    0.113932    369987.000000    42153.203024    41109.000000    100000000.000000
  2539.001000    0.114597    370156.000000    42418.680645    41428.000000    100000000.000000
  2540.000000    0.113458    367284.000000    41671.323781    40654.000000    100000000.000000
  2541.001000    0.112820    365949.000000    41286.331250    40380.000000    100000000.000000
  2542.000000    0.111855    364798.000000    40804.332857    39864.000000    100000000.000000
  2543.000000    0.111376    364408.000000    40586.245755    39649.000000    100000000.000000
  2544.000000    0.111055    364607.000000    40491.310560    39560.000000    100000000.000000
  2545.000000    0.110297    361298.000000    39849.949910    38990.000000    100000000.000000
  2546.000000    0.111495    367359.000000    40958.824271    39956.000000    100000000.000000
  2547.001000    0.112599    370815.000000    41753.390310    40742.000000    100000000.000000
  2548.001000    0.109804    373860.000000    41051.337561    40079.000000    100000000.000000
  2549.001000    0.111850    376764.000000    42140.952930    41163.000000    100000000.000000
