# From file /cars5/Data/xas_user/2013.2/Langman/s_xanes_coso4.001
# Time : Mon Jul 29 19:51:17 2013
# Energy: 13IDE:En:Energy.VAL
#---------------------------------
#   energy     mufluor    i0    fluor_corr   fluor_raw  time
  2450.000000    0.120043    314032.000000    37697.387083    36168.000000    100000000.000000
  2451.000000    0.118887    318638.000000    37881.965576    36282.000000    100000000.000000
  2451.999000    0.118425    320253.000000    37925.886395    36355.000000    100000000.000000
  2453.000000    0.113463    325421.000000    36923.178543    35360.000000    100000000.000000
  2454.001000    0.111538    329686.000000    36772.473208    35247.000000    100000000.000000
  2455.000000    0.110369    331787.000000    36619.012426    35099.000000    100000000.000000
  2456.000000    0.108226    333017.000000    36041.047710    34591.000000    100000000.000000
  2457.001000    0.107444    335589.000000    36057.011850    34553.000000    100000000.000000
  2458.000000    0.105652    337758.000000    35684.678316    34239.000000    100000000.000000
  2459.000000    0.103809    340235.000000    35319.566459    33927.000000    100000000.000000
  2460.000000    0.104257    340962.000000    35547.562656    34110.000000    100000000.000000
  2461.000000    0.101602    342592.000000    34807.996986    33407.000000    100000000.000000
  2462.001000    0.101140    344012.000000    34793.344940    33425.000000    100000000.000000
  2463.000000    0.099073    345833.000000    34262.546487    32935.000000    100000000.000000
  2464.000000    0.097182    348702.000000    33887.454506    32565.000000    100000000.000000
  2464.999000    0.096053    350231.000000    33640.830069    32344.000000    100000000.000000
  2466.000000    0.096766    351525.000000    34015.806705    32699.000000    100000000.000000
  2467.000000    0.094209    354488.000000    33395.978348    32124.000000    100000000.000000
  2468.000000    0.092980    357699.000000    33258.924394    31968.000000    100000000.000000
  2468.201000    0.092698    358678.000000    33248.754696    31944.000000    100000000.000000
  2468.400000    0.092874    359643.000000    33401.337464    32082.000000    100000000.000000
  2468.600000    0.090649    361088.000000    32732.310081    31506.000000    100000000.000000
  2468.800000    0.089505    361793.000000    32382.228236    31137.000000    100000000.000000
  2469.001000    0.090083    363617.000000    32755.820970    31479.000000    100000000.000000
  2469.201000    0.089134    363392.000000    32390.507005    31126.000000    100000000.000000
  2469.401000    0.090664    363366.000000    32944.263393    31678.000000    100000000.000000
  2469.601000    0.088486    363861.000000    32196.618381    30971.000000    100000000.000000
  2469.800000    0.089059    363955.000000    32413.547450    31201.000000    100000000.000000
  2470.000000    0.087440    364828.000000    31900.600991    30671.000000    100000000.000000
  2470.199000    0.088166    365276.000000    32205.076078    31014.000000    100000000.000000
  2470.400000    0.087692    365260.000000    32030.232848    30786.000000    100000000.000000
  2470.600000    0.087317    365552.000000    31918.740857    30684.000000    100000000.000000
  2470.801000    0.087702    365319.000000    32039.090304    30847.000000    100000000.000000
  2471.000000    0.088371    367110.000000    32441.715148    31184.000000    100000000.000000
  2471.201000    0.088702    367569.000000    32603.985487    31364.000000    100000000.000000
  2471.400000    0.087935    368071.000000    32366.196901    31133.000000    100000000.000000
  2471.600000    0.088839    367617.000000    32658.797144    31388.000000    100000000.000000
  2471.801000    0.089590    367290.000000    32905.445715    31604.000000    100000000.000000
  2472.001000    0.091124    366779.000000    33422.341369    32124.000000    100000000.000000
  2472.200000    0.092738    366854.000000    34021.372190    32655.000000    100000000.000000
  2472.401000    0.092081    366520.000000    33749.556266    32419.000000    100000000.000000
  2472.601000    0.096409    370037.000000    35674.721138    34222.000000    100000000.000000
  2472.801000    0.094260    369015.000000    34783.490150    33400.000000    100000000.000000
  2473.000000    0.094164    368598.000000    34708.534669    33371.000000    100000000.000000
  2473.200000    0.093790    368831.000000    34592.719877    33263.000000    100000000.000000
  2473.400000    0.092958    369230.000000    34322.754019    33010.000000    100000000.000000
  2473.600000    0.092773    369760.000000    34303.596001    33005.000000    100000000.000000
  2473.801000    0.093374    370322.000000    34578.295564    33257.000000    100000000.000000
  2474.000000    0.092482    371508.000000    34357.778684    33054.000000    100000000.000000
  2474.200000    0.092572    371789.000000    34417.194605    33084.000000    100000000.000000
  2474.401000    0.091684    371808.000000    34088.802381    32822.000000    100000000.000000
  2474.601000    0.092140    371374.000000    34218.423185    32920.000000    100000000.000000
  2474.800000    0.091572    371717.000000    34038.849676    32742.000000    100000000.000000
  2475.000000    0.092427    372020.000000    34384.800145    33034.000000    100000000.000000
  2475.200000    0.092910    372551.000000    34613.774026    33273.000000    100000000.000000
  2475.400000    0.092431    373558.000000    34528.296142    33230.000000    100000000.000000
  2475.600000    0.093350    372746.000000    34795.989599    33493.000000    100000000.000000
  2475.800000    0.093713    373128.000000    34966.759236    33617.000000    100000000.000000
  2476.001000    0.094636    372800.000000    35280.180486    33981.000000    100000000.000000
  2476.200000    0.096242    372875.000000    35886.351865    34515.000000    100000000.000000
  2476.401000    0.097980    372668.000000    36514.155813    35081.000000    100000000.000000
  2476.601000    0.099940    373178.000000    37295.275989    35817.000000    100000000.000000
  2476.801000    0.101299    373287.000000    37813.507235    36327.000000    100000000.000000
  2477.000000    0.103839    373025.000000    38734.642313    37232.000000    100000000.000000
  2477.200000    0.104844    372420.000000    39046.070652    37460.000000    100000000.000000
  2477.400000    0.106680    372593.000000    39748.361475    38130.000000    100000000.000000
  2477.602000    0.111809    372151.000000    41609.761290    39895.000000    100000000.000000
  2477.800000    0.114918    372352.000000    42789.921954    41076.000000    100000000.000000
  2478.001000    0.117310    372804.000000    43733.663355    41943.000000    100000000.000000
  2478.199000    0.121867    372831.000000    45435.776677    43525.000000    100000000.000000
  2478.399000    0.128369    372295.000000    47791.166282    45750.000000    100000000.000000
  2478.601000    0.136405    372413.000000    50798.907296    48564.000000    100000000.000000
  2478.801000    0.145283    372080.000000    54056.865131    51549.000000    100000000.000000
  2479.001000    0.158304    371444.000000    58801.009346    56036.000000    100000000.000000
  2479.199000    0.173980    372568.000000    64819.425235    61639.000000    100000000.000000
  2479.400000    0.197502    371997.000000    73470.300164    69684.000000    100000000.000000
  2479.601000    0.231992    371369.000000    86154.487635    81320.000000    100000000.000000
  2479.801000    0.281714    369894.000000    104204.447441    97715.000000    100000000.000000
  2480.000000    0.344259    370046.000000    127391.647490    118309.000000    100000000.000000
  2480.200000    0.407534    371479.000000    151390.293539    139521.000000    100000000.000000
  2480.401000    0.469739    372176.000000    174825.464099    159787.000000    100000000.000000
  2480.601000    0.546241    372635.000000    203548.381921    184222.000000    100000000.000000
  2480.800000    0.632082    372975.000000    235750.615734    210070.000000    100000000.000000
  2481.000000    0.695088    372676.000000    259042.530239    229424.000000    100000000.000000
  2481.198000    0.724292    372714.000000    269953.940675    238124.000000    100000000.000000
  2481.400000    0.733463    366484.000000    268802.443557    237347.000000    100000000.000000
  2481.599000    0.715194    374535.000000    267865.199901    235657.000000    100000000.000000
  2481.801000    0.691555    373490.000000    258288.992346    228413.000000    100000000.000000
  2482.000000    0.655192    374251.000000    245206.196164    218003.000000    100000000.000000
  2482.200000    0.600439    374796.000000    225042.074468    201857.000000    100000000.000000
  2482.400000    0.539390    373479.000000    201450.937931    182122.000000    100000000.000000
  2482.600000    0.480735    373278.000000    179447.625777    163610.000000    100000000.000000
  2482.800000    0.422881    373292.000000    157858.184361    145230.000000    100000000.000000
  2483.000000    0.378327    371894.000000    140697.397623    130335.000000    100000000.000000
  2483.200000    0.337089    372569.000000    125588.732609    116896.000000    100000000.000000
  2483.400000    0.303712    370642.000000    112568.434538    105176.000000    100000000.000000
  2483.601000    0.277889    369414.000000    102655.947867    96430.000000    100000000.000000
  2483.800000    0.259235    367539.000000    95279.005409    89781.000000    100000000.000000
  2484.000000    0.246895    367383.000000    90705.179749    85473.000000    100000000.000000
  2484.200000    0.240045    365842.000000    87818.566480    82949.000000    100000000.000000
  2484.399000    0.235418    363964.000000    85683.625474    80988.000000    100000000.000000
  2484.600000    0.233156    363652.000000    84787.730813    80108.000000    100000000.000000
  2484.800000    0.232099    362276.000000    84084.071197    79417.000000    100000000.000000
  2485.001000    0.232136    359999.000000    83568.548741    79018.000000    100000000.000000
  2485.201000    0.232837    357394.000000    83214.377904    78685.000000    100000000.000000
  2485.401000    0.234202    354742.000000    83081.319664    78469.000000    100000000.000000
  2485.600000    0.237307    352862.000000    83736.713801    79266.000000    100000000.000000
  2485.801000    0.239895    348615.000000    83630.981440    79059.000000    100000000.000000
  2485.999000    0.242800    347087.000000    84272.591779    79673.000000    100000000.000000
  2486.200000    0.242645    344205.000000    83519.588684    79083.000000    100000000.000000
  2486.399000    0.245243    341397.000000    83725.270183    79254.000000    100000000.000000
  2486.602000    0.246105    337243.000000    82997.263825    78598.000000    100000000.000000
  2486.800000    0.247510    333844.000000    82629.762766    78185.000000    100000000.000000
  2487.001000    0.245234    331853.000000    81381.603065    77162.000000    100000000.000000
  2487.201000    0.246534    328763.000000    81051.417840    76742.000000    100000000.000000
  2487.399000    0.244014    325938.000000    79533.297632    75437.000000    100000000.000000
  2487.601000    0.245090    325393.000000    79750.729870    75728.000000    100000000.000000
  2487.800000    0.243926    322244.000000    78603.558539    74643.000000    100000000.000000
  2488.000000    0.246695    320066.000000    78958.642927    75077.000000    100000000.000000
  2488.200000    0.246087    317939.000000    78240.505539    74292.000000    100000000.000000
  2488.401000    0.247008    315784.000000    78001.175407    74090.000000    100000000.000000
  2488.600000    0.247035    314154.000000    77606.942938    73717.000000    100000000.000000
  2488.800000    0.246931    311906.000000    77019.226196    73240.000000    100000000.000000
  2489.001000    0.249735    310260.000000    77482.833673    73777.000000    100000000.000000
  2489.200000    0.250565    308268.000000    77241.123278    73427.000000    100000000.000000
  2489.401000    0.252563    307776.000000    77732.678249    73831.000000    100000000.000000
  2489.600000    0.252330    303863.000000    76673.706957    72906.000000    100000000.000000
  2489.801000    0.253768    300910.000000    76361.370205    72578.000000    100000000.000000
  2490.002000    0.254845    302511.000000    77093.353788    73391.000000    100000000.000000
  2490.201000    0.254519    298511.000000    75976.835183    72356.000000    100000000.000000
  2490.400000    0.253460    297248.000000    75340.413607    71789.000000    100000000.000000
  2490.600000    0.252053    295280.000000    74426.251800    70838.000000    100000000.000000
  2490.801000    0.251134    291564.000000    73221.739660    69840.000000    100000000.000000
  2491.000000    0.252150    291199.000000    73425.921158    69976.000000    100000000.000000
  2491.200000    0.250622    288104.000000    72205.200149    68891.000000    100000000.000000
  2491.401000    0.251814    284839.000000    71726.373254    68462.000000    100000000.000000
  2491.601000    0.252091    282879.000000    71311.348163    68028.000000    100000000.000000
  2491.801000    0.253990    280906.000000    71347.198346    68125.000000    100000000.000000
  2492.000000    0.253047    278998.000000    70599.479873    67400.000000    100000000.000000
  2492.200000    0.258168    276754.000000    71449.026548    68334.000000    100000000.000000
  2492.399000    0.261539    274144.000000    71699.367540    68438.000000    100000000.000000
  2492.601000    0.266440    270864.000000    72169.016982    68888.000000    100000000.000000
  2492.800000    0.268144    269042.000000    72142.093759    68793.000000    100000000.000000
  2493.000000    0.274191    267557.000000    73361.634552    70081.000000    100000000.000000
  2493.200000    0.279724    264977.000000    74120.418031    70793.000000    100000000.000000
  2493.399000    0.283750    262142.000000    74382.849987    71100.000000    100000000.000000
  2493.601000    0.290716    260808.000000    75821.076764    72418.000000    100000000.000000
  2493.800000    0.296354    257679.000000    76364.168451    72840.000000    100000000.000000
  2494.000000    0.300734    256143.000000    77030.835430    73510.000000    100000000.000000
  2494.200000    0.305254    253899.000000    77503.748787    73977.000000    100000000.000000
  2494.400000    0.311223    251570.000000    78294.328026    74556.000000    100000000.000000
  2494.600000    0.311391    250536.000000    78014.618347    74386.000000    100000000.000000
  2494.800000    0.318304    249383.000000    79379.554519    75526.000000    100000000.000000
  2495.001000    0.322082    247779.000000    79805.089238    76116.000000    100000000.000000
  2495.200000    0.324225    245112.000000    79471.457816    75873.000000    100000000.000000
  2495.401000    0.325753    242747.000000    79075.666522    75468.000000    100000000.000000
  2495.600000    0.329307    240715.000000    79269.083669    75676.000000    100000000.000000
  2495.801000    0.334789    239582.000000    80209.515345    76430.000000    100000000.000000
  2496.000000    0.333837    237121.000000    79159.878439    75591.000000    100000000.000000
  2496.200000    0.335052    235424.000000    78879.370182    75356.000000    100000000.000000
  2496.400000    0.334491    234119.000000    78310.719354    74727.000000    100000000.000000
  2496.600000    0.336765    230648.000000    77674.221364    74158.000000    100000000.000000
  2496.800000    0.337365    228326.000000    77029.134083    73625.000000    100000000.000000
  2497.000000    0.334699    226484.000000    75803.952029    72468.000000    100000000.000000
  2497.200000    0.336633    224314.000000    75511.575235    72298.000000    100000000.000000
  2497.400000    0.332585    221442.000000    73648.345404    70611.000000    100000000.000000
  2497.600000    0.330974    220806.000000    73080.993317    69910.000000    100000000.000000
  2497.801000    0.327956    217642.000000    71376.893716    68351.000000    100000000.000000
  2498.001000    0.323323    215011.000000    69517.936445    66846.000000    100000000.000000
  2498.200000    0.318939    213275.000000    68021.706088    65268.000000    100000000.000000
  2498.401000    0.315162    210634.000000    66383.834988    63763.000000    100000000.000000
  2498.600000    0.311725    208723.000000    65064.119715    62536.000000    100000000.000000
  2498.800000    0.305828    206247.000000    63076.128976    60630.000000    100000000.000000
  2499.001000    0.303725    204728.000000    62181.011928    59873.000000    100000000.000000
  2499.200000    0.297277    203228.000000    60414.966407    58132.000000    100000000.000000
  2499.401000    0.292108    200968.000000    58704.270599    56522.000000    100000000.000000
  2499.601000    0.285531    199147.000000    56862.593363    54870.000000    100000000.000000
  2499.800000    0.282636    198549.000000    56117.023391    54169.000000    100000000.000000
  2500.000000    0.277546    197307.000000    54761.755272    52869.000000    100000000.000000
  2501.000000    0.280867    395958.000000    111211.444183    104332.000000    100000000.000000
  2502.000000    0.267306    402238.000000    107520.668917    100687.000000    100000000.000000
  2502.999000    0.254961    404596.000000    103156.316334    96831.000000    100000000.000000
  2504.001000    0.243330    405943.000000    98778.055841    92888.000000    100000000.000000
  2505.001000    0.234775    406710.000000    95485.239285    89873.000000    100000000.000000
  2506.001000    0.227623    408989.000000    93095.414834    87756.000000    100000000.000000
  2507.001000    0.221653    409416.000000    90748.193532    85575.000000    100000000.000000
  2508.000000    0.217652    409766.000000    89186.468941    84275.000000    100000000.000000
  2509.000000    0.212795    411386.000000    87540.842912    82746.000000    100000000.000000
  2510.001000    0.212807    411543.000000    87579.358685    82723.000000    100000000.000000
  2511.000000    0.211971    412248.000000    87384.751713    82567.000000    100000000.000000
  2512.000000    0.212753    411521.000000    87552.209788    82780.000000    100000000.000000
  2513.000000    0.213158    412191.000000    87861.728601    83059.000000    100000000.000000
  2514.000000    0.214239    414239.000000    88746.119293    83958.000000    100000000.000000
  2515.000000    0.216996    414466.000000    89937.615738    84992.000000    100000000.000000
  2516.000000    0.218030    414378.000000    90346.727786    85483.000000    100000000.000000
  2516.997000    0.217044    417272.000000    90566.461282    85850.000000    100000000.000000
  2518.000000    0.214925    416700.000000    89559.399472    84729.000000    100000000.000000
  2519.001000    0.213076    419269.000000    89335.978282    84467.000000    100000000.000000
  2520.000000    0.211727    422263.000000    89404.361724    84453.000000    100000000.000000
  2521.001000    0.209276    426037.000000    89159.114414    84364.000000    100000000.000000
  2522.001000    0.207584    427710.000000    88785.726251    83960.000000    100000000.000000
  2523.000000    0.205975    429648.000000    88496.665005    83731.000000    100000000.000000
  2524.000000    0.204156    429228.000000    87629.436483    82865.000000    100000000.000000
  2525.001000    0.203906    431931.000000    88073.125486    83403.000000    100000000.000000
  2526.000000    0.204235    430863.000000    87997.097326    83378.000000    100000000.000000
  2527.002000    0.203002    431583.000000    87612.174049    82966.000000    100000000.000000
  2528.000000    0.202882    433443.000000    87937.987977    83386.000000    100000000.000000
  2529.001000    0.203183    433942.000000    88169.558353    83617.000000    100000000.000000
  2529.999000    0.203780    432561.000000    88147.176864    83498.000000    100000000.000000
  2531.000000    0.203180    431615.000000    87695.637390    83070.000000    100000000.000000
  2532.001000    0.202086    428793.000000    86653.012071    82151.000000    100000000.000000
  2533.001000    0.203511    429548.000000    87417.739056    82765.000000    100000000.000000
  2534.000000    0.204178    427547.000000    87295.541282    82640.000000    100000000.000000
  2535.001000    0.205699    425183.000000    87459.526344    82866.000000    100000000.000000
  2536.000000    0.204269    423812.000000    86571.529164    81988.000000    100000000.000000
  2537.000000    0.205254    420049.000000    86216.585697    81636.000000    100000000.000000
  2538.000000    0.205877    417075.000000    85866.013399    81334.000000    100000000.000000
  2539.000000    0.205379    419027.000000    86059.501084    81528.000000    100000000.000000
  2540.000000    0.205589    415047.000000    85329.212545    80878.000000    100000000.000000
  2541.001000    0.208671    414145.000000    86420.016365    82051.000000    100000000.000000
  2542.000000    0.208988    411261.000000    85948.517432    81424.000000    100000000.000000
  2543.000000    0.208192    411840.000000    85741.651273    81334.000000    100000000.000000
  2544.000000    0.210387    413616.000000    87019.408905    82557.000000    100000000.000000
  2545.001000    0.211557    414891.000000    87773.100080    83129.000000    100000000.000000
  2546.000000    0.212400    413909.000000    87914.266655    83289.000000    100000000.000000
  2547.000000    0.213547    416567.000000    88956.474352    84349.000000    100000000.000000
  2548.000000    0.215428    416193.000000    89659.727343    84934.000000    100000000.000000
  2549.000000    0.216973    420485.000000    91234.028077    86253.000000    100000000.000000
