# From file /cars5/Data/xas_user/2013.2/Langman/s_xanes_cds.002
# Time : Mon Jul 29 20:41:01 2013
# Energy: 13IDE:En:Energy.VAL
#---------------------------------
#   energy     mufluor    i0    fluor_corr   fluor_raw  time
  2450.000000    0.040260    308598.000000    12424.181067    11591.000000    100000000.000000
  2451.000000    0.041552    311098.000000    12926.755559    12057.000000    100000000.000000
  2451.999000    0.041871    310705.000000    13009.584776    12136.000000    100000000.000000
  2453.000000    0.040820    316295.000000    12911.024881    12045.000000    100000000.000000
  2454.000000    0.040856    321531.000000    13136.609615    12260.000000    100000000.000000
  2455.000000    0.040645    324436.000000    13186.783943    12305.000000    100000000.000000
  2456.000000    0.039798    326167.000000    12980.898935    12114.000000    100000000.000000
  2457.000000    0.039583    329551.000000    13044.574907    12174.000000    100000000.000000
  2457.999000    0.039306    332353.000000    13063.519437    12205.000000    100000000.000000
  2459.000000    0.039241    335518.000000    13165.915101    12272.000000    100000000.000000
  2459.999000    0.039145    337733.000000    13220.496241    12348.000000    100000000.000000
  2461.001000    0.038452    339742.000000    13063.888337    12202.000000    100000000.000000
  2462.000000    0.038030    342187.000000    13013.283503    12162.000000    100000000.000000
  2463.000000    0.039109    343172.000000    13421.111920    12531.000000    100000000.000000
  2464.000000    0.038315    347365.000000    13309.418008    12440.000000    100000000.000000
  2465.000000    0.038965    349996.000000    13637.562121    12766.000000    100000000.000000
  2466.000000    0.038572    350943.000000    13536.497712    12639.000000    100000000.000000
  2467.001000    0.039316    353655.000000    13904.175284    12988.000000    100000000.000000
  2468.000000    0.041702    357038.000000    14889.062308    13927.000000    100000000.000000
  2468.201000    0.042896    358200.000000    15365.499384    14346.000000    100000000.000000
  2468.400000    0.043331    358658.000000    15541.145491    14510.000000    100000000.000000
  2468.600000    0.044142    359975.000000    15889.847072    14846.000000    100000000.000000
  2468.800000    0.046143    361765.000000    16693.043875    15594.000000    100000000.000000
  2469.000000    0.047530    361573.000000    17185.445196    16035.000000    100000000.000000
  2469.201000    0.050581    361891.000000    18304.722708    17071.000000    100000000.000000
  2469.400000    0.055586    362695.000000    20160.808297    18828.000000    100000000.000000
  2469.601000    0.062024    362543.000000    22486.298175    20930.000000    100000000.000000
  2469.800000    0.071306    362930.000000    25879.235861    24058.000000    100000000.000000
  2470.000000    0.083570    364163.000000    30433.097261    28287.000000    100000000.000000
  2470.200000    0.099200    366156.000000    36322.798818    33623.000000    100000000.000000
  2470.399000    0.119737    366050.000000    43829.758163    40534.000000    100000000.000000
  2470.600000    0.146544    365242.000000    53524.010931    49287.000000    100000000.000000
  2470.801000    0.178106    365482.000000    65094.689253    59664.000000    100000000.000000
  2471.000000    0.211165    367037.000000    77505.536116    70495.000000    100000000.000000
  2471.200000    0.242562    366513.000000    88902.297972    80572.000000    100000000.000000
  2471.400000    0.267946    367007.000000    98337.971167    88631.000000    100000000.000000
  2471.601000    0.279473    367311.000000    102653.482854    92609.000000    100000000.000000
  2471.800000    0.284567    366845.000000    104391.832344    93994.000000    100000000.000000
  2472.000000    0.284516    369053.000000    105001.522188    94608.000000    100000000.000000
  2472.201000    0.281390    368827.000000    103784.362322    93471.000000    100000000.000000
  2472.399000    0.275032    368222.000000    101272.837246    91520.000000    100000000.000000
  2472.601000    0.270084    372333.000000    100561.177834    90454.000000    100000000.000000
  2472.800000    0.266199    372020.000000    99031.457975    89291.000000    100000000.000000
  2473.000000    0.266210    370558.000000    98646.292429    88954.000000    100000000.000000
  2473.200000    0.267918    370322.000000    99215.814013    89639.000000    100000000.000000
  2473.400000    0.268249    370118.000000    99283.634097    89705.000000    100000000.000000
  2473.600000    0.267961    370626.000000    99313.167029    89818.000000    100000000.000000
  2473.800000    0.258222    371605.000000    95956.717713    86653.000000    100000000.000000
  2474.000000    0.246615    372457.000000    91853.371049    83280.000000    100000000.000000
  2474.201000    0.233495    372845.000000    87057.296362    78957.000000    100000000.000000
  2474.400000    0.223261    372788.000000    83229.080976    75742.000000    100000000.000000
  2474.601000    0.217947    372111.000000    81100.383245    73680.000000    100000000.000000
  2474.801000    0.215915    372759.000000    80484.329278    73307.000000    100000000.000000
  2475.001000    0.219128    373809.000000    81912.138752    74581.000000    100000000.000000
  2475.201000    0.220624    373646.000000    82435.175036    75017.000000    100000000.000000
  2475.400000    0.218578    374967.000000    81959.593132    74567.000000    100000000.000000
  2475.600000    0.210861    375510.000000    79180.445636    72135.000000    100000000.000000
  2475.800000    0.203992    375714.000000    76642.578112    69844.000000    100000000.000000
  2476.000000    0.193591    375749.000000    72741.762424    66461.000000    100000000.000000
  2476.201000    0.185399    375095.000000    69542.371294    63591.000000    100000000.000000
  2476.399000    0.178148    375915.000000    66968.591386    61278.000000    100000000.000000
  2476.601000    0.171451    376117.000000    64485.801447    59055.000000    100000000.000000
  2476.800000    0.164771    376661.000000    62062.886351    56922.000000    100000000.000000
  2477.000000    0.159635    376506.000000    60103.590858    55267.000000    100000000.000000
  2477.200000    0.155552    377057.000000    58651.864658    53900.000000    100000000.000000
  2477.400000    0.152748    376968.000000    57581.034463    52942.000000    100000000.000000
  2477.600000    0.150378    376850.000000    56670.116948    52042.000000    100000000.000000
  2477.801000    0.150107    376389.000000    56498.679209    51940.000000    100000000.000000
  2477.999000    0.149581    377500.000000    56466.721158    51935.000000    100000000.000000
  2478.200000    0.150424    377151.000000    56732.564207    52136.000000    100000000.000000
  2478.400000    0.150925    376650.000000    56845.834127    52194.000000    100000000.000000
  2478.601000    0.150845    376601.000000    56808.197637    52281.000000    100000000.000000
  2478.800000    0.146408    376228.000000    55082.892932    50650.000000    100000000.000000
  2479.000000    0.143546    376166.000000    53997.266444    49647.000000    100000000.000000
  2479.200000    0.139090    375720.000000    52258.924404    48067.000000    100000000.000000
  2479.400000    0.139789    376178.000000    52585.547947    48410.000000    100000000.000000
  2479.600000    0.137665    375369.000000    51674.990467    47508.000000    100000000.000000
  2479.801000    0.139054    375167.000000    52168.399573    47957.000000    100000000.000000
  2480.002000    0.141484    374213.000000    52945.045760    48736.000000    100000000.000000
  2480.200000    0.149837    374584.000000    56126.578049    51576.000000    100000000.000000
  2480.400000    0.156380    374751.000000    58603.610288    53836.000000    100000000.000000
  2480.600000    0.162686    374888.000000    60988.892083    56006.000000    100000000.000000
  2480.799000    0.172238    374718.000000    64540.686397    59147.000000    100000000.000000
  2481.000000    0.181565    374552.000000    68005.584141    62181.000000    100000000.000000
  2481.200000    0.191379    373880.000000    71552.704099    65316.000000    100000000.000000
  2481.400000    0.198990    365920.000000    72814.488737    67063.000000    100000000.000000
  2481.600000    0.205523    374661.000000    77001.442903    70142.000000    100000000.000000
  2481.800000    0.209677    375990.000000    78836.346319    71759.000000    100000000.000000
  2482.000000    0.211187    375600.000000    79321.879899    72183.000000    100000000.000000
  2482.200000    0.210529    373757.000000    78686.652491    71673.000000    100000000.000000
  2482.400000    0.210770    374100.000000    78848.894756    71793.000000    100000000.000000
  2482.600000    0.206549    373445.000000    77134.662275    70328.000000    100000000.000000
  2482.801000    0.206639    373364.000000    77151.698540    70247.000000    100000000.000000
  2483.000000    0.203700    371162.000000    75605.866519    68899.000000    100000000.000000
  2483.200000    0.205180    370730.000000    76066.199996    69231.000000    100000000.000000
  2483.400000    0.200844    369211.000000    74153.711256    67693.000000    100000000.000000
  2483.600000    0.198770    366007.000000    72751.206123    66310.000000    100000000.000000
  2483.800000    0.197495    365050.000000    72095.393264    65969.000000    100000000.000000
  2483.999000    0.195852    362617.000000    71019.084336    64952.000000    100000000.000000
  2484.200000    0.192507    360961.000000    69487.649733    63646.000000    100000000.000000
  2484.400000    0.189839    359723.000000    68289.327220    62592.000000    100000000.000000
  2484.601000    0.187828    355746.000000    66819.099557    61158.000000    100000000.000000
  2484.801000    0.185136    355522.000000    65819.808036    60371.000000    100000000.000000
  2485.000000    0.181793    352400.000000    64063.814289    58867.000000    100000000.000000
  2485.200000    0.182165    348624.000000    63507.202323    58243.000000    100000000.000000
  2485.401000    0.179010    347695.000000    62240.792763    57242.000000    100000000.000000
  2485.600000    0.176776    345089.000000    61003.557491    56160.000000    100000000.000000
  2485.800000    0.173873    342531.000000    59556.933155    54791.000000    100000000.000000
  2486.000000    0.173169    340428.000000    58951.576032    54343.000000    100000000.000000
  2486.200000    0.169716    337697.000000    57312.479171    52945.000000    100000000.000000
  2486.400000    0.167590    335093.000000    56158.309498    51827.000000    100000000.000000
  2486.600000    0.165854    333293.000000    55278.112323    51095.000000    100000000.000000
  2486.800000    0.165016    329546.000000    54380.416666    50222.000000    100000000.000000
  2487.000000    0.162454    326554.000000    53050.018875    49058.000000    100000000.000000
  2487.200000    0.161915    325539.000000    52709.782390    48803.000000    100000000.000000
  2487.400000    0.160405    322728.000000    51767.209641    48001.000000    100000000.000000
  2487.599000    0.160348    320483.000000    51388.857088    47794.000000    100000000.000000
  2487.800000    0.159380    316892.000000    50506.369161    46890.000000    100000000.000000
  2488.000000    0.159546    316026.000000    50420.738711    46814.000000    100000000.000000
  2488.200000    0.158198    313038.000000    49521.994448    46014.000000    100000000.000000
  2488.400000    0.159615    311591.000000    49734.618646    46242.000000    100000000.000000
  2488.599000    0.159796    308547.000000    49304.481854    45811.000000    100000000.000000
  2488.800000    0.161121    308343.000000    49680.503446    46216.000000    100000000.000000
  2489.000000    0.161224    305596.000000    49269.359091    45868.000000    100000000.000000
  2489.200000    0.162400    303916.000000    49355.907847    45936.000000    100000000.000000
  2489.400000    0.163427    301670.000000    49300.888449    45914.000000    100000000.000000
  2489.601000    0.164538    299300.000000    49246.297458    45852.000000    100000000.000000
  2489.801000    0.165477    298062.000000    49322.319979    45946.000000    100000000.000000
  2490.000000    0.166694    294898.000000    49157.657543    45854.000000    100000000.000000
  2490.200000    0.167344    292358.000000    48924.319622    45692.000000    100000000.000000
  2490.401000    0.169794    290901.000000    49393.369382    46110.000000    100000000.000000
  2490.600000    0.169918    288959.000000    49099.251197    45876.000000    100000000.000000
  2490.802000    0.172842    284838.000000    49231.993128    46016.000000    100000000.000000
  2491.000000    0.173801    283172.000000    49215.583717    46024.000000    100000000.000000
  2491.200000    0.173757    280774.000000    48786.493517    45639.000000    100000000.000000
  2491.400000    0.175809    278405.000000    48946.099480    45774.000000    100000000.000000
  2491.601000    0.177309    276372.000000    49003.270076    45888.000000    100000000.000000
  2491.801000    0.178255    274594.000000    48947.761038    45763.000000    100000000.000000
  2492.000000    0.179703    272685.000000    49002.284370    45908.000000    100000000.000000
  2492.201000    0.180885    270059.000000    48849.538627    45767.000000    100000000.000000
  2492.401000    0.182891    266169.000000    48679.783165    45612.000000    100000000.000000
  2492.600000    0.185962    265382.000000    49350.865765    46265.000000    100000000.000000
  2492.801000    0.185753    262761.000000    48808.600163    45702.000000    100000000.000000
  2493.000000    0.186373    261030.000000    48648.862786    45681.000000    100000000.000000
  2493.200000    0.187256    259099.000000    48517.938250    45536.000000    100000000.000000
  2493.401000    0.187303    257279.000000    48189.061618    45280.000000    100000000.000000
  2493.600000    0.190154    255739.000000    48629.799941    45668.000000    100000000.000000
  2493.800000    0.191700    253700.000000    48634.334756    45771.000000    100000000.000000
  2494.000000    0.191975    250505.000000    48090.661649    45258.000000    100000000.000000
  2494.201000    0.191982    248334.000000    47675.722671    44839.000000    100000000.000000
  2494.401000    0.192616    247484.000000    47669.287712    44830.000000    100000000.000000
  2494.600000    0.193084    244567.000000    47221.921839    44467.000000    100000000.000000
  2494.801000    0.192666    243051.000000    46827.768089    44136.000000    100000000.000000
  2495.000000    0.194322    240530.000000    46740.195478    44134.000000    100000000.000000
  2495.201000    0.193246    237873.000000    45967.965693    43356.000000    100000000.000000
  2495.400000    0.195101    235458.000000    45938.047622    43365.000000    100000000.000000
  2495.601000    0.193553    234420.000000    45372.777119    42887.000000    100000000.000000
  2495.801000    0.192609    232588.000000    44798.556004    42339.000000    100000000.000000
  2496.000000    0.193577    231821.000000    44875.211420    42360.000000    100000000.000000
  2496.200000    0.191142    228291.000000    43636.111636    41266.000000    100000000.000000
  2496.400000    0.190144    226558.000000    43078.666447    40780.000000    100000000.000000
  2496.600000    0.192698    225021.000000    43361.158681    41024.000000    100000000.000000
  2496.802000    0.192271    223436.000000    42960.349527    40659.000000    100000000.000000
  2497.000000    0.190991    221259.000000    42258.417743    40072.000000    100000000.000000
  2497.200000    0.192376    220077.000000    42337.494499    40152.000000    100000000.000000
  2497.400000    0.191118    218224.000000    41706.618588    39560.000000    100000000.000000
  2497.600000    0.190536    215385.000000    41038.614188    38902.000000    100000000.000000
  2497.801000    0.191928    215872.000000    41431.797362    39276.000000    100000000.000000
  2498.000000    0.191498    214368.000000    41050.999809    39010.000000    100000000.000000
  2498.200000    0.189191    213100.000000    40316.499688    38297.000000    100000000.000000
  2498.401000    0.189290    210898.000000    39920.919687    37921.000000    100000000.000000
  2498.600000    0.189295    207960.000000    39365.826851    37416.000000    100000000.000000
  2498.801000    0.189684    205971.000000    39069.406944    37183.000000    100000000.000000
  2499.001000    0.186464    203097.000000    37870.212220    36080.000000    100000000.000000
  2499.201000    0.185431    201819.000000    37423.567801    35631.000000    100000000.000000
  2499.400000    0.186465    198540.000000    37020.810812    35373.000000    100000000.000000
  2499.600000    0.185040    197405.000000    36527.803586    34890.000000    100000000.000000
  2499.800000    0.186407    193404.000000    36051.954521    34399.000000    100000000.000000
  2500.000000    0.186517    191257.000000    35672.721575    34092.000000    100000000.000000
  2501.000000    0.186286    399511.000000    74423.502378    68260.000000    100000000.000000
  2502.000000    0.182741    404674.000000    73950.518798    67773.000000    100000000.000000
  2502.999000    0.181606    406856.000000    73887.583898    67623.000000    100000000.000000
  2503.999000    0.176757    407466.000000    72022.373065    65983.000000    100000000.000000
  2505.001000    0.174342    407520.000000    71047.920099    65133.000000    100000000.000000
  2506.001000    0.170085    409832.000000    69706.211883    63874.000000    100000000.000000
  2507.001000    0.168634    410146.000000    69164.699219    63524.000000    100000000.000000
  2508.000000    0.168061    409933.000000    68893.715848    63391.000000    100000000.000000
  2509.001000    0.167596    410013.000000    68716.404352    63067.000000    100000000.000000
  2510.001000    0.168179    411168.000000    69149.773585    63578.000000    100000000.000000
  2511.001000    0.170858    411963.000000    70387.277611    64790.000000    100000000.000000
  2512.000000    0.170992    411146.000000    70302.634756    64738.000000    100000000.000000
  2513.000000    0.172510    410614.000000    70835.001641    65130.000000    100000000.000000
  2514.001000    0.172743    412021.000000    71173.570303    65504.000000    100000000.000000
  2515.001000    0.172868    411786.000000    71184.820103    65596.000000    100000000.000000
  2516.000000    0.174140    412403.000000    71816.055008    66214.000000    100000000.000000
  2517.000000    0.173209    412927.000000    71522.839695    65917.000000    100000000.000000
  2518.000000    0.173079    416217.000000    72038.468607    66382.000000    100000000.000000
  2519.001000    0.173215    418797.000000    72542.114650    66937.000000    100000000.000000
  2520.000000    0.173427    419107.000000    72684.471294    67020.000000    100000000.000000
  2521.001000    0.172955    421729.000000    72940.070860    67225.000000    100000000.000000
  2522.000000    0.173228    423568.000000    73373.695402    67743.000000    100000000.000000
  2523.000000    0.173452    428582.000000    74338.406495    68593.000000    100000000.000000
  2524.000000    0.174641    425068.000000    74234.456506    68609.000000    100000000.000000
  2525.001000    0.176054    425893.000000    74980.293600    69326.000000    100000000.000000
  2526.000000    0.179142    426740.000000    76447.078894    70739.000000    100000000.000000
  2527.000000    0.178498    424375.000000    75750.229489    69912.000000    100000000.000000
  2528.000000    0.179030    426219.000000    76306.077847    70441.000000    100000000.000000
  2529.000000    0.179424    426444.000000    76514.211044    70664.000000    100000000.000000
  2530.000000    0.182096    425464.000000    77475.176277    71579.000000    100000000.000000
  2531.000000    0.181529    423775.000000    76927.625308    71052.000000    100000000.000000
  2532.000000    0.182133    424313.000000    77281.448676    71500.000000    100000000.000000
  2532.999000    0.181843    422629.000000    76852.017198    70916.000000    100000000.000000
  2534.000000    0.180342    419830.000000    75713.158982    70072.000000    100000000.000000
  2535.000000    0.181865    418147.000000    76046.214621    70238.000000    100000000.000000
  2536.000000    0.179949    416224.000000    74898.981710    69274.000000    100000000.000000
  2537.000000    0.179436    414611.000000    74396.267395    68935.000000    100000000.000000
  2538.000000    0.179951    411382.000000    74028.676755    68650.000000    100000000.000000
  2539.002000    0.179567    410497.000000    73711.541020    68422.000000    100000000.000000
  2540.001000    0.179582    406198.000000    72945.692920    67781.000000    100000000.000000
  2541.001000    0.179393    405909.000000    72817.096844    67746.000000    100000000.000000
  2542.000000    0.178529    403906.000000    72109.133254    67042.000000    100000000.000000
  2543.000000    0.177782    401567.000000    71391.402726    66529.000000    100000000.000000
  2544.000000    0.175567    407338.000000    71515.224148    66551.000000    100000000.000000
  2545.000000    0.174201    407557.000000    70996.868191    66074.000000    100000000.000000
  2546.000000    0.172688    405839.000000    70083.709903    65324.000000    100000000.000000
  2547.000000    0.171789    404575.000000    69501.580160    64790.000000    100000000.000000
  2548.000000    0.170628    403001.000000    68763.418918    64212.000000    100000000.000000
  2549.000000    0.170878    411067.000000    70242.450235    65483.000000    100000000.000000
