# From file /cars5/Data/xas_user/2013.2/Langman/s_xanes_nisulfate.001
# Time : Mon Jul 29 15:34:12 2013
# Energy: 13IDE:En:Energy.VAL
#---------------------------------
#   energy     mufluor    i0    fluor_corr   fluor_raw  time
  2450.001000    0.042742    324026.000000    13849.539422    13396.000000    100000000.000000
  2451.001000    0.043839    322446.000000    14135.753634    13680.000000    100000000.000000
  2452.000000    0.044277    323622.000000    14329.080870    13857.000000    100000000.000000
  2453.000000    0.044244    326612.000000    14450.594481    13975.000000    100000000.000000
  2454.001000    0.043927    327739.000000    14396.629409    13950.000000    100000000.000000
  2455.001000    0.043904    327418.000000    14374.906299    13906.000000    100000000.000000
  2456.000000    0.044430    328899.000000    14612.825099    14137.000000    100000000.000000
  2457.000000    0.044563    329870.000000    14699.885550    14235.000000    100000000.000000
  2458.001000    0.044262    330430.000000    14625.633432    14148.000000    100000000.000000
  2459.000000    0.044658    333835.000000    14908.306671    14448.000000    100000000.000000
  2460.001000    0.045115    334134.000000    15074.464842    14580.000000    100000000.000000
  2461.001000    0.044440    333910.000000    14838.920215    14364.000000    100000000.000000
  2462.000000    0.045203    334545.000000    15122.560420    14616.000000    100000000.000000
  2463.000000    0.045625    331890.000000    15142.487658    14634.000000    100000000.000000
  2464.000000    0.045077    334483.000000    15077.404630    14587.000000    100000000.000000
  2465.000000    0.045039    336103.000000    15137.704334    14644.000000    100000000.000000
  2466.001000    0.046027    335123.000000    15424.859595    14900.000000    100000000.000000
  2467.001000    0.046314    336753.000000    15596.352549    15091.000000    100000000.000000
  2468.000000    0.045426    340177.000000    15452.715259    14954.000000    100000000.000000
  2468.199000    0.046461    339209.000000    15759.967689    15225.000000    100000000.000000
  2468.402000    0.046282    338934.000000    15686.478558    15174.000000    100000000.000000
  2468.601000    0.046489    338842.000000    15752.400701    15249.000000    100000000.000000
  2468.799000    0.046878    339191.000000    15900.504937    15371.000000    100000000.000000
  2469.000000    0.047078    339446.000000    15980.591522    15451.000000    100000000.000000
  2469.199000    0.047223    337742.000000    15949.107338    15421.000000    100000000.000000
  2469.399000    0.047458    336990.000000    15992.836468    15452.000000    100000000.000000
  2469.601000    0.046808    335620.000000    15709.627246    15204.000000    100000000.000000
  2469.800000    0.047971    334986.000000    16069.581701    15552.000000    100000000.000000
  2470.000000    0.048556    334520.000000    16242.985473    15718.000000    100000000.000000
  2470.200000    0.048645    334926.000000    16292.499447    15740.000000    100000000.000000
  2470.399000    0.048983    333374.000000    16329.804009    15785.000000    100000000.000000
  2470.600000    0.048929    332303.000000    16259.416405    15702.000000    100000000.000000
  2470.800000    0.050047    330983.000000    16564.550200    16037.000000    100000000.000000
  2471.000000    0.049927    331798.000000    16565.678568    15994.000000    100000000.000000
  2471.200000    0.049567    331037.000000    16408.346942    15858.000000    100000000.000000
  2471.399000    0.050004    330534.000000    16528.109383    15978.000000    100000000.000000
  2471.601000    0.050556    330083.000000    16687.700581    16133.000000    100000000.000000
  2471.800000    0.051219    328810.000000    16841.465619    16280.000000    100000000.000000
  2472.000000    0.050418    327152.000000    16494.433448    15935.000000    100000000.000000
  2472.200000    0.051431    326368.000000    16785.393704    16235.000000    100000000.000000
  2472.401000    0.050620    326105.000000    16507.448614    15948.000000    100000000.000000
  2472.599000    0.052502    328097.000000    17225.798421    16645.000000    100000000.000000
  2472.800000    0.052703    327649.000000    17268.186437    16670.000000    100000000.000000
  2473.000000    0.053320    325621.000000    17362.049565    16765.000000    100000000.000000
  2473.200000    0.053455    323426.000000    17288.599197    16717.000000    100000000.000000
  2473.400000    0.052111    322756.000000    16819.243539    16290.000000    100000000.000000
  2473.601000    0.053988    320808.000000    17319.751411    16753.000000    100000000.000000
  2473.800000    0.054538    320953.000000    17504.090733    16942.000000    100000000.000000
  2474.000000    0.054654    321177.000000    17553.610481    16978.000000    100000000.000000
  2474.200000    0.054726    320959.000000    17564.775098    16957.000000    100000000.000000
  2474.400000    0.054546    318679.000000    17382.702714    16810.000000    100000000.000000
  2474.600000    0.056250    317049.000000    17833.961177    17240.000000    100000000.000000
  2474.800000    0.056730    314719.000000    17853.874520    17272.000000    100000000.000000
  2475.001000    0.057309    315468.000000    18079.211307    17498.000000    100000000.000000
  2475.201000    0.058179    315715.000000    18367.985175    17756.000000    100000000.000000
  2475.399000    0.058391    316317.000000    18470.036127    17857.000000    100000000.000000
  2475.600000    0.058238    314468.000000    18314.010736    17705.000000    100000000.000000
  2475.801000    0.059413    311571.000000    18511.472060    17898.000000    100000000.000000
  2475.999000    0.060047    309946.000000    18611.318547    17980.000000    100000000.000000
  2476.200000    0.060950    308533.000000    18804.961180    18179.000000    100000000.000000
  2476.399000    0.061622    309385.000000    19065.072489    18430.000000    100000000.000000
  2476.600000    0.062241    309203.000000    19245.043764    18601.000000    100000000.000000
  2476.800000    0.063284    309402.000000    19580.110992    18921.000000    100000000.000000
  2477.000000    0.064287    305673.000000    19650.819559    18996.000000    100000000.000000
  2477.200000    0.065198    304297.000000    19839.656211    19193.000000    100000000.000000
  2477.400000    0.065630    302526.000000    19854.753960    19213.000000    100000000.000000
  2477.600000    0.069595    301918.000000    21011.917132    20308.000000    100000000.000000
  2477.801000    0.069810    301969.000000    21080.443700    20363.000000    100000000.000000
  2478.000000    0.074404    302608.000000    22515.140398    21729.000000    100000000.000000
  2478.199000    0.077734    300390.000000    23350.656366    22513.000000    100000000.000000
  2478.401000    0.084362    298039.000000    25143.208667    24250.000000    100000000.000000
  2478.600000    0.093268    296274.000000    27632.942361    26605.000000    100000000.000000
  2478.800000    0.107956    294341.000000    31775.873521    30618.000000    100000000.000000
  2479.001000    0.121888    293883.000000    35820.741652    34448.000000    100000000.000000
  2479.200000    0.131167    293908.000000    38551.145448    37071.000000    100000000.000000
  2479.400000    0.136699    294063.000000    40198.140875    38658.000000    100000000.000000
  2479.600000    0.139241    292169.000000    40681.867251    39098.000000    100000000.000000
  2479.801000    0.141194    288702.000000    40762.972817    39212.000000    100000000.000000
  2480.001000    0.145377    286727.000000    41683.559628    40066.000000    100000000.000000
  2480.200000    0.155594    287262.000000    44696.375069    42952.000000    100000000.000000
  2480.399000    0.173210    289705.000000    50179.873346    48091.000000    100000000.000000
  2480.600000    0.192987    290345.000000    56032.793688    53615.000000    100000000.000000
  2480.800000    0.213284    292250.000000    62332.342977    59390.000000    100000000.000000
  2481.000000    0.231060    293481.000000    67811.776695    64508.000000    100000000.000000
  2481.200000    0.245628    295520.000000    72587.863588    68965.000000    100000000.000000
  2481.400000    0.258976    295695.000000    76577.904828    72583.000000    100000000.000000
  2481.600000    0.270923    299460.000000    81130.730735    76745.000000    100000000.000000
  2481.801000    0.278397    302344.000000    84171.637862    79499.000000    100000000.000000
  2482.000000    0.282036    303161.000000    85502.276239    80706.000000    100000000.000000
  2482.199000    0.280470    306396.000000    85934.996386    81253.000000    100000000.000000
  2482.400000    0.267830    307968.000000    82482.921698    77965.000000    100000000.000000
  2482.600000    0.251309    311111.000000    78184.908029    74100.000000    100000000.000000
  2482.800000    0.229050    312486.000000    71574.861932    68014.000000    100000000.000000
  2483.000000    0.206890    315288.000000    65229.958299    61995.000000    100000000.000000
  2483.200000    0.176566    300841.000000    53118.414952    50727.000000    100000000.000000
  2483.400000    0.174906    320884.000000    56124.419903    53554.000000    100000000.000000
  2483.600000    0.164296    322205.000000    52937.047616    50533.000000    100000000.000000
  2483.799000    0.156250    322849.000000    50445.028465    48242.000000    100000000.000000
  2484.000000    0.149395    325528.000000    48632.173524    46489.000000    100000000.000000
  2484.200000    0.146232    328396.000000    48021.918029    45896.000000    100000000.000000
  2484.400000    0.143875    331158.000000    47645.500551    45587.000000    100000000.000000
  2484.600000    0.140082    333407.000000    46704.285224    44662.000000    100000000.000000
  2484.801000    0.137373    334409.000000    45938.765131    43976.000000    100000000.000000
  2485.000000    0.136227    335585.000000    45715.688160    43680.000000    100000000.000000
  2485.200000    0.134349    337144.000000    45294.962473    43287.000000    100000000.000000
  2485.399000    0.134435    338793.000000    45545.501703    43451.000000    100000000.000000
  2485.600000    0.132716    339953.000000    45117.288596    43103.000000    100000000.000000
  2485.801000    0.133853    341511.000000    45712.290819    43645.000000    100000000.000000
  2486.000000    0.133613    345095.000000    46109.325312    44004.000000    100000000.000000
  2486.200000    0.134065    345051.000000    46259.212070    44204.000000    100000000.000000
  2486.400000    0.133836    346780.000000    46411.746714    44261.000000    100000000.000000
  2486.600000    0.134605    348969.000000    46972.983472    44852.000000    100000000.000000
  2486.800000    0.134550    350674.000000    47183.109314    45014.000000    100000000.000000
  2487.001000    0.137326    351288.000000    48241.018098    46062.000000    100000000.000000
  2487.200000    0.139613    352043.000000    49149.733685    46974.000000    100000000.000000
  2487.399000    0.140883    356036.000000    50159.502692    47771.000000    100000000.000000
  2487.600000    0.143014    357235.000000    51089.680879    48723.000000    100000000.000000
  2487.801000    0.145753    357795.000000    52149.706886    49625.000000    100000000.000000
  2488.000000    0.147466    361404.000000    53294.725982    50726.000000    100000000.000000
  2488.200000    0.147921    361755.000000    53511.291548    50945.000000    100000000.000000
  2488.400000    0.147541    365188.000000    53880.368046    51255.000000    100000000.000000
  2488.600000    0.148510    366505.000000    54429.733321    51780.000000    100000000.000000
  2488.800000    0.147982    368883.000000    54587.876780    51887.000000    100000000.000000
  2489.000000    0.147369    370077.000000    54538.051109    51894.000000    100000000.000000
  2489.200000    0.147405    371250.000000    54724.191591    52046.000000    100000000.000000
  2489.401000    0.148536    374841.000000    55677.469620    52982.000000    100000000.000000
  2489.600000    0.153374    375194.000000    57545.149102    54629.000000    100000000.000000
  2489.800000    0.159268    376337.000000    59938.286273    56917.000000    100000000.000000
  2490.000000    0.166646    377496.000000    62908.297744    59634.000000    100000000.000000
  2490.200000    0.176340    378972.000000    66828.013679    63289.000000    100000000.000000
  2490.400000    0.184570    379396.000000    70025.287794    66284.000000    100000000.000000
  2490.600000    0.194455    381234.000000    74132.848037    70031.000000    100000000.000000
  2490.801000    0.201333    383622.000000    77235.890123    72835.000000    100000000.000000
  2491.000000    0.205193    383596.000000    78711.104528    74207.000000    100000000.000000
  2491.200000    0.205448    385890.000000    79280.320138    74791.000000    100000000.000000
  2491.400000    0.204932    385163.000000    78932.369424    74504.000000    100000000.000000
  2491.600000    0.202027    384392.000000    77657.646849    73313.000000    100000000.000000
  2491.800000    0.197602    384375.000000    75953.236732    71659.000000    100000000.000000
  2491.999000    0.194448    385425.000000    74944.981185    70818.000000    100000000.000000
  2492.200000    0.189113    387501.000000    73281.453605    69425.000000    100000000.000000
  2492.400000    0.186976    386883.000000    72337.813543    68398.000000    100000000.000000
  2492.601000    0.182763    387060.000000    70740.249986    66917.000000    100000000.000000
  2492.801000    0.181421    386094.000000    70045.500775    66316.000000    100000000.000000
  2493.000000    0.179630    384937.000000    69146.270415    65463.000000    100000000.000000
  2493.200000    0.178143    384552.000000    68505.173741    64968.000000    100000000.000000
  2493.400000    0.177824    384614.000000    68393.515059    64795.000000    100000000.000000
  2493.600000    0.179400    383091.000000    68726.574588    65105.000000    100000000.000000
  2493.800000    0.177085    381776.000000    67606.722432    64066.000000    100000000.000000
  2494.000000    0.176063    382178.000000    67287.514891    63790.000000    100000000.000000
  2494.200000    0.175121    381439.000000    66797.885064    63379.000000    100000000.000000
  2494.400000    0.174752    379476.000000    66314.348852    62928.000000    100000000.000000
  2494.600000    0.177829    376246.000000    66907.498844    63501.000000    100000000.000000
  2494.800000    0.181895    376920.000000    68559.729634    65070.000000    100000000.000000
  2495.000000    0.185300    372703.000000    69062.000112    65496.000000    100000000.000000
  2495.199000    0.191620    371436.000000    71174.386917    67466.000000    100000000.000000
  2495.401000    0.194092    367688.000000    71365.316549    67620.000000    100000000.000000
  2495.600000    0.197364    367898.000000    72609.996057    68692.000000    100000000.000000
  2495.801000    0.199839    365869.000000    73114.861316    69173.000000    100000000.000000
  2496.000000    0.203057    363219.000000    73754.325561    69829.000000    100000000.000000
  2496.200000    0.204146    360694.000000    73634.136813    69665.000000    100000000.000000
  2496.399000    0.206350    357589.000000    73788.346041    69870.000000    100000000.000000
  2496.600000    0.208251    357000.000000    74345.595730    70432.000000    100000000.000000
  2496.800000    0.210432    353909.000000    74473.855809    70609.000000    100000000.000000
  2497.000000    0.213523    352813.000000    75333.797343    71330.000000    100000000.000000
  2497.200000    0.214273    352584.000000    75549.269370    71424.000000    100000000.000000
  2497.400000    0.213360    349485.000000    74566.124235    70590.000000    100000000.000000
  2497.600000    0.216499    348137.000000    75371.292402    71396.000000    100000000.000000
  2497.800000    0.217807    346641.000000    75500.991410    71457.000000    100000000.000000
  2498.000000    0.220387    344655.000000    75957.374101    71967.000000    100000000.000000
  2498.200000    0.223346    343978.000000    76826.143127    72766.000000    100000000.000000
  2498.399000    0.227831    341587.000000    77824.177382    73578.000000    100000000.000000
  2498.600000    0.229868    339789.000000    78106.681062    73973.000000    100000000.000000
  2498.800000    0.233119    336806.000000    78515.791270    74326.000000    100000000.000000
  2499.000000    0.235598    335235.000000    78980.811110    74798.000000    100000000.000000
  2499.200000    0.238734    334201.000000    79784.979251    75563.000000    100000000.000000
  2499.400000    0.238778    331096.000000    79058.507247    74871.000000    100000000.000000
  2499.599000    0.238637    328544.000000    78402.742002    74421.000000    100000000.000000
  2499.800000    0.238189    325933.000000    77633.775486    73633.000000    100000000.000000
  2500.000000    0.236940    324159.000000    76806.211147    72933.000000    100000000.000000
  2501.001000    0.213367    307348.000000    65577.786594    62660.000000    100000000.000000
  2502.000000    0.196694    312296.000000    61426.837819    58656.000000    100000000.000000
  2503.001000    0.185959    317232.000000    58992.157442    56409.000000    100000000.000000
  2504.001000    0.180405    318909.000000    57532.708486    54922.000000    100000000.000000
  2505.001000    0.179720    319720.000000    57460.074573    54877.000000    100000000.000000
  2506.000000    0.175719    324325.000000    56990.148966    54448.000000    100000000.000000
  2507.001000    0.175181    325676.000000    57052.127021    54528.000000    100000000.000000
  2508.000000    0.172639    328331.000000    56682.793299    54134.000000    100000000.000000
  2509.000000    0.174103    327140.000000    56956.151855    54454.000000    100000000.000000
  2510.000000    0.173880    330832.000000    57525.059309    55057.000000    100000000.000000
  2511.000000    0.173505    333099.000000    57794.421642    55157.000000    100000000.000000
  2511.999000    0.173662    336485.000000    58434.708151    55810.000000    100000000.000000
  2513.000000    0.171231    337778.000000    57838.016779    55229.000000    100000000.000000
  2514.000000    0.172279    339093.000000    58418.740975    55786.000000    100000000.000000
  2515.000000    0.169968    341617.000000    58063.910477    55418.000000    100000000.000000
  2516.000000    0.169256    345588.000000    58492.873815    55843.000000    100000000.000000
  2517.000000    0.167499    345358.000000    57847.120612    55238.000000    100000000.000000
  2518.001000    0.167855    349898.000000    58732.217814    55967.000000    100000000.000000
  2519.000000    0.164876    353205.000000    58234.983551    55614.000000    100000000.000000
  2520.001000    0.163665    355959.000000    58258.067933    55574.000000    100000000.000000
  2521.000000    0.162280    360181.000000    58450.003317    55785.000000    100000000.000000
  2522.000000    0.160441    364572.000000    58492.357374    55780.000000    100000000.000000
  2523.000000    0.160823    365929.000000    58849.823774    56199.000000    100000000.000000
  2524.000000    0.162008    369549.000000    59869.961163    57185.000000    100000000.000000
  2525.000000    0.163387    371300.000000    60665.589167    57918.000000    100000000.000000
  2526.001000    0.164092    372943.000000    61196.862486    58317.000000    100000000.000000
  2527.000000    0.166334    377604.000000    62808.565765    59939.000000    100000000.000000
  2528.000000    0.168119    378701.000000    63666.982592    60730.000000    100000000.000000
  2529.000000    0.170301    379347.000000    64603.265967    61504.000000    100000000.000000
  2530.000000    0.173243    383787.000000    66488.513463    63285.000000    100000000.000000
  2531.000000    0.175096    384021.000000    67240.532772    64024.000000    100000000.000000
  2532.001000    0.175148    384887.000000    67412.118492    64245.000000    100000000.000000
  2533.000000    0.175176    385172.000000    67472.883854    64192.000000    100000000.000000
  2534.001000    0.174736    385541.000000    67368.021502    64087.000000    100000000.000000
  2535.000000    0.174820    388167.000000    67859.165269    64663.000000    100000000.000000
  2536.000000    0.175114    388463.000000    68025.184380    64740.000000    100000000.000000
  2537.000000    0.175210    386831.000000    67776.685727    64399.000000    100000000.000000
  2538.001000    0.175037    388887.000000    68069.455385    64807.000000    100000000.000000
  2539.000000    0.175973    390194.000000    68663.478785    65323.000000    100000000.000000
  2540.001000    0.175917    389802.000000    68572.975351    65241.000000    100000000.000000
  2541.000000    0.175791    392601.000000    69015.752729    65637.000000    100000000.000000
  2542.000000    0.176454    394903.000000    69682.085219    66258.000000    100000000.000000
  2543.000000    0.178547    396157.000000    70732.649623    67204.000000    100000000.000000
  2544.000000    0.178728    400906.000000    71652.959603    67976.000000    100000000.000000
  2545.000000    0.180414    403951.000000    72878.510313    69179.000000    100000000.000000
  2546.000000    0.181787    407931.000000    74156.646848    70435.000000    100000000.000000
  2547.001000    0.180474    411543.000000    74272.903059    70461.000000    100000000.000000
  2548.000000    0.183321    416843.000000    76415.986938    72523.000000    100000000.000000
  2549.000000    0.184365    422571.000000    77907.484154    73789.000000    100000000.000000
