# From file /cars5/Data/xas_user/2014.1/Langmann/s_xanes_pyrite.001
# Time : Sun Mar 09 12:12:20 2014
# Energy: 13IDE:En:Energy.VAL
#---------------------------------
#   energy     mufluor    i0    fluor_corr   fluor_raw  time
  2450.000000    0.034080    108751.000000    3706.204985    3600.000000    8219.115000
  2452.001000    0.035847    114201.000000    4093.751562    3976.000000    9178.459000
  2453.999000    0.037169    113736.000000    4227.466869    4109.000000    8818.010000
  2456.000000    0.037729    114432.000000    4317.428817    4198.000000    8591.418000
  2458.000000    0.042174    115649.000000    4877.349526    4743.000000    8703.725000
  2460.000000    0.044405    115660.000000    5135.909673    4997.000000    8557.821000
  2462.000000    0.050287    116029.000000    5834.735141    5671.000000    8527.990000
  2464.000000    0.061880    116614.000000    7216.056159    7015.000000    8537.729000
  2464.150000    0.061324    115545.000000    7085.639585    6876.000000    8268.640000
  2464.300000    0.063245    115810.000000    7324.395367    7110.000000    8607.961000
  2464.450000    0.064246    115634.000000    7429.057417    7213.000000    8490.783000
  2464.600000    0.066175    116049.000000    7679.598445    7454.000000    8543.188000
  2464.750000    0.067060    115715.000000    7759.822396    7531.000000    8528.205000
  2464.900000    0.068270    115883.000000    7911.373133    7679.000000    8567.213000
  2465.050000    0.070171    115110.000000    8077.423856    7835.000000    8432.215000
  2465.200000    0.071833    115357.000000    8286.434570    8030.000000    8614.654000
  2465.351000    0.072847    114878.000000    8368.551300    8118.000000    8489.995000
  2465.500000    0.074969    115064.000000    8626.209521    8372.000000    8552.906000
  2465.650000    0.078107    114625.000000    8953.016614    8696.000000    8490.463000
  2465.800000    0.080798    114654.000000    9263.822592    8991.000000    8558.256000
  2465.950000    0.082281    114145.000000    9391.946508    9116.000000    8664.689000
  2466.101000    0.084337    114448.000000    9652.168994    9369.000000    8746.662000
  2466.250000    0.086195    113718.000000    9801.979202    9507.000000    8541.589000
  2466.400000    0.088220    113886.000000    10047.056606    9750.000000    8647.341000
  2466.551000    0.093318    113624.000000    10603.129474    10289.000000    8589.142000
  2466.700000    0.095968    114056.000000    10945.765415    10626.000000    8707.721000
  2466.850000    0.099712    113763.000000    11343.579700    10999.000000    8659.768000
  2467.000000    0.103345    113863.000000    11767.225260    11397.000000    8716.675000
  2467.149000    0.108387    113437.000000    12295.118031    11926.000000    8718.362000
  2467.300000    0.113560    113590.000000    12899.295605    12525.000000    8695.350000
  2467.450000    0.118197    113156.000000    13374.721517    12965.000000    8751.389000
  2467.600000    0.125283    113590.000000    14230.885263    13797.000000    8871.263000
  2467.751000    0.131605    113267.000000    14906.477805    14450.000000    8999.851000
  2467.900000    0.139006    113277.000000    15746.142794    15281.000000    9014.166000
  2468.050000    0.145075    113888.000000    16522.258703    16011.000000    9100.860000
  2468.200000    0.154793    114145.000000    17668.854208    17118.000000    9163.517000
  2468.351000    0.165149    113960.000000    18820.370446    18226.000000    9319.146000
  2468.500000    0.178521    114524.000000    20444.891127    19790.000000    9385.545000
  2468.650000    0.193633    114284.000000    22129.115396    21460.000000    9347.642000
  2468.800000    0.208779    115033.000000    24016.455515    23245.000000    9765.393000
  2468.950000    0.228902    114335.000000    26171.564284    25313.000000    9870.434000
  2469.100000    0.247391    114399.000000    28301.250942    27354.000000    9935.014000
  2469.250000    0.273006    114286.000000    31200.783985    30168.000000    10293.240000
  2469.400000    0.308395    114684.000000    35367.930433    34127.000000    10784.040000
  2469.550000    0.341620    114575.000000    39141.147598    37776.000000    11039.130000
  2469.701000    0.386930    115149.000000    44554.549426    42908.000000    11626.610000
  2469.849000    0.442611    114899.000000    50855.533161    48916.000000    12287.830000
  2470.001000    0.516723    115433.000000    59646.875232    57256.000000    13177.580000
  2470.150000    0.601553    114865.000000    69097.389860    66214.000000    13920.700000
  2470.301000    0.723654    115651.000000    83691.314969    79800.000000    15349.380000
  2470.450000    0.882994    115375.000000    101875.483781    96773.000000    17145.600000
  2470.600000    1.076016    115610.000000    124398.162761    117719.000000    19368.610000
  2470.750000    1.288757    115533.000000    148893.915883    139908.000000    21980.830000
  2470.900000    1.481210    115736.000000    171429.355415    160029.000000    24277.450000
  2471.050000    1.645446    115672.000000    190331.978282    176787.000000    26171.490000
  2471.199000    1.750233    116045.000000    203105.801416    188143.000000    27409.400000
  2471.351000    1.811023    115424.000000    209035.524460    193339.000000    28041.620000
  2471.500000    1.837639    115726.000000    212662.664722    196668.000000    28486.030000
  2471.650000    1.828659    115758.000000    211681.879541    195801.000000    28366.880000
  2471.801000    1.825332    115228.000000    210329.411357    194811.000000    27994.040000
  2471.950000    1.779174    115274.000000    205092.538250    189706.000000    27752.040000
  2472.100000    1.759344    115314.000000    202877.043225    187868.000000    27306.720000
  2472.250000    1.708608    115787.000000    197834.558997    183285.000000    27086.370000
  2472.400000    1.680081    115376.000000    193841.038532    179943.000000    26402.600000
  2472.550000    1.637035    115916.000000    189758.603749    176423.000000    26000.610000
  2472.700000    1.589530    116521.000000    185213.638582    172390.000000    25699.380000
  2472.850000    1.519216    116425.000000    176874.728395    164851.000000    24759.610000
  2473.000000    1.458305    116724.000000    170219.217720    158985.000000    23885.360000
  2473.150000    1.395291    117337.000000    163719.282151    153559.000000    23374.760000
  2473.300000    1.326325    117610.000000    155989.076621    146110.000000    22552.610000
  2473.450000    1.261533    117389.000000    148090.045256    139375.000000    21667.470000
  2473.601000    1.186388    118141.000000    140161.109676    131965.000000    20871.920000
  2473.749000    1.119731    118479.000000    132664.575063    125265.000000    20069.480000
  2473.900000    1.047065    118747.000000    124335.811924    117683.000000    19236.140000
  2474.050000    0.978624    119095.000000    116549.227742    110489.000000    18717.110000
  2474.200000    0.910883    119273.000000    108643.694897    103214.000000    17693.680000
  2474.351000    0.850594    119905.000000    101990.494865    97066.000000    17124.580000
  2474.500000    0.804552    119814.000000    96396.601786    91847.000000    16418.020000
  2474.650000    0.770644    119953.000000    92441.110770    88114.000000    16024.560000
  2474.800000    0.738689    119801.000000    88495.692343    84541.000000    15604.670000
  2474.950000    0.711346    120352.000000    85611.910873    81706.000000    15376.800000
  2475.100000    0.692174    120587.000000    83467.245392    79807.000000    15141.710000
  2475.250000    0.681383    121168.000000    82561.766993    78836.000000    15112.650000
  2475.400000    0.671807    120838.000000    81179.777754    77660.000000    14864.380000
  2475.551000    0.665271    121535.000000    80853.760154    77309.000000    14791.410000
  2475.700000    0.664804    121237.000000    80598.836953    77075.000000    14929.780000
  2475.851000    0.672219    121790.000000    81869.494245    78253.000000    14975.680000
  2476.001000    0.682303    121459.000000    82871.866615    79222.000000    15061.030000
  2476.150000    0.724789    121044.000000    87731.330009    83810.000000    15267.890000
  2476.300000    0.760794    122070.000000    92870.135221    88481.000000    16056.090000
  2476.450000    0.829781    122418.000000    101580.106444    96683.000000    16909.750000
  2476.600000    0.896954    122377.000000    109766.546394    104125.000000    17766.460000
  2476.750000    0.979959    122239.000000    119789.253677    113371.000000    18680.670000
  2476.901000    1.042271    122344.000000    127515.553082    120648.000000    19636.040000
  2477.050000    1.090460    122561.000000    133647.827065    125999.000000    20103.420000
  2477.200000    1.201986    108024.000000    129843.359450    123642.000000    16522.700000
  2477.350000    1.131045    122694.000000    138772.492318    130714.000000    20566.390000
  2477.500000    1.149028    122630.000000    140905.352157    132689.000000    20744.900000
  2477.650000    1.151525    124180.000000    142996.312803    134575.000000    21423.330000
  2477.801000    1.164660    123790.000000    144173.275256    135953.000000    21283.000000
  2477.950000    1.168260    123861.000000    144701.852341    136040.000000    21619.260000
  2478.101000    1.185585    123827.000000    146807.384260    138046.000000    21634.870000
  2478.250000    1.208492    123870.000000    149695.894405    140743.000000    21810.550000
  2478.400000    1.228096    122916.000000    150952.640118    141849.000000    21766.650000
  2478.550000    1.244347    123298.000000    153425.544116    144316.000000    21984.640000
  2478.700000    1.236289    124664.000000    154120.676967    144653.000000    22469.330000
  2478.850000    1.251701    125108.000000    156597.856228    146839.000000    22834.730000
  2479.000000    1.265533    124259.000000    157253.908373    147329.000000    22732.580000
  2479.150000    1.266635    124793.000000    158067.132369    148264.000000    22871.330000
  2479.300000    1.270890    124583.000000    158331.251309    148550.000000    22830.700000
  2479.450000    1.266880    125117.000000    158508.221483    148654.000000    22816.720000
  2479.601000    1.271819    124858.000000    158796.739351    148951.000000    22982.260000
  2479.750000    1.271899    125356.000000    159440.157042    149453.000000    23086.290000
  2479.900000    1.261406    125092.000000    157791.798251    148018.000000    22798.840000
  2480.050000    1.261688    125017.000000    157732.489958    147787.000000    22852.480000
  2480.200000    1.243955    125025.000000    155525.528854    145859.000000    22683.240000
  2480.351000    1.240953    125214.000000    155384.638047    145591.000000    22637.850000
  2480.500000    1.227431    124942.000000    153357.660099    144115.000000    22618.910000
  2480.650000    1.218597    125207.000000    152576.918861    143269.000000    22365.650000
  2480.800000    1.215370    125019.000000    151944.297087    142743.000000    22194.650000
  2480.950000    1.204761    125136.000000    150758.953552    141666.000000    22379.440000
  2481.100000    1.203688    125109.000000    150592.167305    141346.000000    22489.720000
  2481.250000    1.206691    125152.000000    151019.829198    141683.000000    22055.020000
  2481.400000    1.202202    124977.000000    150247.622019    141147.000000    22053.960000
  2481.550000    1.196761    125124.000000    149743.539818    140493.000000    22335.740000
  2481.700000    1.193631    125076.000000    149294.576536    140320.000000    22135.280000
  2481.850000    1.185800    125051.000000    148285.430904    139313.000000    22037.120000
  2482.000000    1.188548    124629.000000    148127.569735    139047.000000    22119.790000
  2482.149000    1.180007    125611.000000    148221.915535    139161.000000    22048.050000
  2482.300000    1.177775    125216.000000    147476.228894    138689.000000    22063.140000
  2482.450000    1.170283    125696.000000    147099.952930    138215.000000    22130.990000
  2482.601000    1.179250    125294.000000    147752.931248    138815.000000    21988.580000
  2482.749000    1.181571    125585.000000    148387.599147    139491.000000    22104.700000
  2482.900000    1.189498    125057.000000    148755.101992    139636.000000    22146.290000
  2483.050000    1.187577    126024.000000    149663.251235    140505.000000    22428.220000
  2483.200000    1.198297    126032.000000    151023.709400    141732.000000    22527.530000
  2483.350000    1.202496    125556.000000    150980.626911    141572.000000    22584.270000
  2483.500000    1.209889    125975.000000    152415.804523    143150.000000    22717.770000
  2483.650000    1.210490    126121.000000    152668.249315    143572.000000    22717.750000
  2483.801000    1.213587    126477.000000    153490.857762    143959.000000    22574.690000
  2483.950000    1.212889    125754.000000    152525.690966    142968.000000    22784.660000
  2484.101000    1.219208    125432.000000    152927.724496    143471.000000    22633.010000
  2484.250000    1.215287    125184.000000    152134.528503    142548.000000    22725.390000
  2484.400000    1.219634    125200.000000    152698.148986    143140.000000    22667.420000
  2484.550000    1.208852    125456.000000    151657.767613    142434.000000    22713.260000
  2484.700000    1.206026    126644.000000    152735.904229    143310.000000    22697.100000
  2484.850000    1.213272    126187.000000    153099.121683    143449.000000    22690.000000
  2485.000000    1.214865    125632.000000    152625.906813    142968.000000    22874.310000
  2485.151000    1.220487    125219.000000    152828.128759    143294.000000    22645.880000
  2485.300000    1.219742    126706.000000    154548.623601    144900.000000    23260.710000
  2485.450000    1.227499    126190.000000    154898.119319    144945.000000    23134.620000
  2485.601000    1.228177    127284.000000    156327.248659    146432.000000    23317.460000
  2485.750000    1.227510    126518.000000    155302.047672    145579.000000    23187.100000
  2485.900000    1.231153    126852.000000    156174.261940    146272.000000    23304.560000
  2486.050000    1.230442    127278.000000    156608.134751    146621.000000    23368.570000
  2486.200000    1.230917    126717.000000    155978.057692    145993.000000    23290.600000
  2486.350000    1.227866    127675.000000    156767.802984    146778.000000    23291.680000
  2486.500000    1.225951    126420.000000    154984.668454    145207.000000    22935.400000
  2486.650000    1.223068    127057.000000    155399.392491    145757.000000    23245.910000
  2486.800000    1.217361    128206.000000    156073.028392    145958.000000    23194.360000
  2486.950000    1.213907    127242.000000    154459.965392    144793.000000    23264.110000
  2487.101000    1.214305    127543.000000    154876.073936    145009.000000    23255.220000
  2487.250000    1.218039    127210.000000    154946.703379    145084.000000    22936.320000
  2487.400000    1.208524    127921.000000    154595.659873    144925.000000    23129.950000
  2487.551000    1.213967    127952.000000    155329.541867    145698.000000    23025.850000
  2487.700000    1.208775    127939.000000    154649.432214    144800.000000    23047.760000
  2487.851000    1.199983    127804.000000    153362.594153    143901.000000    22847.390000
  2488.000000    1.199473    128139.000000    153699.296773    143952.000000    23197.100000
  2488.790000    1.199755    128486.000000    154151.760629    144707.000000    23036.450000
  2489.598000    1.203505    129621.000000    155999.538764    146306.000000    23320.970000
  2490.427000    1.209788    130249.000000    157573.679127    147738.000000    23559.170000
  2491.274000    1.206124    130746.000000    157695.895138    147748.000000    23435.690000
  2492.138000    1.204002    131470.000000    158290.105620    148565.000000    23471.330000
  2493.023000    1.192936    132941.000000    158590.071354    148734.000000    23391.410000
  2493.927000    1.185745    133405.000000    158184.281039    148529.000000    23183.190000
  2494.851000    1.162557    132182.000000    153669.145380    144593.000000    22713.890000
  2495.792000    1.157912    131001.000000    151687.587555    142708.000000    22276.420000
  2496.753000    1.142471    130432.000000    149014.795669    140466.000000    21682.520000
  2497.733000    1.135209    131234.000000    148977.970372    140519.000000    21459.480000
  2498.731000    1.112453    132060.000000    146910.478516    138694.000000    21082.590000
  2499.750000    1.105857    132813.000000    146872.185392    138503.000000    21023.080000
  2500.786000    1.099953    133672.000000    147032.939255    138677.000000    21214.700000
  2501.843000    1.094262    134441.000000    147113.689537    138762.000000    21146.970000
  2502.917000    1.105424    135115.000000    149359.319226    140782.000000    21504.330000
  2504.011000    1.112136    135982.000000    151230.468512    142562.000000    21665.810000
  2505.125000    1.127892    136844.000000    154345.277383    145277.000000    21848.040000
  2506.256000    1.142462    137616.000000    157221.062451    147997.000000    22382.640000
  2507.408000    1.140930    138659.000000    158200.203460    148761.000000    22494.950000
  2508.578000    1.150704    139300.000000    160293.134929    150745.000000    22373.660000
  2509.767000    1.155466    140889.000000    162792.424988    152969.000000    22863.520000
  2510.975000    1.164687    141027.000000    164252.292170    154369.000000    22871.000000
  2512.203000    1.178771    141798.000000    167147.376532    156922.000000    23165.900000
  2513.448000    1.202359    143081.000000    172034.658277    161227.000000    23789.510000
  2514.714000    1.225972    143987.000000    176524.083426    165108.000000    23969.020000
  2515.998000    1.241129    145649.000000    180769.174345    169087.000000    24680.760000
  2517.301000    1.259908    146148.000000    184133.050735    172085.000000    24985.130000
  2518.624000    1.263205    147046.000000    185749.270400    173613.000000    25105.280000
  2519.964000    1.257401    146978.000000    184810.353485    172801.000000    24681.090000
  2521.326000    1.249643    148151.000000    185135.834633    173058.000000    24797.360000
  2522.705000    1.238187    147930.000000    183164.991411    171426.000000    24438.750000
  2524.103000    1.233875    148496.000000    183225.492241    171324.000000    24250.930000
  2525.521000    1.225479    148954.000000    182540.064535    170875.000000    24149.360000
  2526.957000    1.213942    149574.000000    181574.161475    170082.000000    23860.880000
  2528.412000    1.197508    150474.000000    180193.817115    169042.000000    23854.460000
  2529.886000    1.189232    151234.000000    179852.329114    168627.000000    23900.500000
  2531.380000    1.182955    152531.000000    180437.265563    169174.000000    24212.990000
  2532.893000    1.173392    153228.000000    179796.454311    168263.000000    23974.540000
  2534.424000    1.168108    154321.000000    180263.565078    168838.000000    24166.630000
  2535.974000    1.165761    154739.000000    180388.656401    168848.000000    24113.940000
  2537.543000    1.167533    155199.000000    181199.957080    169731.000000    24208.850000
  2539.132000    1.180608    155087.000000    183096.882677    171329.000000    24396.670000
  2540.740000    1.190271    154154.000000    183485.014283    171752.000000    24581.780000
  2542.367000    1.211649    152393.000000    184646.780553    172763.000000    24622.230000
  2544.012000    1.211458    153865.000000    186401.029126    174193.000000    24486.500000
  2545.677000    1.226832    154157.000000    189124.666062    176832.000000    24943.570000
  2547.361000    1.230959    153698.000000    189195.902972    176881.000000    24784.550000
  2549.063000    1.232056    153778.000000    189463.091873    177229.000000    24360.700000
  2550.784000    1.244726    152940.000000    190368.380298    178273.000000    24429.150000
  2552.526000    1.257078    152104.000000    191206.532270    179054.000000    24596.630000
  2554.285000    1.274111    152362.000000    194126.064723    181443.000000    24672.080000
  2556.064000    1.292414    152460.000000    197041.481003    184260.000000    25033.960000
  2557.863000    1.312637    151759.000000    199204.427102    186018.000000    25111.990000
  2559.679000    1.318370    151714.000000    200015.209220    186972.000000    25301.150000
  2561.515000    1.310844    152074.000000    199345.230573    186087.000000    25052.430000
  2563.370000    1.319140    151777.000000    200215.128427    186868.000000    25318.920000
  2565.243000    1.322213    150381.000000    198835.639587    185880.000000    25230.170000
  2567.136000    1.332153    148132.000000    197334.468326    184500.000000    24475.970000
  2569.048000    1.325282    143915.000000    190727.958759    178945.000000    23666.490000
  2570.979000    1.340652    144406.000000    193598.235516    181393.000000    23731.590000
  2572.929000    1.332381    145341.000000    193649.632887    181473.000000    23613.990000
  2574.898000    1.338121    143841.000000    192476.612773    180576.000000    23478.560000
  2576.886000    1.337837    142128.000000    190144.164870    178433.000000    23116.280000
  2578.892000    1.336395    142059.000000    189846.885481    178535.000000    22795.810000
  2580.919000    1.342478    140656.000000    188827.515474    177622.000000    22766.540000
  2582.964000    1.352842    140542.000000    190131.122663    178734.000000    22658.980000
  2585.028000    1.363736    139404.000000    190110.250637    178784.000000    22786.870000
  2587.112000    1.379046    138267.000000    190676.511033    179237.000000    22785.390000
  2589.213000    1.406391    136817.000000    192418.143007    180774.000000    22917.970000
  2591.334000    1.415612    134951.000000    191038.321161    179773.000000    22665.990000
  2593.474000    1.441648    132099.000000    190440.223300    179228.000000    22198.010000
  2595.633000    1.434925    127751.000000    183313.103858    173203.000000    21313.920000
  2597.812000    1.443747    117103.000000    169067.087559    160296.000000    19560.220000
