# From file /cars5/Data/xas_user/2014.1/Langmann/s_xanes_pentlandite.002
# Time : Sun Mar 09 11:45:01 2014
# Energy: 13IDE:En:Energy.VAL
#---------------------------------
#   energy     mufluor    i0    fluor_corr   fluor_raw  time
  2449.999000    0.008862    100065.000000    886.808561    868.000000    428.125800
  2452.001000    0.009138    108536.000000    991.817614    971.000000    421.342700
  2454.000000    0.009112    110575.000000    1007.537651    987.000000    456.363300
  2456.000000    0.010076    113228.000000    1140.922562    1119.000000    448.862300
  2458.000000    0.009792    114647.000000    1122.592138    1102.000000    461.836100
  2460.001000    0.010494    116322.000000    1220.650715    1195.000000    488.372100
  2462.000000    0.011995    117295.000000    1406.932860    1381.000000    493.689700
  2464.000000    0.013034    118525.000000    1544.861903    1519.000000    503.064400
  2464.150000    0.013239    118157.000000    1564.226145    1534.000000    496.136200
  2464.301000    0.013304    118158.000000    1571.961115    1545.000000    479.919300
  2464.450000    0.014055    117644.000000    1653.534383    1618.000000    507.453600
  2464.600000    0.015005    117174.000000    1758.167524    1725.000000    501.541700
  2464.750000    0.014379    117094.000000    1683.679192    1653.000000    498.615200
  2464.900000    0.014883    116959.000000    1740.676505    1709.000000    502.469600
  2465.050000    0.015280    116087.000000    1773.820352    1743.000000    527.153000
  2465.200000    0.016455    115918.000000    1907.452672    1874.000000    531.036700
  2465.350000    0.016578    115358.000000    1912.380316    1880.000000    533.378300
  2465.500000    0.016204    115009.000000    1863.638248    1830.000000    521.265000
  2465.650000    0.017520    114791.000000    2011.162732    1976.000000    524.148900
  2465.801000    0.017926    114077.000000    2044.922412    2008.000000    529.942000
  2465.950000    0.018795    113550.000000    2134.216841    2096.000000    546.692000
  2466.101000    0.019062    112872.000000    2151.556551    2113.000000    517.702600
  2466.250000    0.019803    112830.000000    2234.395134    2193.000000    533.947800
  2466.400000    0.019212    112179.000000    2155.131164    2119.000000    534.635900
  2466.550000    0.021566    111871.000000    2412.624895    2373.000000    518.023100
  2466.700000    0.021155    111629.000000    2361.485666    2314.000000    508.103100
  2466.851000    0.023038    111485.000000    2568.360293    2526.000000    543.991200
  2467.000000    0.023409    110876.000000    2595.512557    2548.000000    550.232800
  2467.151000    0.024028    110856.000000    2663.619983    2616.000000    569.060400
  2467.300000    0.025426    110142.000000    2800.470810    2746.000000    530.861300
  2467.451000    0.026275    110772.000000    2910.481145    2864.000000    573.095400
  2467.600000    0.027277    110058.000000    3002.002026    2943.000000    541.933200
  2467.751000    0.028480    109925.000000    3130.696642    3082.000000    575.168500
  2467.900000    0.030189    108689.000000    3281.212787    3225.000000    590.501300
  2468.050000    0.032299    109066.000000    3522.718450    3474.000000    587.976400
  2468.200000    0.033459    109333.000000    3658.149599    3598.000000    626.691700
  2468.350000    0.036689    109888.000000    4031.669416    3979.000000    658.484200
  2468.500000    0.038659    109219.000000    4222.340118    4164.000000    673.037100
  2468.650000    0.043010    109468.000000    4708.195577    4647.000000    687.472200
  2468.801000    0.046529    108898.000000    5066.952672    4994.000000    767.595800
  2468.950000    0.052554    109639.000000    5761.958639    5693.000000    851.457700
  2469.100000    0.057396    109266.000000    6271.432157    6189.000000    890.751100
  2469.250000    0.065172    109293.000000    7122.857123    7017.000000    975.815000
  2469.399000    0.075391    109007.000000    8218.128858    8127.000000    1089.705000
  2469.549000    0.091025    109349.000000    9953.505534    9846.000000    1298.646000
  2469.700000    0.103627    108899.000000    11284.834845    11162.000000    1421.620000
  2469.851000    0.134050    109473.000000    14674.816154    14495.000000    1748.617000
  2470.000000    0.163874    108982.000000    17859.300264    17657.000000    2022.167000
  2470.149000    0.216364    109210.000000    23629.106526    23357.000000    2612.033000
  2470.300000    0.285208    109275.000000    31166.127531    30777.000000    3397.626000
  2470.450000    0.375861    109215.000000    41049.644362    40426.000000    4377.810000
  2470.601000    0.465672    108745.000000    50639.523904    49835.000000    5434.960000
  2470.750000    0.533392    108736.000000    57998.921863    56868.000000    6077.899000
  2470.900000    0.570571    108522.000000    61919.512548    60673.000000    6565.624000
  2471.051000    0.571786    109166.000000    62419.566895    61129.000000    6637.315000
  2471.201000    0.540859    108777.000000    58833.043760    57701.000000    6191.719000
  2471.351000    0.481686    108621.000000    52321.192864    51452.000000    5585.107000
  2471.501000    0.407020    108228.000000    44050.956620    43382.000000    4733.894000
  2471.650000    0.346026    108538.000000    37556.933069    37022.000000    4108.243000
  2471.799000    0.302116    108040.000000    32640.650468    32224.000000    3546.961000
  2471.949000    0.265413    107776.000000    28605.194436    28274.000000    3110.131000
  2472.100000    0.234874    107515.000000    25252.427870    24964.000000    2823.847000
  2472.250000    0.211028    107464.000000    22677.908073    22420.000000    2574.730000
  2472.400000    0.193424    107690.000000    20829.872408    20615.000000    2402.606000
  2472.551000    0.180292    107354.000000    19355.077595    19165.000000    2173.949000
  2472.700000    0.176429    107356.000000    18940.737801    18726.000000    2162.978000
  2472.851000    0.170040    107509.000000    18280.808723    18106.000000    2072.810000
  2473.000000    0.166559    107368.000000    17883.084065    17700.000000    2045.065000
  2473.150000    0.171016    107751.000000    18427.127116    18245.000000    2167.028000
  2473.301000    0.178694    108121.000000    19320.538023    19125.000000    2196.128000
  2473.451000    0.191383    108664.000000    20796.436772    20582.000000    2345.008000
  2473.601000    0.214138    108525.000000    23239.307141    22929.000000    2614.794000
  2473.750000    0.231889    108829.000000    25236.276904    24953.000000    2864.303000
  2473.900000    0.250408    109755.000000    27483.512822    27128.000000    3085.812000
  2474.051000    0.274253    110294.000000    30248.487742    29849.000000    3314.424000
  2474.201000    0.293914    111090.000000    32650.869681    32215.000000    3612.201000
  2474.350000    0.313494    110656.000000    34690.006267    34177.000000    3694.321000
  2474.501000    0.337940    110586.000000    37371.455975    36806.000000    4018.904000
  2474.650000    0.354274    110390.000000    39108.295215    38514.000000    4274.576000
  2474.800000    0.361861    111654.000000    40403.206105    39831.000000    4333.097000
  2474.950000    0.371248    112371.000000    41717.516107    41110.000000    4485.423000
  2475.099000    0.377923    112388.000000    42474.025124    41852.000000    4640.113000
  2475.251000    0.379544    111923.000000    42479.668444    41791.000000    4513.493000
  2475.399000    0.382068    112235.000000    42881.350842    42199.000000    4650.799000
  2475.550000    0.383944    112677.000000    43261.647070    42610.000000    4690.551000
  2475.701000    0.388466    112933.000000    43870.641755    43256.000000    4784.357000
  2475.850000    0.403236    113227.000000    45657.203930    44915.000000    4910.438000
  2476.000000    0.403956    112334.000000    45378.030891    44665.000000    4843.742000
  2476.151000    0.410862    110414.000000    45364.932374    44674.000000    4851.886000
  2476.301000    0.418745    114067.000000    47765.001671    47006.000000    5094.230000
  2476.451000    0.425374    114916.000000    48882.326747    48076.000000    5215.207000
  2476.601000    0.423323    115176.000000    48756.608423    47951.000000    5236.634000
  2476.751000    0.419091    115523.000000    48414.670537    47606.000000    5209.050000
  2476.900000    0.408955    116008.000000    47442.053741    46589.000000    4975.847000
  2477.050000    0.418949    116182.000000    48674.333103    47799.000000    5189.549000
  2477.199000    0.423934    100599.000000    42647.373421    42007.000000    4575.921000
  2477.350000    0.394084    115846.000000    45653.094390    44896.000000    4887.089000
  2477.500000    0.399936    116873.000000    46741.681537    45983.000000    5019.886000
  2477.650000    0.383698    117760.000000    45184.328393    44429.000000    4868.703000
  2477.800000    0.374634    117982.000000    44200.119156    43482.000000    4762.217000
  2477.950000    0.363793    118398.000000    43072.346522    42374.000000    4703.282000
  2478.101000    0.356608    118015.000000    42085.151461    41408.000000    4528.188000
  2478.251000    0.343375    118508.000000    40692.697950    40092.000000    4533.448000
  2478.400000    0.332714    118983.000000    39587.321271    38956.000000    4321.640000
  2478.551000    0.323951    117347.000000    38014.702551    37507.000000    4151.520000
  2478.700000    0.315057    119546.000000    37663.747584    37093.000000    4049.068000
  2478.851000    0.306931    120016.000000    36836.614073    36298.000000    4002.466000
  2479.001000    0.300200    120042.000000    36036.571719    35534.000000    3986.371000
  2479.150000    0.287172    120346.000000    34560.046034    34107.000000    3858.917000
  2479.301000    0.281834    120888.000000    34070.300706    33602.000000    3785.754000
  2479.450000    0.283486    121326.000000    34394.179590    33908.000000    3800.902000
  2479.601000    0.270807    121742.000000    32968.635480    32551.000000    3663.249000
  2479.750000    0.269116    121934.000000    32814.352216    32365.000000    3579.324000
  2479.900000    0.262048    122213.000000    32025.721993    31603.000000    3593.790000
  2480.050000    0.253548    122045.000000    30944.227630    30516.000000    3462.427000
  2480.201000    0.247245    122273.000000    30231.333633    29832.000000    3342.393000
  2480.350000    0.246494    122734.000000    30253.139124    29824.000000    3372.714000
  2480.500000    0.243452    122717.000000    29875.689718    29495.000000    3365.990000
  2480.650000    0.237904    123093.000000    29284.290291    28880.000000    3227.320000
  2480.800000    0.242380    123131.000000    29844.455922    29489.000000    3358.259000
  2480.950000    0.235344    123542.000000    29074.839849    28661.000000    3283.832000
  2481.100000    0.231960    123705.000000    28694.595194    28318.000000    3242.134000
  2481.251000    0.229290    124012.000000    28434.701362    28057.000000    3201.693000
  2481.400000    0.224644    124115.000000    27881.732515    27531.000000    3149.020000
  2481.550000    0.221632    124242.000000    27536.024466    27218.000000    3142.933000
  2481.700000    0.225883    124469.000000    28115.437213    27769.000000    3158.798000
  2481.851000    0.223702    124557.000000    27863.646665    27489.000000    3213.555000
  2482.000000    0.222330    125081.000000    27809.272407    27418.000000    3080.966000
  2482.150000    0.226143    125139.000000    28299.346623    27961.000000    3140.514000
  2482.300000    0.223592    125135.000000    27979.152511    27638.000000    3163.473000
  2482.450000    0.231356    125328.000000    28995.358288    28611.000000    3258.802000
  2482.600000    0.233084    125138.000000    29167.703086    28794.000000    3187.417000
  2482.750000    0.231198    124925.000000    28882.427872    28503.000000    3249.933000
  2482.900000    0.231664    124984.000000    28954.301343    28581.000000    3204.522000
  2483.050000    0.236895    125070.000000    29628.443071    29221.000000    3352.018000
  2483.201000    0.235013    125358.000000    29460.743234    29041.000000    3258.386000
  2483.350000    0.239383    125298.000000    29994.162270    29602.000000    3410.635000
  2483.500000    0.243535    125664.000000    30603.616102    30205.000000    3418.135000
  2483.650000    0.246048    126008.000000    31004.064151    30608.000000    3408.318000
  2483.800000    0.238939    126437.000000    30210.756739    29866.000000    3331.460000
  2483.950000    0.237830    126578.000000    30104.088058    29680.000000    3377.990000
  2484.100000    0.240300    127023.000000    30523.667495    30151.000000    3431.389000
  2484.250000    0.237423    127257.000000    30213.691092    29836.000000    3395.641000
  2484.401000    0.237614    127452.000000    30284.437749    29897.000000    3364.692000
  2484.550000    0.238523    127775.000000    30477.258934    30064.000000    3387.766000
  2484.700000    0.227057    128085.000000    29082.593302    28719.000000    3260.788000
  2484.850000    0.222794    128408.000000    28608.584640    28217.000000    3176.330000
  2485.001000    0.223768    128585.000000    28773.162486    28377.000000    3246.777000
  2485.150000    0.225652    128775.000000    29058.306717    28720.000000    3229.556000
  2485.301000    0.224266    128919.000000    28912.112218    28560.000000    3160.760000
  2485.450000    0.225025    128917.000000    29009.550476    28609.000000    3239.340000
  2485.600000    0.218770    129164.000000    28257.161448    27884.000000    3199.395000
  2485.750000    0.216780    129227.000000    28013.808860    27637.000000    3156.453000
  2485.900000    0.220418    129593.000000    28564.662699    28208.000000    3218.318000
  2486.051000    0.222793    129622.000000    28878.811697    28539.000000    3206.461000
  2486.201000    0.216225    129820.000000    28070.369136    27733.000000    3110.425000
  2486.350000    0.216576    130393.000000    28239.955890    27848.000000    3190.405000
  2486.500000    0.227960    130595.000000    29770.409653    29401.000000    3282.545000
  2486.650000    0.219225    130787.000000    28671.825970    28333.000000    3156.225000
  2486.800000    0.217699    130518.000000    28413.598806    28015.000000    3197.780000
  2486.950000    0.218111    130584.000000    28481.789581    28154.000000    3077.377000
  2487.101000    0.220578    130880.000000    28869.265293    28495.000000    3221.091000
  2487.250000    0.220202    130784.000000    28798.895367    28471.000000    3216.697000
  2487.400000    0.218677    130765.000000    28595.256927    28213.000000    3210.048000
  2487.550000    0.221427    130953.000000    28996.506671    28633.000000    3268.731000
  2487.699000    0.221526    130810.000000    28977.786097    28642.000000    3215.172000
  2487.851000    0.221421    130644.000000    28927.329964    28563.000000    3210.558000
  2488.001000    0.223410    131016.000000    29270.283855    28885.000000    3256.677000
  2488.790000    0.225075    131417.000000    29578.714383    29194.000000    3252.079000
  2489.598000    0.213094    132010.000000    28130.489494    27793.000000    3162.899000
  2490.427000    0.202463    132592.000000    26844.975392    26519.000000    2976.757000
  2491.273000    0.200989    133117.000000    26755.013533    26416.000000    2963.046000
  2492.139000    0.197778    133181.000000    26340.283238    26004.000000    2937.052000
  2493.024000    0.194932    133238.000000    25972.392511    25674.000000    2836.001000
  2493.928000    0.198949    132996.000000    26459.430238    26072.000000    2976.909000
  2494.850000    0.191237    134016.000000    25628.765987    25330.000000    2772.229000
  2495.792000    0.185730    134428.000000    24967.255244    24678.000000    2778.146000
  2496.752000    0.186206    134514.000000    25047.322265    24745.000000    2770.494000
  2497.733000    0.191811    134734.000000    25843.487423    25548.000000    2949.901000
  2498.731000    0.190739    135089.000000    25766.705862    25462.000000    2894.343000
  2499.749000    0.194487    135256.000000    26305.550959    25986.000000    2819.545000
  2500.786000    0.204942    135491.000000    27767.806970    27425.000000    3068.682000
  2501.843000    0.207501    135730.000000    28164.045463    27813.000000    3142.833000
  2502.918000    0.218930    136741.000000    29936.737968    29563.000000    3335.058000
  2504.012000    0.226096    137174.000000    31014.453821    30603.000000    3383.159000
  2505.125000    0.232404    138114.000000    32098.185295    31697.000000    3506.962000
  2506.257000    0.233811    138513.000000    32385.816542    31960.000000    3540.292000
  2507.408000    0.236223    138967.000000    32827.268866    32414.000000    3566.116000
  2508.578000    0.234288    139637.000000    32715.225778    32291.000000    3574.021000
  2509.767000    0.230551    140000.000000    32277.108721    31891.000000    3539.512000
  2510.976000    0.225349    140308.000000    31618.283751    31172.000000    3409.444000
  2512.203000    0.230147    140997.000000    32450.041971    32038.000000    3496.259000
  2513.449000    0.233453    141271.000000    32980.193449    32578.000000    3454.709000
  2514.713000    0.220414    141806.000000    31256.050266    30805.000000    3424.438000
  2515.999000    0.231646    140943.000000    32648.839347    32236.000000    3527.677000
  2517.302000    0.240124    139983.000000    33613.346189    33151.000000    3580.607000
  2518.623000    0.243246    140538.000000    34185.286723    33771.000000    3655.380000
  2519.965000    0.247372    140871.000000    34847.497722    34419.000000    3752.680000
  2521.326000    0.251699    140778.000000    35433.690351    34925.000000    3787.155000
  2522.705000    0.249589    140624.000000    35098.135253    34677.000000    3751.871000
  2524.102000    0.242699    141307.000000    34295.134542    33801.000000    3713.305000
  2525.519000    0.247836    141766.000000    35134.728168    34643.000000    3751.749000
  2526.957000    0.236052    142925.000000    33737.736356    33288.000000    3565.547000
  2528.413000    0.243493    143058.000000    34833.684994    34349.000000    3767.096000
  2529.886000    0.253125    143335.000000    36281.648877    35798.000000    3789.319000
  2531.380000    0.262795    143984.000000    37838.278085    37294.000000    4042.855000
  2532.892000    0.273790    144124.000000    39459.690351    38899.000000    4207.190000
  2534.424000    0.283539    145029.000000    41121.445239    40538.000000    4361.117000
  2535.974000    0.289031    145366.000000    42015.328432    41364.000000    4474.732000
  2537.544000    0.287319    145149.000000    41704.058180    41128.000000    4419.572000
  2539.132000    0.293365    145032.000000    42547.362738    41969.000000    4506.676000
  2540.740000    0.295240    143079.000000    42242.590013    41613.000000    4436.675000
  2542.366000    0.301166    140875.000000    42426.721669    41839.000000    4446.726000
  2544.012000    0.318449    143747.000000    45776.118601    45121.000000    4819.670000
  2545.677000    0.333801    143845.000000    48015.553669    47288.000000    5008.945000
  2547.361000    0.331077    143529.000000    47519.179152    46782.000000    4984.082000
  2549.063000    0.340399    142481.000000    48500.373534    47671.000000    5068.336000
  2550.785000    0.347052    141998.000000    49280.625420    48466.000000    5165.640000
  2552.526000    0.363216    140901.000000    51177.450836    50346.000000    5282.950000
  2554.285000    0.372396    141152.000000    52564.497605    51647.000000    5418.968000
  2556.065000    0.376813    140882.000000    53086.180902    52266.000000    5500.224000
  2557.862000    0.379282    141870.000000    53808.761796    52870.000000    5540.520000
  2559.679000    0.383393    141530.000000    54261.547697    53368.000000    5601.891000
  2561.515000    0.380750    140935.000000    53661.000987    52778.000000    5603.877000
  2563.369000    0.386014    141266.000000    54530.616375    53559.000000    5626.024000
  2565.243000    0.378813    140014.000000    53039.070305    52115.000000    5592.926000
  2567.136000    0.392460    137389.000000    53919.684436    53000.000000    5581.027000
  2569.049000    0.391554    133994.000000    52465.929606    51608.000000    5515.125000
  2570.979000    0.414083    140535.000000    58193.129862    57127.000000    6072.096000
  2572.928000    0.426593    139489.000000    59504.995530    58413.000000    6196.717000
  2574.898000    0.431072    137185.000000    59136.669429    58084.000000    6251.407000
  2576.885000    0.443689    135604.000000    60166.000390    59097.000000    6298.595000
  2578.893000    0.451772    134277.000000    60662.546358    59463.000000    6325.103000
  2580.919000    0.456259    132331.000000    60377.269082    59251.000000    6361.007000
  2582.964000    0.451958    132338.000000    59811.211847    58693.000000    6375.830000
  2585.028000    0.467632    131557.000000    61520.301785    60402.000000    6452.793000
  2587.111000    0.471080    129995.000000    61238.084193    60103.000000    6433.971000
  2589.213000    0.475342    130107.000000    61845.304193    60775.000000    6578.962000
  2591.334000    0.489150    128036.000000    62628.860261    61451.000000    6557.253000
  2593.475000    0.492399    125182.000000    61639.547989    60492.000000    6409.727000
  2595.634000    0.495306    119858.000000    59366.367305    58265.000000    6167.831000
  2597.812000    0.512167    111835.000000    57278.183638    56260.000000    5882.326000
