# From file /cars5/Data/xas_user/2014.1/Langmann/s_xanes_marcasite.001
# Time : Sun Mar 09 11:59:01 2014
# Energy: 13IDE:En:Energy.VAL
#---------------------------------
#   energy     mufluor    i0    fluor_corr   fluor_raw  time
  2450.000000    0.030173    109796.000000    3312.840519    3225.000000    7010.654000
  2452.001000    0.032720    112248.000000    3672.754269    3572.000000    7896.325000
  2454.000000    0.031903    111340.000000    3552.106034    3461.000000    7324.321000
  2456.000000    0.033739    111146.000000    3749.984988    3659.000000    7133.869000
  2458.000000    0.035160    111638.000000    3925.143353    3833.000000    7012.712000
  2460.000000    0.037014    111601.000000    4130.854009    4035.000000    6831.398000
  2462.000000    0.041672    111929.000000    4664.346685    4554.000000    6755.759000
  2464.000000    0.048861    111509.000000    5448.463498    5322.000000    6718.424000
  2464.151000    0.049834    111244.000000    5543.746076    5408.000000    6693.912000
  2464.301000    0.049153    110840.000000    5448.122023    5314.000000    6640.953000
  2464.450000    0.051311    110563.000000    5673.098999    5536.000000    6584.797000
  2464.601000    0.051550    110599.000000    5701.403726    5566.000000    6653.173000
  2464.750000    0.051446    110413.000000    5680.287238    5542.000000    6543.030000
  2464.899000    0.054584    110046.000000    6006.773037    5858.000000    6580.750000
  2465.051000    0.055308    109645.000000    6064.191675    5918.000000    6502.312000
  2465.200000    0.055840    109753.000000    6128.587771    5981.000000    6413.819000
  2465.351000    0.057253    109848.000000    6289.081439    6136.000000    6478.797000
  2465.501000    0.058036    109226.000000    6339.030635    6187.000000    6340.526000
  2465.650000    0.059449    110327.000000    6558.834985    6399.000000    6514.836000
  2465.801000    0.062066    110296.000000    6845.682640    6677.000000    6485.602000
  2465.950000    0.062870    110378.000000    6939.452772    6769.000000    6581.527000
  2466.100000    0.065819    110086.000000    7245.704321    7074.000000    6540.580000
  2466.250000    0.067306    110269.000000    7421.819856    7238.000000    6440.013000
  2466.400000    0.069276    109514.000000    7586.698581    7411.000000    6435.294000
  2466.550000    0.071769    109629.000000    7867.998851    7683.000000    6416.609000
  2466.700000    0.075294    109913.000000    8275.806135    8091.000000    6525.531000
  2466.850000    0.077308    109425.000000    8459.403997    8251.000000    6390.417000
  2467.000000    0.081901    109958.000000    9005.676436    8789.000000    6455.954000
  2467.149000    0.087065    110208.000000    9595.267461    9362.000000    6509.691000
  2467.301000    0.090452    110268.000000    9973.979559    9740.000000    6571.711000
  2467.450000    0.094787    110467.000000    10470.818868    10229.000000    6597.392000
  2467.600000    0.100800    110254.000000    11113.605054    10834.000000    6710.803000
  2467.750000    0.104383    110100.000000    11492.565621    11199.000000    6677.980000
  2467.901000    0.111262    110112.000000    12251.246300    11941.000000    6791.208000
  2468.051000    0.116919    110129.000000    12876.190806    12558.000000    6777.049000
  2468.200000    0.124191    110301.000000    13698.401285    13356.000000    6951.988000
  2468.351000    0.132296    110652.000000    14638.766878    14285.000000    6984.274000
  2468.501000    0.144239    110557.000000    15946.637413    15545.000000    7020.392000
  2468.650000    0.156596    110624.000000    17323.248841    16875.000000    7076.870000
  2468.800000    0.173194    110794.000000    19188.847627    18682.000000    7289.167000
  2468.950000    0.192305    110455.000000    21241.064734    20682.000000    7489.727000
  2469.100000    0.212591    111175.000000    23634.789567    22996.000000    7740.356000
  2469.251000    0.238348    111190.000000    26501.936195    25774.000000    8068.193000
  2469.400000    0.271671    111344.000000    30248.949638    29391.000000    8380.080000
  2469.551000    0.303011    111136.000000    33675.415072    32701.000000    8683.836000
  2469.701000    0.350799    111385.000000    39073.798698    37889.000000    9293.203000
  2469.850000    0.405581    111466.000000    45208.458003    43830.000000    9775.594000
  2470.000000    0.477571    111419.000000    53210.481786    51471.000000    10560.550000
  2470.150000    0.573430    111570.000000    63977.631514    61721.000000    11622.660000
  2470.301000    0.702804    111718.000000    78515.905692    75427.000000    13003.000000
  2470.450000    0.868639    111656.000000    96988.810147    92696.000000    14869.690000
  2470.600000    1.071148    111095.000000    118999.223898    113181.000000    16930.010000
  2470.750000    1.287866    111164.000000    143164.281236    135336.000000    19468.840000
  2470.900000    1.485564    110990.000000    164882.742939    154824.000000    21786.000000
  2471.050000    1.642217    111236.000000    182673.700044    170936.000000    23356.100000
  2471.200000    1.724774    111808.000000    192843.478666    179917.000000    24698.900000
  2471.350000    1.766158    111801.000000    197458.212718    184193.000000    24938.810000
  2471.500000    1.765481    112475.000000    198572.522618    184982.000000    25238.720000
  2471.650000    1.749219    112201.000000    196264.092273    182980.000000    24917.110000
  2471.801000    1.690065    112562.000000    190237.097421    177751.000000    24200.230000
  2471.951000    1.644105    112891.000000    185604.686506    173251.000000    23767.340000
  2472.101000    1.585337    113433.000000    179829.574524    168522.000000    23303.550000
  2472.250000    1.510457    113540.000000    171497.234273    160825.000000    22050.090000
  2472.400000    1.448224    113828.000000    164848.435203    155001.000000    21446.980000
  2472.550000    1.381084    113801.000000    157168.701328    148201.000000    20843.400000
  2472.700000    1.325117    114828.000000    152160.544564    143454.000000    20154.220000
  2472.850000    1.249072    115125.000000    143799.417536    135927.000000    19313.840000
  2473.000000    1.182923    115999.000000    137217.856690    129937.000000    18799.020000
  2473.150000    1.109358    116173.000000    128877.425269    122538.000000    17840.170000
  2473.300000    1.038417    116545.000000    121022.255819    115107.000000    17146.820000
  2473.450000    0.961415    116423.000000    111930.870905    106698.000000    16128.490000
  2473.600000    0.885831    117304.000000    103911.570331    99147.000000    15307.320000
  2473.751000    0.818578    116870.000000    95667.187539    91566.000000    14500.300000
  2473.900000    0.760301    117137.000000    89059.323262    85337.000000    13964.450000
  2474.050000    0.707818    117264.000000    83001.585808    79785.000000    13362.550000
  2474.200000    0.657673    117748.000000    77439.683797    74468.000000    12768.950000
  2474.350000    0.622871    117700.000000    73311.975268    70630.000000    12369.790000
  2474.500000    0.591033    118074.000000    69785.605691    67231.000000    12012.290000
  2474.650000    0.570834    117899.000000    67300.758448    64880.000000    11649.010000
  2474.801000    0.553536    117969.000000    65300.121392    63113.000000    11541.020000
  2474.950000    0.539171    117670.000000    63444.228273    61244.000000    11216.220000
  2475.100000    0.528483    118360.000000    62551.280764    60376.000000    11280.610000
  2475.250000    0.521505    118346.000000    61717.995819    59567.000000    11113.120000
  2475.400000    0.522914    118425.000000    61926.103943    59766.000000    11114.680000
  2475.550000    0.526152    118803.000000    62508.387580    60314.000000    11196.400000
  2475.700000    0.536073    119133.000000    63864.024130    61637.000000    11474.860000
  2475.851000    0.554933    118968.000000    66019.265571    63646.000000    11478.390000
  2476.001000    0.574281    119307.000000    68515.701704    66016.000000    11841.090000
  2476.151000    0.597947    119059.000000    71190.991958    68576.000000    11823.570000
  2476.300000    0.623108    120662.000000    75185.439371    72349.000000    12583.720000
  2476.450000    0.656975    120625.000000    79247.556996    76137.000000    12978.220000
  2476.601000    0.697007    121245.000000    84508.573868    81109.000000    13532.960000
  2476.750000    0.733744    121315.000000    89014.189522    85352.000000    13984.170000
  2476.900000    0.777829    121681.000000    94646.990367    90722.000000    14463.670000
  2477.050000    0.809936    121806.000000    98655.092492    94299.000000    14903.120000
  2477.200000    0.904407    105793.000000    95679.884606    92207.000000    12116.720000
  2477.351000    0.866526    121848.000000    105584.413815    100842.000000    15682.900000
  2477.500000    0.895512    122675.000000    109856.893283    104619.000000    15980.750000
  2477.650000    0.911383    123447.000000    112507.556885    107039.000000    16430.260000
  2477.801000    0.930465    123649.000000    115051.011081    109736.000000    16643.570000
  2477.950000    0.947081    123148.000000    116631.091201    110965.000000    16571.930000
  2478.100000    0.959752    123591.000000    118616.658590    112819.000000    17041.880000
  2478.250000    0.971188    123595.000000    120034.003727    114205.000000    17117.720000
  2478.400000    0.980734    123955.000000    121566.871277    115604.000000    17308.180000
  2478.551000    0.993372    123254.000000    122437.081614    116537.000000    17216.130000
  2478.700000    0.996650    125179.000000    124759.698075    118388.000000    17788.360000
  2478.851000    1.012401    124760.000000    126307.181549    119834.000000    18051.820000
  2479.000000    1.020706    124840.000000    127424.966069    120972.000000    18126.390000
  2479.150000    1.030416    125153.000000    128959.596999    122200.000000    18127.060000
  2479.300000    1.029583    125234.000000    128938.799024    122243.000000    18102.200000
  2479.450000    1.040175    125226.000000    130256.963140    123664.000000    18358.740000
  2479.601000    1.034275    125672.000000    129979.458735    123159.000000    18312.630000
  2479.750000    1.031044    125451.000000    129345.481677    122839.000000    18210.150000
  2479.900000    1.032350    125759.000000    129827.350560    123056.000000    18388.240000
  2480.050000    1.028734    125614.000000    129223.342765    122624.000000    18153.870000
  2480.200000    1.024033    125865.000000    128889.922947    122278.000000    18300.950000
  2480.350000    1.017252    126087.000000    128262.212734    121714.000000    18079.960000
  2480.500000    1.015806    126126.000000    128119.598461    121663.000000    18167.990000
  2480.650000    1.012636    126351.000000    127947.525296    121407.000000    18207.650000
  2480.801000    1.007767    125983.000000    126961.542166    120414.000000    17845.440000
  2480.950000    1.011262    126227.000000    127648.543900    121135.000000    18071.970000
  2481.101000    1.003869    126380.000000    126868.985303    120426.000000    17898.380000
  2481.250000    0.997627    126805.000000    126504.151792    119970.000000    18015.080000
  2481.400000    0.996374    126432.000000    125973.588782    119603.000000    18095.520000
  2481.551000    1.001711    126552.000000    126768.494637    120207.000000    18059.390000
  2481.700000    1.002677    126429.000000    126767.484327    120283.000000    18044.950000
  2481.850000    1.004045    126785.000000    127297.791416    120655.000000    18005.820000
  2482.000000    1.004854    126717.000000    127332.134368    120700.000000    18086.010000
  2482.151000    0.997484    126929.000000    126609.639722    120095.000000    18112.990000
  2482.300000    1.004944    126566.000000    127191.739619    120811.000000    18051.150000
  2482.450000    0.998608    126960.000000    126783.235238    120290.000000    18138.360000
  2482.601000    0.993977    127044.000000    126278.847146    119914.000000    17799.070000
  2482.750000    0.992210    127538.000000    126544.500014    120179.000000    18148.160000
  2482.900000    0.991827    127138.000000    126098.959842    119472.000000    17944.080000
  2483.051000    0.977058    127598.000000    124670.699427    118213.000000    18093.240000
  2483.200000    0.987589    127847.000000    126260.320016    119977.000000    18230.470000
  2483.350000    0.980980    128191.000000    125752.850624    119223.000000    18099.420000
  2483.500000    0.968605    127912.000000    123896.223512    117750.000000    17996.130000
  2483.650000    0.966745    128505.000000    124231.573744    117977.000000    18032.290000
  2483.801000    0.967727    128222.000000    124083.929771    117804.000000    17914.150000
  2483.951000    0.972550    128822.000000    125285.781299    118804.000000    17906.500000
  2484.100000    0.963572    128568.000000    123884.577176    117572.000000    17799.260000
  2484.250000    0.961137    129058.000000    124042.396454    117620.000000    17876.120000
  2484.400000    0.968782    128342.000000    124335.416534    117973.000000    17944.610000
  2484.550000    0.964306    128887.000000    124286.449297    118044.000000    17913.210000
  2484.700000    0.965838    128712.000000    124314.979691    118054.000000    18130.820000
  2484.850000    0.968834    129452.000000    125417.444354    118964.000000    18144.160000
  2485.000000    0.970545    128902.000000    125105.203251    118558.000000    18015.620000
  2485.150000    0.965415    129167.000000    124699.708056    118169.000000    18161.570000
  2485.301000    0.968056    129549.000000    125410.659368    118931.000000    18056.770000
  2485.450000    0.969147    129468.000000    125473.495535    118987.000000    18166.330000
  2485.600000    0.970647    129578.000000    125774.481304    119261.000000    18149.070000
  2485.750000    0.969632    129562.000000    125627.517815    119214.000000    18364.030000
  2485.901000    0.964892    129478.000000    124932.266981    118579.000000    18095.340000
  2486.051000    0.958103    129801.000000    124362.663731    118020.000000    18072.620000
  2486.200000    0.956413    129677.000000    124024.771563    117551.000000    17943.360000
  2486.350000    0.962814    129850.000000    125021.335500    118601.000000    18028.530000
  2486.499000    0.956028    130125.000000    124403.178518    118270.000000    18110.820000
  2486.649000    0.954269    130684.000000    124707.671518    118318.000000    18254.930000
  2486.800000    0.947946    130291.000000    123508.880873    117121.000000    18130.690000
  2486.950000    0.949099    130760.000000    124104.152828    117785.000000    18053.560000
  2487.100000    0.945741    130480.000000    123400.221316    117001.000000    17957.400000
  2487.250000    0.945623    130767.000000    123656.259944    117211.000000    18057.820000
  2487.400000    0.935887    130863.000000    122472.979576    116322.000000    17949.590000
  2487.551000    0.934633    130772.000000    122223.762103    116120.000000    17816.210000
  2487.700000    0.933985    130846.000000    122208.236299    115955.000000    18017.170000
  2487.850000    0.933829    130876.000000    122215.744767    116106.000000    17942.590000
  2488.000000    0.930308    131230.000000    122084.370576    115795.000000    17742.130000
  2488.790000    0.926406    131355.000000    121688.121880    115624.000000    17793.090000
  2489.599000    0.938128    131769.000000    123616.212470    117311.000000    17892.620000
  2490.427000    0.938003    132531.000000    124314.483864    118047.000000    18085.450000
  2491.273000    0.937126    133206.000000    124830.744746    118466.000000    18095.490000
  2492.139000    0.947128    133214.000000    126170.750543    119765.000000    18215.600000
  2493.023000    0.935792    134120.000000    125508.485825    119181.000000    17996.110000
  2493.927000    0.926577    133805.000000    123980.601280    117834.000000    17603.650000
  2494.850000    0.913279    133813.000000    122208.581493    116205.000000    17574.610000
  2495.792000    0.894336    132593.000000    118582.718657    112841.000000    16784.320000
  2496.753000    0.875803    133299.000000    116743.619119    111347.000000    16723.520000
  2497.732000    0.875022    133400.000000    116727.996280    111357.000000    16654.520000
  2498.732000    0.865608    133971.000000    115966.407281    110622.000000    16354.220000
  2499.750000    0.855131    134838.000000    115304.139874    110006.000000    16161.040000
  2500.786000    0.851535    135486.000000    115371.032771    110164.000000    16177.720000
  2501.843000    0.845389    136421.000000    115328.880848    110052.000000    16227.170000
  2502.917000    0.844510    136966.000000    115669.169525    110438.000000    16339.710000
  2504.011000    0.841720    137830.000000    116014.277725    110700.000000    16248.170000
  2505.125000    0.838036    138478.000000    116049.510557    110847.000000    16130.720000
  2506.257000    0.844286    139344.000000    117646.248814    112282.000000    16374.650000
  2507.408000    0.854801    140014.000000    119684.146873    113974.000000    16563.480000
  2508.578000    0.868842    141034.000000    122536.234188    116747.000000    16913.860000
  2509.767000    0.880461    141702.000000    124763.024282    118972.000000    17011.800000
  2510.975000    0.904189    142401.000000    128757.377858    122407.000000    17395.850000
  2512.203000    0.920601    143407.000000    132020.613430    125504.000000    17820.660000
  2513.449000    0.940021    144116.000000    135472.117090    128582.000000    18183.380000
  2514.714000    0.963134    145183.000000    139830.669358    132593.000000    18445.470000
  2515.998000    0.976136    145612.000000    142137.116457    134807.000000    18797.780000
  2517.301000    0.982469    146606.000000    144035.874837    136461.000000    18951.450000
  2518.624000    0.973866    147078.000000    143234.238942    135703.000000    18756.130000
  2519.966000    0.977353    147725.000000    144379.418378    137004.000000    18825.550000
  2521.325000    0.967783    147815.000000    143052.898223    135871.000000    18610.640000
  2522.704000    0.963373    148228.000000    142798.926084    135539.000000    18522.780000
  2524.103000    0.964388    148357.000000    143073.675254    135949.000000    18386.910000
  2525.521000    0.957663    148430.000000    142145.894024    135142.000000    18134.230000
  2526.957000    0.944500    149496.000000    141198.919111    134248.000000    17934.330000
  2528.411000    0.935280    149694.000000    140005.876634    133080.000000    17905.500000
  2529.886000    0.916980    151052.000000    138511.687648    131847.000000    17887.660000
  2531.380000    0.900516    151512.000000    136438.925034    129754.000000    17441.200000
  2532.893000    0.888711    152789.000000    135785.323108    129316.000000    17512.940000
  2534.424000    0.875420    152911.000000    133861.411611    127501.000000    17545.880000
  2535.975000    0.875747    152994.000000    133984.062113    127674.000000    17346.030000
  2537.544000    0.882164    153504.000000    135415.682186    128864.000000    17367.470000
  2539.132000    0.891999    153243.000000    136692.657523    130011.000000    17526.530000
  2540.740000    0.894925    152117.000000    136133.270994    129558.000000    17738.750000
  2542.367000    0.903636    150922.000000    136378.550613    129655.000000    17406.000000
  2544.013000    0.915472    152767.000000    139853.872272    133100.000000    17725.430000
  2545.677000    0.920359    152507.000000    140361.184857    133441.000000    17609.600000
  2547.361000    0.934167    153004.000000    142931.334672    135781.000000    17975.760000
  2549.063000    0.940407    151885.000000    142833.785547    136046.000000    17707.550000
  2550.784000    0.952459    150953.000000    143776.569749    136750.000000    17568.880000
  2552.525000    0.958080    150207.000000    143910.337031    137108.000000    17487.160000
  2554.286000    0.963556    149842.000000    144381.208761    137264.000000    17629.360000
  2556.065000    0.973580    150086.000000    146120.653185    139036.000000    17637.840000
  2557.862000    0.971315    149567.000000    145276.685624    138270.000000    17458.060000
  2559.679000    0.978629    149568.000000    146371.638930    139243.000000    17686.490000
  2561.515000    0.980464    149065.000000    146152.867850    139084.000000    17356.330000
  2563.369000    0.981996    148321.000000    145650.640382    138784.000000    17207.970000
  2565.243000    0.979934    147353.000000    144396.267643    137730.000000    17172.360000
  2567.136000    0.981831    144604.000000    141976.694954    135544.000000    16582.800000
  2569.049000    0.986552    139491.000000    137615.119832    131539.000000    15943.640000
  2570.979000    0.971968    142968.000000    138960.341627    132824.000000    16010.290000
  2572.929000    0.956503    144099.000000    137831.061347    131761.000000    16000.300000
  2574.898000    0.955943    142754.000000    136464.622435    130597.000000    15710.990000
  2576.886000    0.936921    143030.000000    134007.812444    128244.000000    15329.270000
  2578.893000    0.932914    140585.000000    131153.728734    125702.000000    14795.390000
  2580.918000    0.928407    138697.000000    128767.258888    123624.000000    14586.980000
  2582.964000    0.924495    138053.000000    127629.261603    122569.000000    14271.090000
  2585.028000    0.923002    137043.000000    126491.024979    121520.000000    14265.330000
  2587.111000    0.916645    135449.000000    124158.684386    119443.000000    13774.590000
  2589.214000    0.929251    132955.000000    123548.613095    118824.000000    13579.850000
  2591.334000    0.935802    130277.000000    121913.535149    117352.000000    13397.290000
  2593.474000    0.935758    127661.000000    119459.838737    115162.000000    12957.060000
  2595.634000    0.937584    122881.000000    115211.252747    111208.000000    12425.030000
  2597.812000    0.946895    111749.000000    105814.573812    102440.000000    11236.010000
