# From file /cars5/Data/xas_user/2014.1/Langmann/s_xanes_niso4.001
# Time : Sun Mar 09 09:53:40 2014
# Energy: 13IDE:En:Energy.VAL
#---------------------------------
#   energy     mufluor    i0    fluor_corr   fluor_raw  time
  2450.000000    0.010529    101115.000000    1064.680327    1033.000000    235.469900
  2452.000000    0.012195    108075.000000    1318.017157    1278.000000    265.983300
  2454.000000    0.010871    111236.000000    1209.282337    1178.000000    281.744300
  2456.000000    0.010507    111636.000000    1172.937341    1142.000000    272.733000
  2458.000000    0.011076    113365.000000    1255.619562    1223.000000    283.200400
  2460.000000    0.011094    114154.000000    1266.454994    1229.000000    259.895800
  2462.000000    0.011273    115523.000000    1302.262641    1268.000000    280.319900
  2464.000000    0.012208    117110.000000    1429.687760    1392.000000    311.742500
  2464.150000    0.012294    117551.000000    1445.125867    1409.000000    288.344800
  2464.300000    0.011746    117849.000000    1384.255486    1350.000000    287.787900
  2464.450000    0.012441    117776.000000    1465.248102    1428.000000    272.451100
  2464.600000    0.012149    117845.000000    1431.738475    1397.000000    296.817500
  2464.750000    0.012380    117839.000000    1458.805398    1424.000000    293.943400
  2464.899000    0.011679    118003.000000    1378.180539    1343.000000    286.431700
  2465.050000    0.012083    118452.000000    1431.279777    1396.000000    300.301700
  2465.200000    0.012876    118231.000000    1522.298356    1487.000000    300.407900
  2465.351000    0.012105    118151.000000    1430.248700    1394.000000    297.864000
  2465.500000    0.013053    118317.000000    1544.361495    1508.000000    301.309600
  2465.650000    0.012558    118521.000000    1488.336185    1452.000000    301.738900
  2465.801000    0.012323    118675.000000    1462.386659    1426.000000    314.731600
  2465.950000    0.012731    119173.000000    1517.156250    1478.000000    280.819800
  2466.100000    0.012508    119104.000000    1489.799603    1455.000000    312.732300
  2466.250000    0.012484    118918.000000    1484.618723    1447.000000    292.320600
  2466.400000    0.012897    119007.000000    1534.819141    1498.000000    333.746900
  2466.550000    0.012377    119032.000000    1473.251422    1438.000000    314.754800
  2466.700000    0.012997    119741.000000    1556.242416    1517.000000    284.648700
  2466.850000    0.012898    119618.000000    1542.809552    1506.000000    299.358900
  2467.000000    0.013078    119902.000000    1568.084691    1530.000000    303.389000
  2467.150000    0.013024    119784.000000    1560.051253    1522.000000    319.989900
  2467.301000    0.012418    119805.000000    1487.732263    1453.000000    300.868600
  2467.449000    0.012601    120203.000000    1514.639706    1478.000000    290.311500
  2467.600000    0.012529    119137.000000    1492.713884    1454.000000    305.979300
  2467.751000    0.012529    119689.000000    1499.527415    1465.000000    312.872200
  2467.901000    0.013100    119796.000000    1569.321677    1533.000000    335.641200
  2468.051000    0.012641    120266.000000    1520.233404    1482.000000    311.833500
  2468.200000    0.013042    119918.000000    1564.011488    1528.000000    312.342400
  2468.350000    0.013032    119815.000000    1561.400672    1522.000000    321.203600
  2468.500000    0.013181    119958.000000    1581.148547    1544.000000    315.184700
  2468.650000    0.012932    119829.000000    1549.601692    1510.000000    315.752700
  2468.801000    0.013011    119283.000000    1551.979081    1512.000000    320.517600
  2468.951000    0.012767    119545.000000    1526.230105    1485.000000    325.885400
  2469.101000    0.013553    119518.000000    1619.777386    1585.000000    310.417400
  2469.251000    0.013241    119162.000000    1577.819799    1543.000000    322.208200
  2469.400000    0.013916    119237.000000    1659.348518    1622.000000    337.600100
  2469.550000    0.013473    118966.000000    1602.771815    1568.000000    350.642100
  2469.700000    0.013521    118955.000000    1608.447652    1570.000000    329.427100
  2469.851000    0.013840    119064.000000    1647.848692    1611.000000    333.158800
  2470.000000    0.013829    118508.000000    1638.854176    1599.000000    360.774500
  2470.150000    0.013363    118179.000000    1579.256984    1541.000000    312.605800
  2470.301000    0.013571    118142.000000    1603.341573    1566.000000    332.515500
  2470.450000    0.013938    118528.000000    1652.082986    1615.000000    349.120900
  2470.601000    0.013793    118658.000000    1636.596644    1599.000000    336.099100
  2470.750000    0.015039    118740.000000    1785.675049    1749.000000    374.843900
  2470.900000    0.014618    118075.000000    1726.055604    1687.000000    343.400800
  2471.050000    0.015611    118213.000000    1845.407784    1806.000000    355.131600
  2471.200000    0.015289    117844.000000    1801.699204    1764.000000    361.420900
  2471.351000    0.015281    118150.000000    1805.395339    1768.000000    376.763400
  2471.500000    0.015878    118097.000000    1875.196719    1835.000000    387.844300
  2471.649000    0.016574    118110.000000    1957.539888    1909.000000    413.979600
  2471.800000    0.017400    117609.000000    2046.405925    2008.000000    396.086100
  2471.950000    0.016541    117926.000000    1950.641464    1909.000000    390.511800
  2472.101000    0.017290    117210.000000    2026.569325    1985.000000    368.802600
  2472.250000    0.017447    116999.000000    2041.334467    1998.000000    418.984700
  2472.400000    0.018535    117139.000000    2171.135973    2128.000000    380.657100
  2472.550000    0.018740    117161.000000    2195.645485    2149.000000    444.510600
  2472.700000    0.020155    117632.000000    2370.854722    2324.000000    413.463400
  2472.850000    0.020559    117785.000000    2421.550623    2375.000000    454.978300
  2473.000000    0.020781    117939.000000    2450.946078    2408.000000    480.590600
  2473.150000    0.021418    117643.000000    2519.644231    2467.000000    435.284200
  2473.300000    0.021479    117870.000000    2531.788462    2483.000000    452.707600
  2473.450000    0.022527    117771.000000    2653.001871    2608.000000    458.080000
  2473.600000    0.022373    117452.000000    2627.724660    2577.000000    462.487900
  2473.750000    0.022776    117765.000000    2682.209047    2637.000000    469.323500
  2473.900000    0.023422    118048.000000    2764.975635    2720.000000    455.892400
  2474.051000    0.023445    118224.000000    2771.791838    2726.000000    484.898400
  2474.200000    0.023797    118258.000000    2814.154450    2765.000000    491.772700
  2474.351000    0.024942    118627.000000    2958.764267    2910.000000    476.333000
  2474.500000    0.025260    118866.000000    3002.541386    2946.000000    505.228300
  2474.650000    0.025694    118358.000000    3041.097456    2989.000000    483.731800
  2474.801000    0.027038    118506.000000    3204.193528    3148.000000    481.931700
  2474.950000    0.027953    118320.000000    3307.399458    3255.000000    536.096300
  2475.100000    0.027520    118062.000000    3249.112546    3196.000000    503.892400
  2475.250000    0.029321    117798.000000    3454.007053    3399.000000    543.349100
  2475.400000    0.029761    117651.000000    3501.460103    3448.000000    551.818500
  2475.550000    0.030747    117593.000000    3615.646547    3547.000000    551.232100
  2475.700000    0.032068    116345.000000    3730.991015    3675.000000    581.273900
  2475.849000    0.034495    116416.000000    4015.745639    3961.000000    578.935400
  2476.000000    0.034108    115759.000000    3948.304945    3889.000000    603.604200
  2476.150000    0.036076    114954.000000    4147.028834    4087.000000    577.137700
  2476.300000    0.037154    115845.000000    4304.127441    4244.000000    599.551100
  2476.450000    0.038633    115937.000000    4479.050122    4402.000000    632.476100
  2476.601000    0.039935    115260.000000    4602.851218    4541.000000    642.648800
  2476.750000    0.042955    115435.000000    4958.480242    4900.000000    662.450600
  2476.900000    0.045462    114924.000000    5224.700025    5151.000000    712.380100
  2477.051000    0.047918    114597.000000    5491.236947    5421.000000    749.380900
  2477.200000    0.050144    98053.000000    4916.794150    4852.000000    614.085900
  2477.351000    0.053269    114078.000000    6076.816899    6010.000000    778.108900
  2477.500000    0.055922    113893.000000    6369.098855    6302.000000    837.468300
  2477.650000    0.060272    114857.000000    6922.611594    6848.000000    857.177900
  2477.800000    0.065558    114341.000000    7495.929594    7418.000000    931.255900
  2477.949000    0.071373    114019.000000    8137.837086    8050.000000    1003.714000
  2478.100000    0.076293    113428.000000    8653.814649    8564.000000    1016.546000
  2478.250000    0.083209    113213.000000    9420.382472    9310.000000    1091.334000
  2478.399000    0.092659    112875.000000    10458.917372    10340.000000    1174.465000
  2478.551000    0.103364    112548.000000    11633.398085    11519.000000    1322.967000
  2478.700000    0.118142    112928.000000    13341.514784    13212.000000    1494.070000
  2478.850000    0.140663    112598.000000    15838.399917    15669.000000    1700.143000
  2479.001000    0.168737    112735.000000    19022.547718    18766.000000    2019.850000
  2479.150000    0.210112    112689.000000    23677.278878    23435.000000    2469.302000
  2479.301000    0.264955    112701.000000    29860.649788    29510.000000    3090.501000
  2479.450000    0.323762    112787.000000    36516.190779    36027.000000    3690.340000
  2479.601000    0.364268    112940.000000    41140.371993    40595.000000    4181.226000
  2479.751000    0.392025    113074.000000    44327.784537    43704.000000    4454.292000
  2479.900000    0.408725    113027.000000    46196.986735    45464.000000    4661.902000
  2480.050000    0.419672    112503.000000    47214.335232    46483.000000    4760.227000
  2480.200000    0.424101    112049.000000    47520.099046    46784.000000    4764.058000
  2480.351000    0.429914    112402.000000    48323.206785    47582.000000    4825.303000
  2480.500000    0.441950    112517.000000    49726.848186    48930.000000    5042.783000
  2480.651000    0.473499    112652.000000    53340.568500    52497.000000    5432.944000
  2480.800000    0.522033    111939.000000    58435.830887    57411.000000    5918.741000
  2480.950000    0.588521    112832.000000    66403.949195    65091.000000    6597.590000
  2481.100000    0.657419    112518.000000    73971.465553    72347.000000    7372.685000
  2481.250000    0.727880    112316.000000    81752.548393    79890.000000    8105.957000
  2481.400000    0.791736    112548.000000    89108.308638    86846.000000    8841.583000
  2481.550000    0.847115    112016.000000    94890.419973    92385.000000    9314.025000
  2481.700000    0.885374    111935.000000    99104.316829    96407.000000    9834.612000
  2481.850000    0.922714    111999.000000    103343.099658    100238.000000    10167.560000
  2482.000000    0.947970    112004.000000    106176.392743    103060.000000    10309.060000
  2482.150000    0.962268    112290.000000    108053.110012    104738.000000    10630.520000
  2482.300000    0.977669    112130.000000    109626.028099    106280.000000    10687.360000
  2482.450000    0.981659    112290.000000    110230.537295    106713.000000    10865.150000
  2482.600000    0.983284    112040.000000    110167.173074    106878.000000    10776.030000
  2482.750000    0.965032    112091.000000    108171.370834    105034.000000    10587.740000
  2482.901000    0.928215    112496.000000    104420.515534    101349.000000    10403.560000
  2483.050000    0.878941    112717.000000    99071.597783    96246.000000    9893.425000
  2483.200000    0.816083    112469.000000    91784.036273    89392.000000    9326.879000
  2483.350000    0.750452    112327.000000    84295.974047    82187.000000    8569.492000
  2483.500000    0.679426    112809.000000    76645.333018    74955.000000    7834.927000
  2483.651000    0.616917    112568.000000    69445.140896    68071.000000    7249.383000
  2483.800000    0.570641    112504.000000    64199.385330    62895.000000    6678.453000
  2483.950000    0.530669    112789.000000    59853.622465    58748.000000    6099.433000
  2484.101000    0.495374    112741.000000    55848.984633    54899.000000    5845.457000
  2484.250000    0.473407    112630.000000    53319.867656    52433.000000    5608.983000
  2484.401000    0.447396    113345.000000    50710.139179    49878.000000    5289.656000
  2484.551000    0.427250    113307.000000    48410.399541    47652.000000    5117.810000
  2484.701000    0.411146    112884.000000    46411.841322    45698.000000    4953.890000
  2484.851000    0.398314    113315.000000    45134.957757    44397.000000    4761.107000
  2485.001000    0.381376    112878.000000    43048.905481    42351.000000    4576.494000
  2485.150000    0.372834    113181.000000    42197.755295    41606.000000    4490.292000
  2485.300000    0.360989    113187.000000    40859.208165    40313.000000    4407.241000
  2485.450000    0.348380    113122.000000    39409.439194    38881.000000    4269.209000
  2485.600000    0.345120    113823.000000    39282.614973    38789.000000    4242.848000
  2485.750000    0.339502    114219.000000    38777.591244    38280.000000    4233.160000
  2485.900000    0.335708    114403.000000    38405.949693    37865.000000    4166.378000
  2486.050000    0.331704    114187.000000    37876.318146    37331.000000    4090.431000
  2486.200000    0.326699    114146.000000    37291.357908    36832.000000    4087.157000
  2486.351000    0.329735    114558.000000    37773.744651    37271.000000    4131.012000
  2486.500000    0.329922    114377.000000    37735.451718    37227.000000    4020.641000
  2486.650000    0.330224    114806.000000    37911.671243    37432.000000    4222.224000
  2486.800000    0.330537    115023.000000    38019.352683    37529.000000    4124.649000
  2486.950000    0.332418    115257.000000    38313.517850    37798.000000    4225.799000
  2487.100000    0.334849    115695.000000    38740.328952    38167.000000    4248.414000
  2487.250000    0.338990    115781.000000    39248.563199    38674.000000    4289.633000
  2487.400000    0.347354    115902.000000    40258.978285    39692.000000    4355.848000
  2487.551000    0.347729    116210.000000    40409.574871    39850.000000    4453.925000
  2487.700000    0.356537    116558.000000    41557.186243    40958.000000    4522.496000
  2487.850000    0.367162    116495.000000    42772.523004    42126.000000    4608.655000
  2488.000000    0.377675    116429.000000    43972.286570    43337.000000    4769.967000
  2488.790000    0.388358    118050.000000    45845.693009    45196.000000    4949.433000
  2489.598000    0.374025    119194.000000    44581.516881    43911.000000    4837.247000
  2490.426000    0.435599    120061.000000    52298.497271    51473.000000    5562.731000
  2491.273000    0.589039    121307.000000    71454.533300    70059.000000    7597.303000
  2492.139000    0.585907    122263.000000    71634.687048    70198.000000    7580.261000
  2493.023000    0.515076    122902.000000    63303.898649    62099.000000    6786.397000
  2493.927000    0.482428    123920.000000    59782.449271    58697.000000    6324.614000
  2494.851000    0.456566    125216.000000    57169.313412    56167.000000    6092.632000
  2495.793000    0.519877    126745.000000    65891.815977    64694.000000    6996.254000
  2496.753000    0.567572    128153.000000    72736.005488    71235.000000    7696.318000
  2497.733000    0.594762    129157.000000    76817.729064    75136.000000    8116.022000
  2498.731000    0.627947    129020.000000    81017.721283    79150.000000    8497.694000
  2499.749000    0.665337    128963.000000    85803.851754    83679.000000    8974.449000
  2500.786000    0.641482    129466.000000    83050.094962    81082.000000    8614.073000
  2501.843000    0.557012    130111.000000    72473.348073    70965.000000    7655.581000
  2502.918000    0.505119    130900.000000    66120.036143    64837.000000    7113.351000
  2504.012000    0.477212    131849.000000    62919.925940    61709.000000    6646.091000
  2505.125000    0.466579    133539.000000    62306.446554    61122.000000    6737.754000
  2506.257000    0.452363    134263.000000    60735.574336    59634.000000    6362.872000
  2507.408000    0.439082    135129.000000    59332.667981    58315.000000    6346.312000
  2508.578000    0.439602    137110.000000    60273.797120    59224.000000    6346.873000
  2509.767000    0.451656    138237.000000    62435.606106    61239.000000    6634.285000
  2510.975000    0.455047    138985.000000    63244.646200    62018.000000    6762.893000
  2512.202000    0.459030    140138.000000    64327.512365    63133.000000    6835.911000
  2513.448000    0.454696    142347.000000    64724.642402    63489.000000    6760.139000
  2514.714000    0.444632    143243.000000    63690.456767    62490.000000    6827.280000
  2515.998000    0.433749    144615.000000    62726.594402    61592.000000    6719.493000
  2517.301000    0.431282    145466.000000    62736.842748    61551.000000    6675.041000
  2518.623000    0.426704    147062.000000    62752.011550    61630.000000    6631.802000
  2519.965000    0.416827    148522.000000    61907.911022    60810.000000    6517.906000
  2521.325000    0.414770    149151.000000    61863.379686    60741.000000    6442.441000
  2522.704000    0.410552    148855.000000    61112.659119    60097.000000    6417.017000
  2524.102000    0.415038    148611.000000    61679.196438    60592.000000    6446.511000
  2525.520000    0.427276    148876.000000    63611.164568    62371.000000    6729.765000
  2526.957000    0.435848    149776.000000    65279.564606    64019.000000    6883.350000
  2528.412000    0.438793    151107.000000    66304.707161    65028.000000    6907.542000
  2529.886000    0.452335    152243.000000    68864.892541    67479.000000    7325.169000
  2531.379000    0.461599    153671.000000    70934.323886    69514.000000    7511.104000
  2532.892000    0.458798    155197.000000    71204.094197    69800.000000    7449.589000
  2534.424000    0.450267    156813.000000    70607.762168    69160.000000    7448.985000
  2535.974000    0.453119    157644.000000    71431.559607    69949.000000    7479.892000
  2537.544000    0.448045    158498.000000    71014.272731    69572.000000    7568.178000
  2539.132000    0.448369    159462.000000    71497.791196    70068.000000    7515.821000
  2540.740000    0.447576    159642.000000    71451.995678    70076.000000    7465.731000
  2542.367000    0.451126    159480.000000    71945.528626    70519.000000    7503.376000
  2544.011000    0.454095    158584.000000    72012.247394    70633.000000    7648.598000
  2545.676000    0.458788    157072.000000    72062.748013    70545.000000    7560.594000
  2547.360000    0.465919    156869.000000    73088.179980    71657.000000    7631.590000
  2549.063000    0.472548    157290.000000    74327.104336    72780.000000    7874.457000
  2550.785000    0.482891    156368.000000    75508.646908    73946.000000    7964.651000
  2552.527000    0.498055    156014.000000    77703.569520    76107.000000    8136.523000
  2554.285000    0.507825    155923.000000    79181.604457    77481.000000    8250.296000
  2556.064000    0.508195    157311.000000    79944.708338    78208.000000    8393.372000
  2557.862000    0.507932    157877.000000    80190.795875    78426.000000    8362.241000
  2559.679000    0.501481    158248.000000    79358.396032    77690.000000    8334.260000
  2561.514000    0.503378    159432.000000    80254.630477    78519.000000    8423.313000
  2563.370000    0.502665    159744.000000    80297.737800    78486.000000    8430.085000
  2565.243000    0.512305    160245.000000    82094.360541    80292.000000    8672.726000
  2567.136000    0.518402    158358.000000    82093.136507    80239.000000    8628.118000
  2569.048000    0.528156    158313.000000    83614.010095    81793.000000    8691.433000
  2570.979000    0.533231    156854.000000    83639.374686    81764.000000    8850.237000
  2572.929000    0.533309    153743.000000    81992.576097    80189.000000    8517.296000
  2574.898000    0.528444    154864.000000    81836.957625    79992.000000    8429.395000
  2576.886000    0.529564    155638.000000    82420.314456    80591.000000    8710.929000
  2578.893000    0.535469    153638.000000    82268.447162    80364.000000    8667.596000
  2580.919000    0.539107    156510.000000    84375.566301    82418.000000    8861.673000
  2582.964000    0.542108    156173.000000    84662.697040    82854.000000    8789.913000
  2585.029000    0.545771    155836.000000    85050.751417    83107.000000    8851.544000
  2587.111000    0.542386    155579.000000    84383.842581    82527.000000    8842.060000
  2589.213000    0.538342    156144.000000    84058.878666    82184.000000    8706.165000
  2591.334000    0.532438    154610.000000    82320.239361    80464.000000    8572.551000
  2593.474000    0.532190    154757.000000    82360.203007    80482.000000    8549.434000
  2595.633000    0.524116    152922.000000    80148.907802    78437.000000    8237.812000
  2597.812000    0.524199    149048.000000    78130.777740    76518.000000    8157.325000
