# From file /cars5/Data/xas_user/2014.1/Fiege/S_xafs_pyrite.001
# Time : Wed Apr 02 09:49:46 2014
# Energy: 13IDE:En:Energy.VAL
#---------------------------------
#   energy     mufluor    i0    fluor_corr   fluor_raw  time
  2450.000000    0.031769    337054.000000    10707.876768    9501.000000    100000000.000000
  2452.000000    0.034778    322737.000000    11224.194569    10013.000000    100000000.000000
  2453.999000    0.036161    324571.000000    11736.811385    10438.000000    100000000.000000
  2456.000000    0.036754    327912.000000    12051.941447    10816.000000    100000000.000000
  2458.001000    0.039135    331544.000000    12974.954215    11680.000000    100000000.000000
  2460.000000    0.044060    332484.000000    14649.356292    13236.000000    100000000.000000
  2462.000000    0.050775    334066.000000    16962.060111    15322.000000    100000000.000000
  2464.000000    0.062750    338497.000000    21240.560956    19209.000000    100000000.000000
  2464.150000    0.064780    347115.000000    22486.265951    20171.000000    100000000.000000
  2464.301000    0.065487    347634.000000    22765.666122    20404.000000    100000000.000000
  2464.451000    0.067276    350453.000000    23577.026223    21140.000000    100000000.000000
  2464.600000    0.068112    350774.000000    23892.021167    21426.000000    100000000.000000
  2464.750000    0.070105    350438.000000    24567.406272    22040.000000    100000000.000000
  2464.900000    0.072847    346216.000000    25220.876458    22677.000000    100000000.000000
  2465.050000    0.074233    348443.000000    25866.104072    23243.000000    100000000.000000
  2465.200000    0.076856    352218.000000    27070.051372    24309.000000    100000000.000000
  2465.350000    0.078967    350741.000000    27696.831204    24849.000000    100000000.000000
  2465.501000    0.081057    350668.000000    28424.067156    25537.000000    100000000.000000
  2465.650000    0.084113    351581.000000    29572.654036    26546.000000    100000000.000000
  2465.800000    0.086550    350734.000000    30355.899225    27317.000000    100000000.000000
  2465.950000    0.089159    349943.000000    31200.560009    27994.000000    100000000.000000
  2466.100000    0.091930    347221.000000    31919.923536    28721.000000    100000000.000000
  2466.250000    0.095886    347813.000000    33350.520560    29979.000000    100000000.000000
  2466.400000    0.098868    346189.000000    34227.135793    30772.000000    100000000.000000
  2466.550000    0.101539    349143.000000    35451.545591    31884.000000    100000000.000000
  2466.699000    0.106225    346828.000000    36841.820007    33147.000000    100000000.000000
  2466.850000    0.112135    344477.000000    38627.950085    34767.000000    100000000.000000
  2467.000000    0.115660    345461.000000    39956.082534    35918.000000    100000000.000000
  2467.150000    0.120644    348105.000000    41996.703565    37751.000000    100000000.000000
  2467.300000    0.127038    347563.000000    44153.555492    39694.000000    100000000.000000
  2467.450000    0.133888    350565.000000    46936.343118    42124.000000    100000000.000000
  2467.600000    0.142279    348554.000000    49591.885385    44452.000000    100000000.000000
  2467.750000    0.150119    348731.000000    52351.109666    46924.000000    100000000.000000
  2467.900000    0.160006    349712.000000    55956.070419    50158.000000    100000000.000000
  2468.050000    0.171623    352180.000000    60442.328229    53988.000000    100000000.000000
  2468.200000    0.183295    352162.000000    64549.597415    57607.000000    100000000.000000
  2468.350000    0.197157    354224.000000    69837.659475    62211.000000    100000000.000000
  2468.500000    0.213588    354682.000000    75755.726668    67366.000000    100000000.000000
  2468.651000    0.230280    353094.000000    81310.489686    72067.000000    100000000.000000
  2468.800000    0.250872    357289.000000    89633.887224    79393.000000    100000000.000000
  2468.950000    0.275864    359246.000000    99103.126019    87466.000000    100000000.000000
  2469.100000    0.306225    361187.000000    110604.451155    97220.000000    100000000.000000
  2469.250000    0.339796    359635.000000    122202.377502    107031.000000    100000000.000000
  2469.400000    0.380971    358723.000000    136663.213249    119450.000000    100000000.000000
  2469.549000    0.432757    359576.000000    155609.080413    134755.000000    100000000.000000
  2469.701000    0.495056    359566.000000    178005.480170    153162.000000    100000000.000000
  2469.850000    0.575925    359565.000000    207082.446332    176604.000000    100000000.000000
  2470.000000    0.678688    357676.000000    242750.347464    205514.000000    100000000.000000
  2470.150000    0.802276    362776.000000    291046.569173    241436.000000    100000000.000000
  2470.300000    0.947140    361908.000000    342777.419540    280452.000000    100000000.000000
  2470.450000    1.097107    362262.000000    397440.087339    318647.000000    100000000.000000
  2470.600000    1.222587    362370.000000    443029.025656    349460.000000    100000000.000000
  2470.751000    1.318400    362864.000000    478400.018143    373505.000000    100000000.000000
  2470.899000    1.381342    362448.000000    500664.731733    387846.000000    100000000.000000
  2471.050000    1.420545    360782.000000    512507.212057    397026.000000    100000000.000000
  2471.200000    1.435946    360094.000000    517075.558683    398934.000000    100000000.000000
  2471.351000    1.438394    359321.000000    516845.067648    398868.000000    100000000.000000
  2471.500000    1.421470    361624.000000    514037.533646    396602.000000    100000000.000000
  2471.650000    1.406329    362079.000000    509202.118020    393896.000000    100000000.000000
  2471.800000    1.390836    360020.000000    500728.665118    388618.000000    100000000.000000
  2471.950000    1.361686    360315.000000    490636.070121    381601.000000    100000000.000000
  2472.100000    1.333775    361171.000000    481720.836526    376819.000000    100000000.000000
  2472.250000    1.307698    358465.000000    468764.056867    368317.000000    100000000.000000
  2472.400000    1.272234    359309.000000    457125.229010    360401.000000    100000000.000000
  2472.550000    1.236224    358124.000000    442721.545228    351193.000000    100000000.000000
  2472.700000    1.186898    355757.000000    422247.109494    337523.000000    100000000.000000
  2472.850000    1.137221    356675.000000    405618.429337    324896.000000    100000000.000000
  2473.000000    1.090075    355110.000000    387096.386121    312832.000000    100000000.000000
  2473.150000    1.041243    355353.000000    370008.685079    301577.000000    100000000.000000
  2473.300000    0.986384    354501.000000    349673.968544    286100.000000    100000000.000000
  2473.450000    0.932869    352356.000000    328702.070371    271708.000000    100000000.000000
  2473.600000    0.876396    355609.000000    311654.358082    258077.000000    100000000.000000
  2473.750000    0.819427    352462.000000    288816.949445    241631.000000    100000000.000000
  2473.900000    0.772510    350191.000000    270526.029107    227882.000000    100000000.000000
  2474.050000    0.724462    350221.000000    253721.975806    214974.000000    100000000.000000
  2474.200000    0.687625    350281.000000    240862.038110    204646.000000    100000000.000000
  2474.350000    0.657800    346352.000000    227830.267094    194966.000000    100000000.000000
  2474.500000    0.631279    346793.000000    218923.032168    188084.000000    100000000.000000
  2474.650000    0.609491    348108.000000    212168.574741    181808.000000    100000000.000000
  2474.801000    0.590909    346588.000000    204801.973396    176512.000000    100000000.000000
  2474.950000    0.581485    345661.000000    200996.800708    173232.000000    100000000.000000
  2475.100000    0.572186    344733.000000    197251.384528    170365.000000    100000000.000000
  2475.250000    0.567311    341565.000000    193773.714935    167203.000000    100000000.000000
  2475.400000    0.563887    341715.000000    192688.789479    166486.000000    100000000.000000
  2475.551000    0.570701    339283.000000    193629.197149    167779.000000    100000000.000000
  2475.701000    0.587007    339489.000000    199282.485107    171901.000000    100000000.000000
  2475.850000    0.613533    340319.000000    208797.066005    179425.000000    100000000.000000
  2476.000000    0.650594    338055.000000    219936.596297    188773.000000    100000000.000000
  2476.150000    0.701580    334058.000000    234368.574922    200051.000000    100000000.000000
  2476.300000    0.761016    334541.000000    254591.164604    215784.000000    100000000.000000
  2476.450000    0.816162    332599.000000    271454.710854    228896.000000    100000000.000000
  2476.600000    0.862094    333045.000000    287116.248154    240742.000000    100000000.000000
  2476.750000    0.898074    331899.000000    298069.951815    250102.000000    100000000.000000
  2476.900000    0.907917    330508.000000    300073.673191    249972.000000    100000000.000000
  2477.051000    0.925758    325441.000000    301279.674451    252084.000000    100000000.000000
  2477.200000    0.934453    326856.000000    305431.566238    254994.000000    100000000.000000
  2477.350000    1.011453    358410.000000    362514.826882    302543.000000    100000000.000000
  2477.501000    0.941700    337048.000000    317398.206706    262572.000000    100000000.000000
  2477.650000    0.959298    318744.000000    305770.415760    255019.000000    100000000.000000
  2477.800000    0.969705    317907.000000    308276.038912    257434.000000    100000000.000000
  2477.950000    0.985471    317148.000000    312540.305144    260450.000000    100000000.000000
  2478.099000    0.989514    314897.000000    311594.893468    260344.000000    100000000.000000
  2478.251000    1.003110    317519.000000    318506.476303    265036.000000    100000000.000000
  2478.399000    1.011539    309767.000000    313341.263003    261191.000000    100000000.000000
  2478.549000    1.018440    310906.000000    316639.133602    263552.000000    100000000.000000
  2478.701000    1.025131    308694.000000    316451.843250    263386.000000    100000000.000000
  2478.850000    1.031253    306650.000000    316233.786059    263532.000000    100000000.000000
  2479.000000    1.033056    306479.000000    316609.987545    263547.000000    100000000.000000
  2479.149000    1.033181    304033.000000    314121.111561    261577.000000    100000000.000000
  2479.299000    1.034469    301511.000000    311903.738493    260466.000000    100000000.000000
  2479.450000    1.024959    302129.000000    309669.769110    257995.000000    100000000.000000
  2479.600000    1.017633    300571.000000    305871.076360    255854.000000    100000000.000000
  2479.750000    1.012701    299259.000000    303059.883654    253531.000000    100000000.000000
  2479.901000    1.003352    298260.000000    299259.695659    251095.000000    100000000.000000
  2480.050000    0.986997    298612.000000    294729.185492    247420.000000    100000000.000000
  2480.200000    0.977620    296977.000000    290330.801503    243944.000000    100000000.000000
  2480.351000    0.967968    294283.000000    284856.380353    239709.000000    100000000.000000
  2480.500000    0.960434    294468.000000    282817.215134    239228.000000    100000000.000000
  2480.650000    0.958398    292826.000000    280643.923114    236836.000000    100000000.000000
  2480.801000    0.955601    291541.000000    278596.749342    235313.000000    100000000.000000
  2480.950000    0.946373    291019.000000    275412.570892    233165.000000    100000000.000000
  2481.100000    0.945043    288105.000000    272271.638969    230572.000000    100000000.000000
  2481.250000    0.948677    287326.000000    272579.675956    231640.000000    100000000.000000
  2481.400000    0.949860    289207.000000    274706.181887    232776.000000    100000000.000000
  2481.550000    0.959357    284984.000000    273401.420702    231185.000000    100000000.000000
  2481.701000    0.966439    286291.000000    276682.872472    234047.000000    100000000.000000
  2481.850000    0.973959    285920.000000    278474.403675    235383.000000    100000000.000000
  2482.000000    0.988849    283768.000000    280603.562483    236766.000000    100000000.000000
  2482.150000    0.992166    283572.000000    281350.481419    237612.000000    100000000.000000
  2482.299000    0.998935    282319.000000    282018.405796    238222.000000    100000000.000000
  2482.450000    1.005773    281815.000000    283441.928876    239548.000000    100000000.000000
  2482.601000    1.007987    280840.000000    283083.158388    239462.000000    100000000.000000
  2482.751000    1.006732    280268.000000    282154.752056    238811.000000    100000000.000000
  2482.900000    1.004465    276989.000000    278225.885329    235355.000000    100000000.000000
  2483.050000    1.006682    280452.000000    282325.863723    238266.000000    100000000.000000
  2483.200000    1.000485    280031.000000    280166.868245    236913.000000    100000000.000000
  2483.350000    1.007108    276257.000000    278220.526302    235146.000000    100000000.000000
  2483.501000    1.000526    273505.000000    273648.961899    232219.000000    100000000.000000
  2483.650000    1.000774    274050.000000    274262.114268    233079.000000    100000000.000000
  2483.801000    0.998235    274845.000000    274359.995825    232127.000000    100000000.000000
  2483.950000    0.996527    273464.000000    272514.373860    231119.000000    100000000.000000
  2484.100000    0.992582    274576.000000    272539.114654    231111.000000    100000000.000000
  2484.251000    0.997579    271771.000000    271112.978804    230340.000000    100000000.000000
  2484.400000    0.993782    270777.000000    269093.308142    228923.000000    100000000.000000
  2484.550000    0.998487    269573.000000    269165.221673    228912.000000    100000000.000000
  2484.701000    0.999224    271552.000000    271341.213707    229916.000000    100000000.000000
  2484.850000    0.999481    269824.000000    269684.040172    228532.000000    100000000.000000
  2485.000000    1.003820    269050.000000    270077.760586    229389.000000    100000000.000000
  2485.150000    1.005115    267872.000000    269242.086382    228481.000000    100000000.000000
  2485.301000    1.003501    267337.000000    268272.843787    228456.000000    100000000.000000
  2485.450000    1.009754    267171.000000    269776.883974    228842.000000    100000000.000000
  2485.600000    1.007832    264560.000000    266631.966259    226392.000000    100000000.000000
  2485.750000    1.009830    264652.000000    267253.427117    227101.000000    100000000.000000
  2485.900000    1.009330    263913.000000    266375.421092    227183.000000    100000000.000000
  2486.050000    1.003789    261450.000000    262440.742916    223830.000000    100000000.000000
  2486.200000    1.006402    262142.000000    263820.113654    224662.000000    100000000.000000
  2486.351000    0.999676    259835.000000    259750.786499    221196.000000    100000000.000000
  2486.500000    0.998995    260582.000000    260320.058410    222385.000000    100000000.000000
  2486.649000    0.997328    261132.000000    260434.161454    222496.000000    100000000.000000
  2486.800000    0.998566    262541.000000    262164.413516    223117.000000    100000000.000000
  2486.950000    0.996093    261814.000000    260791.161190    222920.000000    100000000.000000
  2487.101000    0.991602    265263.000000    263035.358651    223717.000000    100000000.000000
  2487.250000    0.987363    265889.000000    262529.025171    223449.000000    100000000.000000
  2487.400000    0.993974    264148.000000    262556.268023    224186.000000    100000000.000000
  2487.551000    0.990222    262974.000000    260402.676817    222360.000000    100000000.000000
  2487.700000    0.986194    264510.000000    260858.189331    222217.000000    100000000.000000
  2487.851000    0.982691    266477.000000    261864.453685    223336.000000    100000000.000000
  2488.000000    0.985386    267086.000000    263182.773123    224106.000000    100000000.000000
  2489.621000    0.988081    268892.000000    265687.042702    227195.000000    100000000.000000
  2491.319000    0.985659    272768.000000    268856.189163    229931.000000    100000000.000000
  2493.096000    0.977380    273440.000000    267254.754615    228969.000000    100000000.000000
  2494.951000    0.955798    278108.000000    265815.052260    228383.000000    100000000.000000
  2496.884000    0.944240    285274.000000    269366.990252    231975.000000    100000000.000000
  2498.895000    0.934489    292447.000000    273288.452971    235442.000000    100000000.000000
  2500.984000    0.917191    297398.000000    272770.787283    235634.000000    100000000.000000
  2503.152000    0.916354    304778.000000    279284.483422    240554.000000    100000000.000000
  2505.397000    0.934469    311143.000000    290753.537002    249580.000000    100000000.000000
  2507.721000    0.937129    319885.000000    299773.511007    256394.000000    100000000.000000
  2510.122000    0.950703    334544.000000    318051.856455    270700.000000    100000000.000000
  2512.602000    0.978137    358516.000000    350677.898087    294738.000000    100000000.000000
  2515.161000    1.016773    355595.000000    361559.526649    303209.000000    100000000.000000
  2517.798000    1.034747    366782.000000    379526.605910    316917.000000    100000000.000000
  2520.511000    1.016141    381233.000000    387386.344482    322187.000000    100000000.000000
  2523.304000    1.011867    393006.000000    397669.818089    330414.000000    100000000.000000
  2526.174000    1.003363    405096.000000    406458.380450    337464.000000    100000000.000000
  2529.124000    0.989456    420577.000000    416142.588493    344683.000000    100000000.000000
  2532.151000    0.972170    437735.000000    425552.931180    351514.000000    100000000.000000
  2535.256000    0.969803    450131.000000    436538.336038    359704.000000    100000000.000000
  2538.439000    0.972251    454090.000000    441489.297326    363206.000000    100000000.000000
  2541.700000    0.988834    455953.000000    450861.617991    370138.000000    100000000.000000
  2545.042000    0.996253    463922.000000    462183.799019    377689.000000    100000000.000000
  2548.458000    1.005750    477147.000000    479890.713042    392255.000000    100000000.000000
  2551.954000    1.024337    486554.000000    498395.412362    405533.000000    100000000.000000
  2555.528000    1.051762    493174.000000    518701.902280    419824.000000    100000000.000000
  2559.180000    1.065529    502619.000000    535555.049436    430559.000000    100000000.000000
  2562.910000    1.063365    497608.000000    529139.066837    427573.000000    100000000.000000
  2566.719000    1.070678    503406.000000    538985.802060    434530.000000    100000000.000000
  2570.606000    1.013898    506504.000000    513543.436509    417794.000000    100000000.000000
  2574.570000    1.077685    508699.000000    548217.400800    441387.000000    100000000.000000
  2578.614000    1.074764    513360.000000    551740.702717    444482.000000    100000000.000000
  2582.735000    1.072295    521295.000000    558982.040454    449860.000000    100000000.000000
  2586.934000    1.076653    520159.000000    560030.718116    451547.000000    100000000.000000
  2591.211000    1.088978    504416.000000    549297.802745    444592.000000    100000000.000000
  2595.567000    1.095932    535534.000000    586908.973379    469609.000000    100000000.000000
