# From file /cars5/Data/xas_user/2014.1/Langmann/s_xanes_scotchtape.001
# Time : Fri Mar 07 11:31:24 2014
# Energy: 13IDE:En:Energy.VAL
#---------------------------------
#   energy     mufluor    i0    fluor_corr   fluor_raw  time
  2452.000000    0.014386    37550.000000    540.185762    533.000000    134.949994
  2454.500000    0.016202    45299.000000    733.917913    725.000000    182.622755
  2457.000000    0.014216    46538.000000    661.594073    654.000000    162.499386
  2459.501000    0.015187    47294.000000    718.268255    710.000000    176.640204
  2462.000000    0.015218    48691.000000    740.965356    731.000000    154.645386
  2464.500000    0.015503    49473.000000    766.966955    757.000000    183.152539
  2467.000000    0.015062    50172.000000    755.709496    747.000000    168.714625
  2467.200000    0.017130    48820.000000    836.300592    824.000000    189.596831
  2467.400000    0.014991    48333.000000    724.580799    715.000000    146.761185
  2467.600000    0.016881    48503.000000    818.781440    809.000000    197.613129
  2467.801000    0.017352    48431.000000    840.396250    831.000000    204.445662
  2468.000000    0.015899    48759.000000    775.220303    765.000000    168.578583
  2468.201000    0.016179    48934.000000    791.726807    783.000000    191.659533
  2468.401000    0.016109    49010.000000    789.499698    778.000000    163.649730
  2468.600000    0.017075    49031.000000    837.226384    825.000000    175.640877
  2468.801000    0.016729    48833.000000    816.948898    807.000000    176.161496
  2469.000000    0.016553    48645.000000    805.204635    794.000000    160.869231
  2469.200000    0.015407    48126.000000    741.492728    730.000000    177.057572
  2469.401000    0.015150    47536.000000    720.174252    712.000000    174.633080
  2469.600000    0.016236    47736.000000    775.056976    765.000000    172.993169
  2469.801000    0.017062    47821.000000    815.924840    806.000000    149.096746
  2470.000000    0.017051    47702.000000    813.346619    804.000000    179.204538
  2470.200000    0.017708    47782.000000    846.144686    837.000000    200.545038
  2470.400000    0.017325    47904.000000    829.916055    817.000000    191.484516
  2470.600000    0.018396    46900.000000    862.769074    853.000000    187.541093
  2470.801000    0.018363    47166.000000    866.123099    857.000000    204.212375
  2471.000000    0.017932    46783.000000    838.901980    829.000000    188.612515
  2471.200000    0.019743    46836.000000    924.700438    914.000000    191.200176
  2471.400000    0.021411    46899.000000    1004.136252    989.000000    204.676282
  2471.601000    0.022982    46841.000000    1076.487793    1064.000000    238.823789
  2471.801000    0.026749    47185.000000    1262.132978    1246.000000    288.330968
  2472.000000    0.032875    47408.000000    1558.561159    1541.000000    334.854159
  2472.200000    0.039997    47057.000000    1882.124746    1857.000000    423.072546
  2472.400000    0.045718    46416.000000    2122.039004    2092.000000    469.308380
  2472.600000    0.052914    46590.000000    2465.254238    2435.000000    549.453347
  2472.801000    0.056289    46593.000000    2622.680717    2596.000000    586.070504
  2473.000000    0.057016    46258.000000    2637.454378    2609.000000    577.035386
  2473.200000    0.054583    46730.000000    2550.684950    2515.000000    575.509055
  2473.400000    0.052376    46338.000000    2427.010417    2402.000000    553.708495
  2473.600000    0.050396    45768.000000    2306.533385    2272.000000    490.413017
  2473.800000    0.046141    46431.000000    2142.379386    2119.000000    476.115520
  2474.000000    0.042925    46755.000000    2006.938693    1986.000000    439.640666
  2474.200000    0.039889    45867.000000    1829.582578    1809.000000    422.897107
  2474.400000    0.038341    45685.000000    1751.597667    1733.000000    371.548362
  2474.601000    0.038285    45981.000000    1760.367755    1741.000000    376.349391
  2474.801000    0.038325    45603.000000    1747.719225    1726.000000    365.242582
  2475.000000    0.036256    45919.000000    1664.859437    1646.000000    341.433658
  2475.201000    0.036729    45926.000000    1686.819439    1667.000000    364.994003
  2475.400000    0.038200    46144.000000    1762.686499    1735.000000    385.544483
  2475.600000    0.038039    45464.000000    1729.401151    1707.000000    396.385335
  2475.800000    0.037454    45391.000000    1700.087979    1675.000000    392.542739
  2476.000000    0.039892    45487.000000    1814.547159    1790.000000    382.711276
  2476.200000    0.041599    37613.000000    1564.674445    1538.000000    356.454362
  2476.399000    0.042634    41643.000000    1775.407315    1755.000000    398.791248
  2476.600000    0.041414    44903.000000    1859.611792    1821.000000    404.445323
  2476.800000    0.040120    45980.000000    1844.737781    1821.000000    385.492267
  2477.000000    0.043854    45417.000000    1991.697174    1965.000000    430.243955
  2477.200000    0.041749    46166.000000    1927.400555    1890.000000    415.965318
  2477.400000    0.041391    46233.000000    1913.651921    1895.000000    407.055003
  2477.600000    0.042961    34557.000000    1484.591067    1465.000000    345.421155
  2477.800000    0.046078    41405.000000    1907.862102    1886.000000    460.951263
  2478.000000    0.046218    45236.000000    2090.729411    2056.000000    485.241111
  2478.200000    0.047583    46271.000000    2201.696846    2176.000000    479.284874
  2478.399000    0.048322    46397.000000    2241.988831    2217.000000    481.723074
  2478.600000    0.049438    31588.000000    1561.647606    1541.000000    344.751717
  2478.801000    0.053609    41061.000000    2201.220765    2176.000000    462.465267
  2479.000000    0.055593    46070.000000    2561.163442    2533.000000    569.935653
  2479.200000    0.058307    47092.000000    2745.806833    2716.000000    565.031295
  2479.400000    0.066518    47636.000000    3168.631165    3136.000000    717.034520
  2479.601000    0.072778    47915.000000    3487.154160    3446.000000    743.078198
  2479.801000    0.079772    47759.000000    3809.853743    3760.000000    866.567441
  2480.000000    0.094557    48125.000000    4550.537982    4491.000000    999.614334
  2480.200000    0.099504    48155.000000    4791.632753    4745.000000    1052.630655
  2480.400000    0.107735    48180.000000    5190.670475    5140.000000    1138.247248
  2480.600000    0.112543    48856.000000    5498.410182    5429.000000    1219.274932
  2480.800000    0.121561    48998.000000    5956.260074    5882.000000    1281.305899
  2481.000000    0.124251    48439.000000    6018.577756    5952.000000    1386.346400
  2481.200000    0.130510    48941.000000    6387.290491    6315.000000    1385.753788
  2481.400000    0.139362    49435.000000    6889.368906    6821.000000    1533.510101
  2481.601000    0.149216    49238.000000    7347.113783    7283.000000    1555.157090
  2481.800000    0.161917    49272.000000    7977.986152    7890.000000    1665.634394
  2482.000000    0.175242    49269.000000    8633.999652    8529.000000    1907.483806
  2482.201000    0.170732    49623.000000    8472.209555    8378.000000    1812.807736
  2482.400000    0.159987    49817.000000    7970.052181    7882.000000    1703.536176
  2482.601000    0.141175    50258.000000    7095.179131    7019.000000    1529.310714
  2482.800000    0.125029    50158.000000    6271.217808    6194.000000    1327.721646
  2483.000000    0.106270    50269.000000    5342.074471    5290.000000    1159.073267
  2483.201000    0.089885    50879.000000    4573.234345    4523.000000    1027.692564
  2483.400000    0.082424    50609.000000    4171.405182    4121.000000    901.003775
  2483.601000    0.073217    50608.000000    3705.383985    3670.000000    838.576705
  2483.801000    0.067245    51281.000000    3448.410323    3415.000000    786.277712
  2484.000000    0.063424    51751.000000    3282.238647    3248.000000    743.717020
  2484.200000    0.061591    51737.000000    3186.511323    3151.000000    658.129594
  2484.400000    0.058836    51795.000000    3047.418266    3018.000000    697.325332
  2484.600000    0.058336    51946.000000    3030.300502    2996.000000    653.204349
  2484.800000    0.054859    51987.000000    2851.967066    2821.000000    616.178257
  2485.001000    0.058922    52246.000000    3078.463552    3048.000000    668.863613
  2485.200000    0.054454    52362.000000    2851.344377    2816.000000    630.271690
  2485.400000    0.057932    52642.000000    3049.661635    3012.000000    702.115751
  2485.600000    0.056368    52724.000000    2971.925046    2927.000000    641.847443
  2485.800000    0.057237    53270.000000    3049.015615    3018.000000    648.316511
  2486.000000    0.057215    52942.000000    3029.085787    2996.000000    679.108382
  2486.200000    0.056919    52814.000000    3006.117830    2973.000000    641.902449
  2486.400000    0.058196    53590.000000    3118.727001    3087.000000    699.666549
  2486.600000    0.057919    53791.000000    3115.529300    3084.000000    698.139268
  2486.800000    0.056661    53822.000000    3049.625081    3010.000000    659.205882
  2487.000000    0.056771    53958.000000    3063.226777    3034.000000    662.056583
  2487.200000    0.056749    54468.000000    3091.029587    3048.000000    666.443706
  2487.400000    0.057983    54695.000000    3171.405926    3138.000000    689.254245
  2487.600000    0.056517    54701.000000    3091.551995    3060.000000    729.658849
  2487.800000    0.055455    54914.000000    3045.252924    3014.000000    678.987495
  2488.000000    0.056751    55131.000000    3128.753217    3101.000000    676.794040
  2488.200000    0.055356    55380.000000    3065.611097    3033.000000    671.326739
  2488.400000    0.055851    55371.000000    3092.516494    3058.000000    655.545263
  2488.601000    0.055422    55563.000000    3079.426134    3046.000000    638.565454
  2488.801000    0.056137    55626.000000    3122.668192    3087.000000    678.914155
  2489.000000    0.056239    55572.000000    3125.333446    3090.000000    644.243625
  2489.199000    0.054501    55537.000000    3026.798103    2994.000000    655.090095
  2489.399000    0.055049    55675.000000    3064.856805    3031.000000    680.982900
  2489.600000    0.056327    55613.000000    3132.491819    3093.000000    715.624662
  2489.801000    0.054844    56065.000000    3074.809393    3041.000000    684.616669
  2490.000000    0.056431    56009.000000    3160.628868    3124.000000    684.682861
  2490.200000    0.055985    56369.000000    3155.807915    3120.000000    675.211444
  2490.400000    0.055492    56852.000000    3154.826417    3126.000000    647.028217
  2490.600000    0.057474    56402.000000    3241.665543    3205.000000    760.118305
  2490.800000    0.056023    56499.000000    3165.258410    3136.000000    682.470306
  2491.000000    0.057380    56851.000000    3262.086219    3226.000000    714.127129
  2491.201000    0.057517    56640.000000    3257.737081    3215.000000    698.715410
  2491.400000    0.056744    56021.000000    3178.865283    3148.000000    674.807421
  2491.600000    0.057071    55881.000000    3189.158653    3154.000000    670.640789
  2491.800000    0.059134    56340.000000    3331.615950    3295.000000    737.349289
  2492.001000    0.058246    56351.000000    3282.193958    3248.000000    718.432036
  2493.000000    0.060237    56307.000000    3391.745254    3359.000000    721.680222
  2494.000000    0.062410    56606.000000    3532.754515    3496.000000    759.046466
  2495.000000    0.064271    56562.000000    3635.277720    3589.000000    832.341389
  2496.001000    0.065007    56171.000000    3651.492760    3606.000000    813.168643
  2497.000000    0.066380    56328.000000    3739.065446    3695.000000    808.985419
  2498.000000    0.065929    55648.000000    3668.806160    3620.000000    799.324973
  2499.000000    0.067198    54839.000000    3685.060131    3645.000000    775.391028
  2500.000000    0.062619    55328.000000    3464.566560    3433.000000    748.678768
  2501.000000    0.060768    55897.000000    3396.763970    3359.000000    747.693696
  2502.000000    0.060171    56043.000000    3372.185039    3339.000000    719.715061
  2503.000000    0.055815    56364.000000    3145.930557    3108.000000    685.810051
  2504.000000    0.055502    57308.000000    3180.722957    3142.000000    702.900697
  2505.000000    0.056157    57833.000000    3247.723735    3213.000000    688.401222
  2506.000000    0.052797    58368.000000    3081.641252    3043.000000    716.706183
  2507.000000    0.053915    58866.000000    3173.738828    3140.000000    663.187696
  2508.000000    0.050620    59573.000000    3015.590069    2971.000000    657.081127
  2509.000000    0.050832    59284.000000    3013.540577    2983.000000    657.654818
  2510.001000    0.053665    59933.000000    3216.324778    3178.000000    723.652943
  2511.000000    0.051074    60482.000000    3089.075808    3059.000000    664.766085
  2512.000000    0.052480    60965.000000    3199.441067    3167.000000    707.003733
  2513.000000    0.053000    61192.000000    3243.198672    3211.000000    719.998868
  2514.000000    0.052342    61579.000000    3223.191631    3190.000000    685.741838
  2515.000000    0.051346    61083.000000    3136.360021    3099.000000    661.013934
  2516.000000    0.050681    61041.000000    3093.613259    3065.000000    701.035447
  2517.000000    0.052110    60603.000000    3158.022010    3129.000000    691.256726
  2518.000000    0.051845    60692.000000    3146.563277    3109.000000    659.202982
  2519.000000    0.051644    60601.000000    3129.706832    3105.000000    655.817433
  2520.000000    0.052517    60670.000000    3186.231564    3149.000000    718.501036
  2521.000000    0.052437    60358.000000    3165.017758    3135.000000    677.471367
  2522.000000    0.052070    60106.000000    3129.734885    3091.000000    700.536124
  2523.000000    0.052551    59186.000000    3110.294927    3081.000000    677.382009
  2524.000000    0.052024    58688.000000    3053.170883    3022.000000    632.001746
  2525.001000    0.051893    58483.000000    3034.863492    2994.000000    656.934025
  2526.000000    0.049953    57665.000000    2880.519013    2852.000000    649.546165
  2527.000000    0.053321    57217.000000    3050.854419    3023.000000    660.780294
  2528.001000    0.053554    56946.000000    3049.713608    3019.000000    641.977613
  2529.000000    0.052521    56801.000000    2983.254250    2953.000000    643.065003
  2530.000000    0.052250    56788.000000    2967.165460    2937.000000    655.914871
  2531.000000    0.053457    57391.000000    3067.926397    3040.000000    645.152943
  2532.000000    0.052976    57840.000000    3064.143819    3028.000000    710.755035
  2533.000000    0.051164    58707.000000    3003.676932    2959.000000    662.841014
  2534.000000    0.052628    59478.000000    3130.220818    3096.000000    691.561959
  2535.000000    0.051566    59153.000000    3050.283044    3006.000000    679.289118
  2536.000000    0.053636    58758.000000    3151.546743    3120.000000    685.870320
  2537.000000    0.052116    59070.000000    3078.467772    3046.000000    688.120280
  2538.000000    0.053532    60864.000000    3258.168662    3216.000000    690.075674
  2539.000000    0.053102    61703.000000    3276.526816    3237.000000    749.769857
  2540.000000    0.053101    61595.000000    3270.761124    3235.000000    683.137709
  2541.000000    0.053428    61469.000000    3284.143085    3254.000000    749.400024
  2542.000000    0.052201    61532.000000    3212.011116    3179.000000    714.342819
  2543.000000    0.052633    61012.000000    3211.220589    3180.000000    690.521483
  2544.000000    0.052471    60407.000000    3169.639036    3130.000000    686.106324
  2545.000000    0.053270    59586.000000    3174.156582    3136.000000    679.839335
  2546.000000    0.053431    59302.000000    3168.583968    3123.000000    691.729546
  2547.000000    0.054677    58520.000000    3199.715925    3164.000000    689.964007
  2548.000000    0.052874    57121.000000    3020.189155    2989.000000    671.340659
  2549.000000    0.054092    56616.000000    3062.475382    3017.000000    645.724806
  2550.000000    0.052312    54525.000000    2852.307958    2818.000000    604.890590
  2551.000000    0.053385    52914.000000    2824.832971    2788.000000    655.421477
  2552.000000    0.051576    52196.000000    2692.061011    2664.000000    593.632140
  2553.000000    0.054499    51990.000000    2833.379065    2801.000000    638.851093
  2554.000000    0.054506    52299.000000    2850.585484    2813.000000    642.102772
  2555.000000    0.054114    52550.000000    2843.704654    2804.000000    626.229981
  2556.000000    0.052404    51953.000000    2722.564507    2695.000000    556.497501
  2557.000000    0.054173    51969.000000    2815.333559    2780.000000    600.076557
  2558.000000    0.054761    52317.000000    2864.937625    2832.000000    629.854738
  2559.000000    0.053072    52314.000000    2776.432714    2747.000000    623.352108
  2560.000000    0.053348    51693.000000    2757.709078    2711.000000    650.067121
  2561.000000    0.057937    50105.000000    2902.913051    2872.000000    642.960528
  2562.000000    0.053812    50520.000000    2718.580555    2686.000000    612.371067
  2563.001000    0.055217    51690.000000    2854.148186    2829.000000    593.422463
  2564.000000    0.055369    51851.000000    2870.951103    2827.000000    616.756374
  2565.000000    0.054812    51724.000000    2835.105603    2785.000000    663.922342
  2566.000000    0.055132    51275.000000    2826.878777    2789.000000    609.192231
  2567.000000    0.056323    50588.000000    2849.271519    2815.000000    648.181603
  2568.001000    0.056690    50176.000000    2844.463582    2799.000000    635.669826
  2569.000000    0.054615    49472.000000    2701.917130    2672.000000    589.230005
  2570.000000    0.055801    48584.000000    2711.053640    2671.000000    565.303581
  2571.000000    0.056837    48324.000000    2746.567441    2719.000000    634.297886
  2572.000000    0.054745    47973.000000    2626.294209    2593.000000    593.536003
  2573.000000    0.054350    46097.000000    2505.363736    2480.000000    577.307150
  2574.000000    0.052722    44844.000000    2364.255775    2324.000000    549.759831
  2575.000000    0.054607    43762.000000    2389.697437    2361.000000    517.085529
  2576.000000    0.056375    42633.000000    2403.442244    2373.000000    513.373283
  2577.000000    0.054228    41476.000000    2249.176663    2223.000000    471.119066
  2578.000000    0.054491    40879.000000    2227.536213    2190.000000    492.165864
  2579.000000    0.055437    39627.000000    2196.808015    2164.000000    460.737909
  2580.000000    0.056711    38765.000000    2198.420586    2167.000000    494.744116
  2581.000000    0.053907    37260.000000    2008.558257    1978.000000    451.792494
  2582.000000    0.056628    36778.000000    2082.677783    2051.000000    450.485365
  2583.000000    0.055006    37388.000000    2056.553888    2026.000000    449.726087
  2584.000000    0.057696    37355.000000    2155.221684    2125.000000    492.558009
  2585.000000    0.057459    37509.000000    2155.244611    2126.000000    455.333097
  2586.000000    0.054728    37093.000000    2030.029817    1991.000000    450.790484
  2587.000000    0.056840    36440.000000    2071.258110    2045.000000    467.029685
  2588.000000    0.055633    36458.000000    2028.254454    2001.000000    443.782116
  2589.000000    0.055013    36334.000000    1998.845898    1972.000000    427.346152
  2590.000000    0.053403    35325.000000    1886.474550    1858.000000    409.657038
  2591.000000    0.055808    35115.000000    1959.713269    1933.000000    452.226850
