# From file /cars5/Data/xas_user/2014.1/Fiege/S_xafs_tape.001
# Time : Wed Apr 02 10:04:29 2014
# Energy: 13IDE:En:Energy.VAL
#---------------------------------
#   energy     mufluor    i0    fluor_corr   fluor_raw  time
  2450.000000    0.001807    247715.000000    447.656181    414.000000    100000000.000000
  2452.000000    0.001617    273160.000000    441.823761    415.000000    100000000.000000
  2454.000000    0.001663    285470.000000    474.732243    446.000000    100000000.000000
  2456.000000    0.001767    298883.000000    528.153127    495.000000    100000000.000000
  2458.001000    0.001692    315390.000000    533.744266    504.000000    100000000.000000
  2460.000000    0.001635    328200.000000    536.527228    506.000000    100000000.000000
  2462.000000    0.001604    339347.000000    544.282285    514.000000    100000000.000000
  2464.000000    0.001678    354256.000000    594.378075    562.000000    100000000.000000
  2464.151000    0.001701    359082.000000    610.762046    580.000000    100000000.000000
  2464.301000    0.001796    362345.000000    650.906882    615.000000    100000000.000000
  2464.450000    0.001763    367613.000000    648.099634    615.000000    100000000.000000
  2464.600000    0.001797    369949.000000    664.908953    631.000000    100000000.000000
  2464.750000    0.001617    370933.000000    599.954511    570.000000    100000000.000000
  2464.900000    0.001620    374550.000000    606.800365    575.000000    100000000.000000
  2465.051000    0.001795    376344.000000    675.587235    642.000000    100000000.000000
  2465.200000    0.001759    379213.000000    667.006119    635.000000    100000000.000000
  2465.351000    0.001702    383028.000000    651.727666    617.000000    100000000.000000
  2465.501000    0.001758    384234.000000    675.391053    641.000000    100000000.000000
  2465.651000    0.001820    386470.000000    703.510850    669.000000    100000000.000000
  2465.800000    0.001829    390414.000000    714.138315    679.000000    100000000.000000
  2465.950000    0.001898    392347.000000    744.645961    707.000000    100000000.000000
  2466.101000    0.001772    391848.000000    694.463238    656.000000    100000000.000000
  2466.251000    0.001872    394144.000000    737.939319    701.000000    100000000.000000
  2466.400000    0.001735    398400.000000    691.056648    656.000000    100000000.000000
  2466.550000    0.001934    403678.000000    780.788906    739.000000    100000000.000000
  2466.700000    0.001930    406120.000000    783.930583    743.000000    100000000.000000
  2466.851000    0.001831    408548.000000    747.970042    707.000000    100000000.000000
  2467.000000    0.001923    412369.000000    792.898241    757.000000    100000000.000000
  2467.150000    0.001989    416201.000000    827.812082    781.000000    100000000.000000
  2467.300000    0.001929    419320.000000    808.707311    772.000000    100000000.000000
  2467.451000    0.001973    424297.000000    836.961168    793.000000    100000000.000000
  2467.600000    0.002020    429231.000000    867.068139    821.000000    100000000.000000
  2467.750000    0.002031    430480.000000    874.090570    836.000000    100000000.000000
  2467.901000    0.001974    431263.000000    851.357747    814.000000    100000000.000000
  2468.051000    0.002085    431088.000000    898.846194    857.000000    100000000.000000
  2468.201000    0.002245    430521.000000    966.380309    925.000000    100000000.000000
  2468.351000    0.002382    428653.000000    1021.153118    978.000000    100000000.000000
  2468.500000    0.002366    427426.000000    1011.264561    966.000000    100000000.000000
  2468.649000    0.002656    424165.000000    1126.500666    1086.000000    100000000.000000
  2468.800000    0.002765    420498.000000    1162.603079    1118.000000    100000000.000000
  2468.950000    0.003044    415467.000000    1264.582319    1216.000000    100000000.000000
  2469.101000    0.003291    412521.000000    1357.718928    1302.000000    100000000.000000
  2469.251000    0.003167    409553.000000    1297.112260    1247.000000    100000000.000000
  2469.399000    0.002966    406847.000000    1206.579187    1164.000000    100000000.000000
  2469.550000    0.003170    406243.000000    1287.682870    1240.000000    100000000.000000
  2469.700000    0.002826    403808.000000    1141.322367    1073.000000    100000000.000000
  2469.850000    0.002897    403144.000000    1167.888087    1122.000000    100000000.000000
  2470.001000    0.003170    404093.000000    1281.044537    1224.000000    100000000.000000
  2470.151000    0.003424    404328.000000    1384.344169    1334.000000    100000000.000000
  2470.301000    0.003583    401644.000000    1439.223817    1374.000000    100000000.000000
  2470.450000    0.003585    398900.000000    1430.004958    1373.000000    100000000.000000
  2470.600000    0.003971    396878.000000    1576.188086    1521.000000    100000000.000000
  2470.750000    0.004530    395870.000000    1793.445984    1735.000000    100000000.000000
  2470.900000    0.005049    393133.000000    1984.897369    1916.000000    100000000.000000
  2471.050000    0.005979    394098.000000    2356.187612    2264.000000    100000000.000000
  2471.201000    0.007234    394491.000000    2853.928366    2788.000000    100000000.000000
  2471.351000    0.008725    393126.000000    3430.006320    3358.000000    100000000.000000
  2471.500000    0.010758    390209.000000    4197.764750    4120.000000    100000000.000000
  2471.650000    0.014076    390549.000000    5497.231761    5413.000000    100000000.000000
  2471.800000    0.017404    386412.000000    6725.151578    6633.000000    100000000.000000
  2471.950000    0.021085    386723.000000    8153.926825    8046.000000    100000000.000000
  2472.101000    0.025622    382580.000000    9802.641062    9640.000000    100000000.000000
  2472.250000    0.028232    382157.000000    10789.143314    10636.000000    100000000.000000
  2472.400000    0.030597    379284.000000    11604.968045    11457.000000    100000000.000000
  2472.551000    0.031854    376173.000000    11982.461376    11770.000000    100000000.000000
  2472.700000    0.032090    374815.000000    12027.831897    11814.000000    100000000.000000
  2472.850000    0.032131    374924.000000    12046.690664    11886.000000    100000000.000000
  2473.000000    0.030304    371281.000000    11251.466590    11110.000000    100000000.000000
  2473.150000    0.029589    371734.000000    10999.126855    10869.000000    100000000.000000
  2473.301000    0.027764    368906.000000    10242.474226    10104.000000    100000000.000000
  2473.450000    0.025516    368528.000000    9403.478450    9278.000000    100000000.000000
  2473.599000    0.023788    363911.000000    8656.697748    8545.000000    100000000.000000
  2473.751000    0.022380    362228.000000    8106.673556    8012.000000    100000000.000000
  2473.901000    0.020524    361289.000000    7415.166279    7319.000000    100000000.000000
  2474.051000    0.019550    359735.000000    7032.886635    6945.000000    100000000.000000
  2474.200000    0.018465    356626.000000    6585.024208    6459.000000    100000000.000000
  2474.351000    0.017785    354134.000000    6298.123971    6200.000000    100000000.000000
  2474.501000    0.017967    352521.000000    6333.585657    6246.000000    100000000.000000
  2474.651000    0.017292    350498.000000    6060.875666    5977.000000    100000000.000000
  2474.800000    0.017575    350270.000000    6155.950644    6063.000000    100000000.000000
  2474.950000    0.017174    349423.000000    6000.964367    5892.000000    100000000.000000
  2475.100000    0.017080    347095.000000    5928.249575    5814.000000    100000000.000000
  2475.250000    0.017463    344239.000000    6011.311851    5924.000000    100000000.000000
  2475.400000    0.017293    342565.000000    5923.883791    5830.000000    100000000.000000
  2475.550000    0.017507    341802.000000    5983.768043    5897.000000    100000000.000000
  2475.700000    0.017619    338965.000000    5972.150334    5872.000000    100000000.000000
  2475.851000    0.018174    336737.000000    6119.882507    6035.000000    100000000.000000
  2476.000000    0.017857    336846.000000    6015.017873    5906.000000    100000000.000000
  2476.150000    0.017808    335411.000000    5972.931481    5893.000000    100000000.000000
  2476.300000    0.018169    332928.000000    6048.860659    5968.000000    100000000.000000
  2476.450000    0.018567    330272.000000    6132.038881    6045.000000    100000000.000000
  2476.600000    0.018747    329615.000000    6179.293628    6097.000000    100000000.000000
  2476.750000    0.018702    327017.000000    6115.904383    6029.000000    100000000.000000
  2476.900000    0.018682    326484.000000    6099.507736    5992.000000    100000000.000000
  2477.049000    0.018860    326706.000000    6161.821422    6076.000000    100000000.000000
  2477.200000    0.018842    324133.000000    6107.415286    6019.000000    100000000.000000
  2477.351000    0.021469    299055.000000    6420.430477    6317.000000    100000000.000000
  2477.500000    0.019574    324102.000000    6343.984475    6234.000000    100000000.000000
  2477.650000    0.020015    320925.000000    6423.462158    6293.000000    100000000.000000
  2477.800000    0.019841    318820.000000    6325.582283    6241.000000    100000000.000000
  2477.950000    0.021469    318431.000000    6836.378559    6734.000000    100000000.000000
  2478.101000    0.020865    315386.000000    6580.585111    6486.000000    100000000.000000
  2478.251000    0.021485    313334.000000    6731.826081    6645.000000    100000000.000000
  2478.400000    0.022558    312625.000000    7052.235814    6964.000000    100000000.000000
  2478.551000    0.022364    312778.000000    6994.875021    6905.000000    100000000.000000
  2478.700000    0.022971    311416.000000    7153.683763    7053.000000    100000000.000000
  2478.851000    0.024609    310031.000000    7629.456433    7504.000000    100000000.000000
  2479.000000    0.025537    309245.000000    7897.280888    7775.000000    100000000.000000
  2479.150000    0.027053    308068.000000    8334.313411    8201.000000    100000000.000000
  2479.300000    0.029263    306911.000000    8981.004594    8871.000000    100000000.000000
  2479.451000    0.031117    305006.000000    9490.793253    9361.000000    100000000.000000
  2479.600000    0.034510    305901.000000    10556.690615    10411.000000    100000000.000000
  2479.750000    0.036976    302794.000000    11196.018789    11055.000000    100000000.000000
  2479.900000    0.040164    301660.000000    12115.890532    11986.000000    100000000.000000
  2480.051000    0.042619    300323.000000    12799.360802    12668.000000    100000000.000000
  2480.201000    0.042572    298855.000000    12722.885558    12576.000000    100000000.000000
  2480.351000    0.045578    298731.000000    13615.566514    13471.000000    100000000.000000
  2480.500000    0.045870    297841.000000    13661.964226    13507.000000    100000000.000000
  2480.651000    0.048082    298387.000000    14346.937871    14150.000000    100000000.000000
  2480.800000    0.049359    296960.000000    14657.749595    14407.000000    100000000.000000
  2480.950000    0.051370    296090.000000    15210.133089    14998.000000    100000000.000000
  2481.101000    0.052727    294678.000000    15537.619424    15370.000000    100000000.000000
  2481.250000    0.056236    293485.000000    16504.291014    16288.000000    100000000.000000
  2481.400000    0.060172    291598.000000    17546.046429    17336.000000    100000000.000000
  2481.551000    0.063121    291795.000000    18418.423355    18217.000000    100000000.000000
  2481.700000    0.065653    292172.000000    19181.925624    18898.000000    100000000.000000
  2481.850000    0.065843    291214.000000    19174.499583    18964.000000    100000000.000000
  2482.000000    0.064738    289559.000000    18745.602865    18546.000000    100000000.000000
  2482.150000    0.062042    289015.000000    17931.183526    17710.000000    100000000.000000
  2482.301000    0.058036    289235.000000    16786.097402    16576.000000    100000000.000000
  2482.451000    0.051992    288622.000000    15005.915659    14812.000000    100000000.000000
  2482.600000    0.048480    288424.000000    13982.735517    13833.000000    100000000.000000
  2482.750000    0.043731    287475.000000    12571.461607    12402.000000    100000000.000000
  2482.900000    0.038045    285831.000000    10874.567240    10697.000000    100000000.000000
  2483.051000    0.035055    286223.000000    10033.641623    9904.000000    100000000.000000
  2483.201000    0.032137    284506.000000    9143.193833    8973.000000    100000000.000000
  2483.350000    0.029858    284665.000000    8499.581304    8375.000000    100000000.000000
  2483.500000    0.028293    284098.000000    8037.925947    7929.000000    100000000.000000
  2483.650000    0.026239    284540.000000    7466.081968    7371.000000    100000000.000000
  2483.801000    0.025672    283194.000000    7270.151208    7140.000000    100000000.000000
  2483.950000    0.024906    281983.000000    7023.024127    6884.000000    100000000.000000
  2484.100000    0.024815    281496.000000    6985.293532    6864.000000    100000000.000000
  2484.251000    0.024412    280658.000000    6851.288768    6760.000000    100000000.000000
  2484.400000    0.023652    282417.000000    6679.700644    6584.000000    100000000.000000
  2484.550000    0.023752    281743.000000    6691.915319    6580.000000    100000000.000000
  2484.700000    0.022815    282303.000000    6440.760616    6357.000000    100000000.000000
  2484.850000    0.023178    282520.000000    6548.242324    6441.000000    100000000.000000
  2485.001000    0.023219    283104.000000    6573.436588    6476.000000    100000000.000000
  2485.150000    0.023398    282355.000000    6606.573127    6517.000000    100000000.000000
  2485.300000    0.023253    282379.000000    6566.062791    6457.000000    100000000.000000
  2485.450000    0.022655    283167.000000    6415.106951    6318.000000    100000000.000000
  2485.600000    0.023352    282928.000000    6607.066112    6488.000000    100000000.000000
  2485.750000    0.022786    281678.000000    6418.336507    6309.000000    100000000.000000
  2485.901000    0.023067    280968.000000    6481.222380    6380.000000    100000000.000000
  2486.050000    0.023346    280089.000000    6538.917624    6445.000000    100000000.000000
  2486.200000    0.023404    278947.000000    6528.421815    6434.000000    100000000.000000
  2486.350000    0.023050    280045.000000    6455.129473    6347.000000    100000000.000000
  2486.500000    0.022722    278930.000000    6337.802486    6246.000000    100000000.000000
  2486.650000    0.023236    281562.000000    6542.488733    6442.000000    100000000.000000
  2486.800000    0.023167    280680.000000    6502.464009    6410.000000    100000000.000000
  2486.950000    0.022804    282886.000000    6450.799302    6351.000000    100000000.000000
  2487.101000    0.023123    284507.000000    6578.591899    6488.000000    100000000.000000
  2487.250000    0.023154    285372.000000    6607.394321    6500.000000    100000000.000000
  2487.400000    0.023025    287534.000000    6620.384806    6516.000000    100000000.000000
  2487.551000    0.023290    289081.000000    6732.773067    6628.000000    100000000.000000
  2487.700000    0.022593    290918.000000    6572.825869    6460.000000    100000000.000000
  2487.851000    0.023002    290801.000000    6688.882906    6575.000000    100000000.000000
  2487.999000    0.022771    292728.000000    6665.723025    6554.000000    100000000.000000
  2489.621000    0.021759    305592.000000    6649.435261    6562.000000    100000000.000000
  2491.319000    0.022639    310432.000000    7027.718371    6914.000000    100000000.000000
  2493.096000    0.023363    311691.000000    7281.958695    7192.000000    100000000.000000
  2494.951000    0.025049    319654.000000    8006.918657    7903.000000    100000000.000000
  2496.884000    0.026041    328028.000000    8542.322880    8414.000000    100000000.000000
  2498.895000    0.026928    335558.000000    9036.018575    8904.000000    100000000.000000
  2500.984000    0.024740    348665.000000    8625.981043    8456.000000    100000000.000000
  2503.152000    0.022546    357870.000000    8068.397663    7955.000000    100000000.000000
  2505.397000    0.021403    373020.000000    7983.847520    7845.000000    100000000.000000
  2507.721000    0.020822    388516.000000    8089.776417    7992.000000    100000000.000000
  2510.123000    0.020827    408570.000000    8509.168054    8396.000000    100000000.000000
  2512.603000    0.020884    446629.000000    9327.363016    9227.000000    100000000.000000
  2515.161000    0.020984    439614.000000    9224.985159    9093.000000    100000000.000000
  2517.797000    0.020740    453506.000000    9405.934324    9273.000000    100000000.000000
  2520.511000    0.021204    470392.000000    9974.269742    9868.000000    100000000.000000
  2523.304000    0.021300    487413.000000    10381.877547    10267.000000    100000000.000000
  2526.175000    0.021004    505477.000000    10616.911505    10469.000000    100000000.000000
  2529.124000    0.021564    530575.000000    11441.199076    11328.000000    100000000.000000
  2532.150000    0.021380    559200.000000    11955.603050    11830.000000    100000000.000000
  2535.257000    0.021321    598623.000000    12763.244861    12568.000000    100000000.000000
  2538.439000    0.021197    632470.000000    13406.711333    13207.000000    100000000.000000
  2541.701000    0.021180    646866.000000    13700.580794    13506.000000    100000000.000000
  2545.041000    0.021284    665370.000000    14161.671641    14017.000000    100000000.000000
  2548.458000    0.021454    681446.000000    14619.896100    14398.000000    100000000.000000
  2551.954000    0.022039    694066.000000    15296.636141    15106.000000    100000000.000000
  2555.528000    0.021849    712224.000000    15561.341445    15314.000000    100000000.000000
  2559.180000    0.022098    729420.000000    16118.845633    15936.000000    100000000.000000
  2562.911000    0.021939    747815.000000    16406.301353    16203.000000    100000000.000000
  2566.719000    0.021936    751781.000000    16490.763165    16290.000000    100000000.000000
  2570.605000    0.022358    756593.000000    16916.236438    16718.000000    100000000.000000
  2574.571000    0.022332    755818.000000    16879.250556    16702.000000    100000000.000000
  2578.614000    0.022655    751142.000000    17016.867337    16814.000000    100000000.000000
  2582.735000    0.022390    752130.000000    16840.047876    16647.000000    100000000.000000
  2586.933000    0.022118    763307.000000    16882.940728    16663.000000    100000000.000000
  2591.211000    0.021829    748219.000000    16333.188704    16153.000000    100000000.000000
  2595.566000    0.022115    754749.000000    16691.552732    16480.000000    100000000.000000
