# From file /cars5/Data/xas_user/2014.1/Langmann/s_xanes_Na2SO3.001
# Time : Sun Mar 09 10:50:10 2014
# Energy: 13IDE:En:Energy.VAL
#---------------------------------
#   energy     mufluor    i0    fluor_corr   fluor_raw  time
  2450.000000    0.033476    110293.000000    3692.167644    3611.000000    383.381300
  2452.000000    0.036206    114023.000000    4128.310244    4053.000000    464.533200
  2454.000000    0.035951    111647.000000    4013.770402    3926.000000    426.031700
  2456.000000    0.036541    112054.000000    4094.568233    4018.000000    416.447000
  2458.000000    0.037009    112387.000000    4159.295792    4084.000000    441.357700
  2460.000000    0.037779    112707.000000    4257.928922    4183.000000    436.905200
  2462.000000    0.040755    113051.000000    4607.437563    4531.000000    483.888200
  2464.000000    0.041121    112459.000000    4624.425247    4549.000000    477.596600
  2464.150000    0.043235    112464.000000    4862.411890    4772.000000    519.929300
  2464.301000    0.042556    112414.000000    4783.845510    4696.000000    477.511200
  2464.450000    0.043768    112115.000000    4907.016037    4827.000000    538.882600
  2464.601000    0.043120    112328.000000    4843.542798    4752.000000    507.392200
  2464.750000    0.043964    111805.000000    4915.361719    4830.000000    513.898700
  2464.899000    0.044845    111882.000000    5017.400077    4938.000000    532.706000
  2465.050000    0.044837    112497.000000    5044.053476    4943.000000    526.006900
  2465.200000    0.045400    112140.000000    5091.205697    5009.000000    556.306400
  2465.350000    0.044885    112361.000000    5043.311425    4966.000000    539.227500
  2465.500000    0.045815    112237.000000    5142.141846    5055.000000    546.882200
  2465.650000    0.045344    112118.000000    5083.849408    5008.000000    537.431800
  2465.800000    0.047072    112324.000000    5287.286580    5202.000000    597.012300
  2465.950000    0.047505    112264.000000    5333.056353    5212.000000    560.855000
  2466.100000    0.046092    112088.000000    5166.315878    5069.000000    518.001900
  2466.250000    0.046925    112245.000000    5267.050044    5189.000000    535.282700
  2466.400000    0.049015    111925.000000    5486.000699    5392.000000    570.799200
  2466.551000    0.048283    112035.000000    5409.366007    5327.000000    554.930700
  2466.700000    0.048987    111874.000000    5480.320057    5383.000000    565.295500
  2466.851000    0.048629    112024.000000    5447.589889    5368.000000    578.596100
  2467.000000    0.049867    112015.000000    5585.796332    5498.000000    581.831400
  2467.150000    0.050351    112445.000000    5661.762662    5575.000000    591.685500
  2467.300000    0.051726    112520.000000    5820.177790    5736.000000    595.688000
  2467.450000    0.053032    112395.000000    5960.504027    5850.000000    630.610700
  2467.600000    0.053506    112363.000000    6012.049716    5921.000000    629.924800
  2467.750000    0.053856    112267.000000    6046.297326    5966.000000    622.546400
  2467.900000    0.055652    112458.000000    6258.467458    6156.000000    641.047100
  2468.050000    0.055231    111778.000000    6173.595070    6087.000000    641.925000
  2468.200000    0.057178    112248.000000    6418.073078    6331.000000    664.665600
  2468.351000    0.057968    112762.000000    6536.631924    6438.000000    677.793200
  2468.500000    0.057888    112687.000000    6523.221974    6442.000000    675.003200
  2468.650000    0.060753    112751.000000    6849.948583    6760.000000    684.275400
  2468.801000    0.061264    113150.000000    6932.045304    6844.000000    719.955100
  2468.951000    0.063104    113236.000000    7145.643399    7056.000000    712.282000
  2469.101000    0.066426    113089.000000    7512.088149    7424.000000    768.049400
  2469.250000    0.065866    112985.000000    7441.825180    7353.000000    769.692600
  2469.401000    0.068727    112839.000000    7755.106911    7664.000000    799.327300
  2469.551000    0.072143    112770.000000    8135.594058    8036.000000    843.554600
  2469.700000    0.077479    113148.000000    8766.645265    8660.000000    924.290700
  2469.850000    0.085031    113458.000000    9647.450595    9553.000000    1020.307000
  2470.000000    0.092428    113528.000000    10493.134853    10388.000000    1054.822000
  2470.150000    0.100723    113381.000000    11420.079690    11280.000000    1159.941000
  2470.301000    0.108198    113992.000000    12333.665080    12170.000000    1249.283000
  2470.450000    0.117967    114370.000000    13491.845528    13300.000000    1355.703000
  2470.601000    0.129726    114711.000000    14880.974235    14731.000000    1538.292000
  2470.750000    0.136516    114394.000000    15616.572772    15378.000000    1564.844000
  2470.900000    0.142328    114365.000000    16277.294746    16100.000000    1595.802000
  2471.050000    0.151606    114415.000000    17346.030801    17181.000000    1749.124000
  2471.200000    0.163147    114847.000000    18736.893075    18539.000000    1865.196000
  2471.351000    0.180110    115201.000000    20748.882539    20506.000000    2012.330000
  2471.500000    0.202822    114847.000000    23293.464436    23064.000000    2339.818000
  2471.650000    0.228194    115071.000000    26258.530125    25989.000000    2633.537000
  2471.800000    0.259147    114849.000000    29762.797430    29450.000000    2965.947000
  2471.950000    0.284324    115234.000000    32763.756421    32404.000000    3325.164000
  2472.100000    0.301414    115836.000000    34914.582317    34507.000000    3481.415000
  2472.250000    0.306326    116358.000000    35643.515599    35206.000000    3532.281000
  2472.400000    0.304856    116260.000000    35442.604899    35032.000000    3578.931000
  2472.550000    0.302751    116412.000000    35243.848452    34839.000000    3545.933000
  2472.700000    0.301025    116261.000000    34997.474927    34547.000000    3446.234000
  2472.850000    0.302689    116421.000000    35239.350721    34785.000000    3511.129000
  2472.999000    0.306993    116529.000000    35773.573433    35310.000000    3555.926000
  2473.150000    0.306551    117049.000000    35881.475368    35442.000000    3548.788000
  2473.300000    0.315512    116947.000000    36898.139930    36413.000000    3667.160000
  2473.449000    0.322993    116761.000000    37713.029013    37244.000000    3748.823000
  2473.601000    0.332117    117343.000000    38971.662467    38433.000000    3955.499000
  2473.750000    0.346487    117326.000000    40651.975456    40116.000000    4033.292000
  2473.901000    0.361809    117226.000000    42413.441169    41839.000000    4148.423000
  2474.051000    0.375245    117870.000000    44230.130281    43581.000000    4428.537000
  2474.200000    0.386128    118077.000000    45592.808750    44915.000000    4431.001000
  2474.351000    0.389037    117981.000000    45898.986964    45190.000000    4578.765000
  2474.500000    0.387544    118264.000000    45832.521974    45183.000000    4457.062000
  2474.649000    0.385778    118157.000000    45582.327891    44925.000000    4531.494000
  2474.800000    0.384776    118875.000000    45740.208271    45067.000000    4533.667000
  2474.950000    0.381084    119173.000000    45414.877769    44760.000000    4473.239000
  2475.101000    0.388843    118797.000000    46193.384339    45478.000000    4449.021000
  2475.251000    0.391209    118940.000000    46530.449508    45843.000000    4579.117000
  2475.400000    0.400816    119520.000000    47905.535621    47206.000000    4715.751000
  2475.550000    0.423251    120426.000000    50970.380989    50185.000000    4996.927000
  2475.700000    0.445477    120306.000000    53593.527939    52720.000000    5281.869000
  2475.850000    0.476393    120296.000000    57308.206121    56349.000000    5617.452000
  2476.000000    0.514657    120191.000000    61857.134296    60706.000000    6138.811000
  2476.150000    0.565615    118702.000000    67139.630494    65828.000000    6610.299000
  2476.301000    0.624266    121351.000000    75755.299469    74205.000000    7489.256000
  2476.450000    0.706005    120891.000000    85349.643421    83329.000000    8427.929000
  2476.600000    0.803711    121289.000000    97481.282268    94838.000000    9535.476000
  2476.750000    0.937302    121588.000000    113964.624126    110487.000000    11214.300000
  2476.900000    1.113331    121976.000000    135799.626664    130964.000000    13367.370000
  2477.050000    1.318042    122117.000000    160955.362898    153853.000000    15900.550000
  2477.200000    1.649082    104064.000000    171610.027586    163669.000000    16994.080000
  2477.351000    1.730984    122269.000000    211645.731079    199519.000000    20951.400000
  2477.500000    1.879457    122398.000000    230041.787313    215866.000000    22957.630000
  2477.650000    1.951254    123384.000000    240753.532456    225235.000000    23922.840000
  2477.800000    1.986411    123177.000000    244680.142418    228954.000000    24236.160000
  2477.950000    1.976201    123590.000000    244238.716614    228423.000000    24407.170000
  2478.100000    1.931969    123453.000000    238507.308368    223234.000000    23694.010000
  2478.250000    1.851031    123971.000000    229474.210691    215620.000000    22904.750000
  2478.401000    1.731692    123722.000000    214248.358038    201969.000000    21234.240000
  2478.550000    1.589876    122914.000000    195418.051490    185437.000000    19448.530000
  2478.700000    1.403662    125038.000000    175511.099772    167161.000000    17495.520000
  2478.850000    1.241364    125229.000000    155454.794774    148795.000000    15281.500000
  2479.000000    1.114895    125105.000000    139478.999822    134194.000000    13812.010000
  2479.150000    1.027418    125680.000000    129125.860710    124509.000000    12923.710000
  2479.300000    0.972788    125680.000000    122259.937509    118119.000000    12149.130000
  2479.450000    0.946860    126056.000000    119357.419550    115489.000000    11802.360000
  2479.600000    0.929007    126176.000000    117218.347830    113379.000000    11626.860000
  2479.750000    0.929103    126332.000000    117375.410428    113731.000000    11571.140000
  2479.900000    0.943126    126507.000000    119311.999117    115444.000000    11937.920000
  2480.050000    0.965357    126402.000000    122023.090631    118107.000000    12143.380000
  2480.200000    0.997951    126520.000000    126260.759540    121879.000000    12445.770000
  2480.350000    1.057798    126854.000000    134185.906691    129158.000000    13278.590000
  2480.500000    1.117417    126796.000000    141683.962585    136438.000000    14008.080000
  2480.650000    1.211982    127051.000000    153983.493987    147600.000000    15294.230000
  2480.800000    1.289581    126666.000000    163346.006227    156181.000000    16124.080000
  2480.949000    1.373254    127036.000000    174452.636039    166348.000000    17308.740000
  2481.100000    1.457068    127217.000000    185363.864782    176055.000000    18308.830000
  2481.250000    1.525738    127296.000000    194220.370887    183874.000000    19357.250000
  2481.400000    1.600711    127407.000000    203941.834579    192857.000000    20225.400000
  2481.550000    1.663425    127410.000000    211936.936041    200182.000000    20902.510000
  2481.700000    1.723859    127470.000000    219740.346103    206678.000000    21904.310000
  2481.850000    1.777807    127206.000000    226147.656271    212542.000000    22417.590000
  2482.000000    1.795626    127355.000000    228681.886819    214591.000000    22707.790000
  2482.150000    1.785200    127500.000000    227612.982878    213593.000000    22553.960000
  2482.300000    1.767299    127303.000000    224982.507008    211780.000000    22556.910000
  2482.450000    1.723930    127439.000000    219695.974309    206788.000000    21964.430000
  2482.600000    1.667750    128062.000000    213575.420728    201219.000000    21274.760000
  2482.750000    1.596494    128184.000000    204645.037690    193466.000000    20292.680000
  2482.900000    1.521489    128295.000000    195199.455489    185011.000000    19270.590000
  2483.050000    1.445133    128478.000000    185667.771269    176177.000000    18389.060000
  2483.200000    1.384396    127954.000000    177139.029053    168780.000000    17392.400000
  2483.351000    1.327217    128273.000000    170246.126871    162351.000000    16993.210000
  2483.500000    1.279067    128531.000000    164399.719071    157131.000000    16370.560000
  2483.650000    1.244141    128498.000000    159869.662254    152997.000000    15782.080000
  2483.800000    1.208067    128547.000000    155293.343965    148884.000000    15376.640000
  2483.951000    1.182199    128823.000000    152294.372710    145990.000000    15044.460000
  2484.101000    1.156106    128558.000000    148626.643116    142730.000000    14786.430000
  2484.250000    1.136384    128977.000000    146567.363828    140786.000000    14430.490000
  2484.400000    1.125103    129232.000000    145399.335069    139689.000000    14299.820000
  2484.551000    1.108588    129284.000000    143322.714262    137783.000000    14122.570000
  2484.700000    1.100764    129373.000000    142409.171212    136794.000000    13920.480000
  2484.850000    1.088593    129244.000000    140694.103585    135430.000000    13945.590000
  2485.000000    1.072266    129690.000000    139062.181738    133844.000000    13908.040000
  2485.150000    1.054378    129851.000000    136912.059493    131880.000000    13666.240000
  2485.301000    1.046961    129655.000000    135743.665414    130720.000000    13430.270000
  2485.450000    1.030438    129928.000000    133882.750140    128937.000000    13321.010000
  2485.600000    1.012546    130165.000000    131798.020513    127008.000000    13070.050000
  2485.750000    1.007956    129978.000000    131012.108927    126388.000000    12918.370000
  2485.901000    0.991273    130038.000000    128903.202597    124368.000000    12777.760000
  2486.050000    0.980537    130274.000000    127738.415263    123261.000000    12573.710000
  2486.200000    0.971798    130532.000000    126850.686355    122326.000000    12709.270000
  2486.350000    0.970041    130632.000000    126718.409487    122367.000000    12588.700000
  2486.500000    0.973768    130603.000000    127176.973844    122790.000000    12548.310000
  2486.650000    0.968137    130634.000000    126471.655807    122001.000000    12505.380000
  2486.800000    0.975574    130534.000000    127345.595030    122864.000000    12433.880000
  2486.950000    0.983567    130374.000000    128231.581764    123718.000000    12674.910000
  2487.100000    0.987956    130530.000000    128957.957248    124360.000000    12747.880000
  2487.250000    0.998896    130743.000000    130598.722720    125871.000000    12875.520000
  2487.401000    1.013268    130620.000000    132353.003916    127557.000000    13169.950000
  2487.550000    1.014751    130701.000000    132628.966851    127990.000000    13090.250000
  2487.700000    1.029518    131041.000000    134909.115903    129912.000000    13417.360000
  2487.851000    1.031790    130737.000000    134893.127948    129980.000000    13396.600000
  2488.000000    1.034189    130843.000000    135316.350827    130272.000000    13493.170000
  2488.790000    1.046757    131661.000000    137817.127360    132676.000000    13602.180000
  2489.598000    1.065730    131942.000000    140614.601553    135529.000000    14067.850000
  2490.426000    1.083942    131480.000000    142516.679789    137168.000000    14115.280000
  2491.273000    1.069586    132410.000000    141623.918394    136195.000000    14047.240000
  2492.139000    1.057016    132383.000000    139930.900404    134588.000000    13926.490000
  2493.023000    1.061704    132732.000000    140922.133350    135402.000000    13913.250000
  2493.927000    1.088508    133832.000000    145677.255353    140011.000000    14356.190000
  2494.851000    1.128056    134732.000000    151985.214497    145704.000000    15010.970000
  2495.792000    1.154766    134994.000000    155886.545751    149432.000000    15486.000000
  2496.753000    1.191552    135294.000000    161209.838670    154433.000000    16158.560000
  2497.733000    1.197960    135534.000000    162364.295775    155258.000000    16102.800000
  2498.731000    1.180856    135771.000000    160326.048769    153430.000000    15935.690000
  2499.750000    1.144559    136405.000000    156123.616546    149758.000000    15549.530000
  2500.786000    1.094453    136716.000000    149629.186812    143617.000000    14893.790000
  2501.843000    1.049527    137650.000000    144467.447427    138897.000000    14402.960000
  2502.917000    1.020777    138277.000000    141149.925930    135737.000000    14113.940000
  2504.011000    0.997689    138857.000000    138536.117285    133386.000000    13905.990000
  2505.125000    0.972533    139759.000000    135920.193547    130911.000000    13417.720000
  2506.257000    0.945294    140745.000000    133045.463949    128328.000000    13149.560000
  2507.408000    0.927263    141326.000000    131046.408300    126386.000000    12845.590000
  2508.578000    0.922659    141910.000000    130934.545075    126287.000000    12876.000000
  2509.766000    0.917015    142773.000000    130924.944448    126269.000000    13057.030000
  2510.975000    0.918441    143404.000000    131708.179582    127104.000000    13117.730000
  2512.202000    0.913153    144039.000000    131529.671757    126799.000000    13038.990000
  2513.448000    0.903877    144666.000000    130760.323635    126139.000000    12984.980000
  2514.714000    0.906501    145503.000000    131898.556470    127198.000000    13077.510000
  2515.998000    0.899904    145543.000000    130974.768119    126521.000000    12985.060000
  2517.302000    0.901292    146163.000000    131735.579832    127202.000000    13052.890000
  2518.624000    0.898530    145984.000000    131171.035557    126535.000000    13137.330000
  2519.964000    0.897507    144870.000000    130021.795141    125376.000000    12914.180000
  2521.325000    0.898135    146080.000000    131199.488217    126595.000000    13087.540000
  2522.704000    0.901320    147025.000000    132516.503323    127806.000000    13238.240000
  2524.103000    0.904481    147898.000000    133770.885844    128935.000000    13257.910000
  2525.520000    0.912407    146450.000000    133621.998680    128978.000000    13463.580000
  2526.957000    0.926750    146126.000000    135422.277343    130520.000000    13546.500000
  2528.412000    0.930882    145678.000000    135609.024359    130868.000000    13633.960000
  2529.886000    0.933534    146160.000000    136445.366809    131442.000000    13568.720000
  2531.380000    0.944943    147087.000000    138988.802817    133849.000000    13848.500000
  2532.892000    0.951076    147732.000000    140504.374168    135269.000000    14029.130000
  2534.424000    0.957553    147696.000000    141426.744868    136109.000000    14119.780000
  2535.975000    0.966619    147840.000000    142904.922766    137550.000000    14148.120000
  2537.545000    0.970458    148069.000000    143694.740834    138236.000000    14283.780000
  2539.133000    0.967295    148030.000000    143188.720691    137991.000000    14240.110000
  2540.740000    0.966669    147755.000000    142830.151175    137448.000000    14264.980000
  2542.366000    0.967649    147569.000000    142794.995901    137445.000000    14192.260000
  2544.013000    0.971265    146779.000000    142561.343272    137159.000000    14183.330000
  2545.677000    0.987109    145729.000000    143850.421247    138389.000000    14388.600000
  2547.361000    0.995857    147706.000000    147094.052323    141490.000000    14749.120000
  2549.063000    1.003708    148576.000000    149126.875296    143234.000000    14941.300000
  2550.785000    1.015082    147220.000000    149440.426617    143586.000000    14997.060000
  2552.526000    1.027185    146439.000000    150419.917356    144431.000000    15036.640000
  2554.286000    1.031283    145658.000000    150214.682616    144209.000000    15001.370000
  2556.064000    1.046479    146416.000000    153221.338138    146931.000000    15146.200000
  2557.862000    1.055498    145071.000000    153122.222531    146800.000000    15192.760000
  2559.678000    1.072958    144481.000000    155022.091769    148795.000000    15714.920000
  2561.515000    1.079639    144318.000000    155811.385259    149420.000000    15619.780000
  2563.370000    1.090147    143427.000000    156356.566755    149953.000000    15591.470000
  2565.243000    1.100620    141912.000000    156191.242416    149751.000000    15713.820000
  2567.136000    1.104797    139384.000000    153990.968377    147565.000000    15464.270000
  2569.048000    1.109022    138251.000000    153323.381848    147099.000000    15240.720000
  2570.979000    1.104630    134521.000000    148595.880438    142790.000000    14808.590000
  2572.929000    1.114068    128760.000000    143447.431426    138069.000000    14341.890000
  2574.898000    1.112030    130215.000000    144802.967842    139363.000000    14424.910000
  2576.886000    1.112490    130282.000000    144937.443755    139407.000000    14509.190000
  2578.893000    1.108891    128966.000000    143009.183519    137551.000000    14186.960000
  2580.919000    1.111028    129292.000000    143647.095419    138112.000000    14310.990000
  2582.964000    1.101995    129292.000000    142479.125608    137141.000000    14225.050000
  2585.028000    1.096568    129805.000000    142339.998682    136976.000000    14281.100000
  2587.112000    1.090018    128963.000000    140571.963412    135456.000000    14065.420000
  2589.213000    1.096061    126775.000000    138953.108213    133873.000000    13731.450000
  2591.334000    1.098855    124456.000000    136759.085698    131875.000000    13623.510000
  2593.474000    1.096532    124091.000000    136069.696132    131123.000000    13432.160000
  2595.633000    1.094470    122611.000000    134194.098549    129401.000000    13287.070000
  2597.812000    1.099770    120602.000000    132634.520106    128029.000000    13212.520000
