# From file /cars5/Data/xas_user/2014.1/Langmann/s_xanes_pyrrhotite.002
# Time : Sun Mar 09 11:16:46 2014
# Energy: 13IDE:En:Energy.VAL
#---------------------------------
#   energy     mufluor    i0    fluor_corr   fluor_raw  time
  2450.000000    0.042087    99732.000000    4197.413123    3880.000000    26678.320000
  2452.000000    0.044969    107954.000000    4854.598360    4467.000000    30835.750000
  2454.000000    0.043573    110385.000000    4809.783358    4452.000000    29131.450000
  2456.000000    0.043340    112580.000000    4879.195908    4510.000000    29732.680000
  2458.000000    0.046906    114711.000000    5380.618626    4966.000000    29793.730000
  2460.000000    0.049401    116493.000000    5754.888553    5312.000000    29819.930000
  2462.000000    0.052158    117782.000000    6143.252774    5666.000000    29879.270000
  2464.001000    0.060724    119352.000000    7247.522178    6694.000000    29733.560000
  2464.150000    0.061340    119212.000000    7312.519548    6724.000000    29668.790000
  2464.300000    0.062297    119175.000000    7424.285542    6830.000000    29415.550000
  2464.450000    0.062867    118687.000000    7461.504974    6864.000000    29568.540000
  2464.600000    0.063384    119060.000000    7546.465884    6944.000000    29795.450000
  2464.750000    0.065200    118405.000000    7719.952186    7103.000000    29275.510000
  2464.900000    0.066097    118510.000000    7833.157781    7192.000000    29731.400000
  2465.051000    0.068517    117592.000000    8057.050292    7421.000000    29237.090000
  2465.200000    0.069758    117546.000000    8199.727917    7546.000000    29124.740000
  2465.350000    0.072015    117350.000000    8450.996837    7778.000000    29363.250000
  2465.500000    0.073678    116967.000000    8617.874237    7923.000000    29219.270000
  2465.650000    0.073437    116265.000000    8538.173799    7863.000000    28738.140000
  2465.801000    0.076518    115821.000000    8862.357176    8171.000000    28493.860000
  2465.950000    0.082473    115384.000000    9516.120160    8775.000000    28889.350000
  2466.100000    0.084044    115178.000000    9679.982319    8922.000000    28645.620000
  2466.250000    0.087398    114998.000000    10050.623807    9270.000000    28383.630000
  2466.400000    0.087194    114955.000000    10023.347189    9237.000000    28599.450000
  2466.550000    0.091740    114694.000000    10521.992227    9695.000000    28458.050000
  2466.701000    0.096349    114227.000000    11005.634107    10146.000000    28193.880000
  2466.851000    0.100858    113904.000000    11488.088272    10601.000000    28150.470000
  2467.001000    0.108049    113987.000000    12316.221398    11344.000000    28441.590000
  2467.150000    0.113167    113318.000000    12823.863278    11834.000000    28040.540000
  2467.300000    0.121971    113081.000000    13792.574926    12727.000000    28087.310000
  2467.450000    0.129657    113032.000000    14655.333695    13501.000000    28260.910000
  2467.600000    0.142048    112722.000000    16011.967355    14792.000000    27816.920000
  2467.750000    0.153972    112200.000000    17275.665612    15935.000000    27837.480000
  2467.900000    0.170093    112391.000000    19116.915401    17637.000000    28169.420000
  2468.050000    0.192488    111877.000000    21534.987506    19868.000000    28095.680000
  2468.200000    0.221760    111931.000000    24821.792668    22877.000000    28634.640000
  2468.351000    0.260661    111422.000000    29043.413715    26737.000000    28654.810000
  2468.500000    0.317000    111521.000000    35352.211282    32522.000000    29403.200000
  2468.650000    0.401236    111062.000000    44562.069442    40972.000000    29804.480000
  2468.801000    0.517808    111321.000000    57642.918319    52690.000000    31240.220000
  2468.950000    0.673090    110982.000000    74700.876929    68169.000000    32752.030000
  2469.101000    0.845605    111255.000000    94077.839739    85342.000000    34644.550000
  2469.250000    1.005240    111144.000000    111726.406950    100908.000000    36709.390000
  2469.400000    1.114103    110933.000000    123590.791997    111377.000000    37347.780000
  2469.550000    1.164964    110868.000000    129157.230221    116288.000000    37944.980000
  2469.700000    1.181302    110858.000000    130956.780844    117901.000000    37844.210000
  2469.850000    1.165281    111424.000000    129840.293899    116772.000000    37906.970000
  2470.000000    1.149302    111318.000000    127937.963677    115300.000000    37682.270000
  2470.150000    1.146421    111655.000000    128003.636357    115302.000000    37919.290000
  2470.300000    1.144925    111567.000000    127735.844220    115077.000000    38024.970000
  2470.450000    1.135742    111382.000000    126501.183940    114097.000000    37542.610000
  2470.600000    1.115661    111253.000000    124120.665548    112239.000000    37255.320000
  2470.750000    1.076505    111558.000000    120092.736292    108260.000000    37072.220000
  2470.900000    1.024355    111488.000000    114203.280935    103154.000000    36304.520000
  2471.050000    0.965219    111654.000000    107770.594789    97471.000000    35828.700000
  2471.200000    0.902292    111632.000000    100724.609368    91358.000000    34800.470000
  2471.351000    0.846757    111632.000000    94525.188783    85923.000000    34307.760000
  2471.500000    0.791380    111690.000000    88389.238550    80429.000000    33945.600000
  2471.649000    0.742492    110510.000000    82052.766263    74907.000000    32449.670000
  2471.801000    0.700298    110829.000000    77613.375771    71084.000000    32089.160000
  2471.950000    0.673375    110828.000000    74628.796122    68143.000000    31614.880000
  2472.100000    0.658835    111037.000000    73155.018176    66884.000000    31503.390000
  2472.250000    0.640884    111456.000000    71430.415273    65251.000000    31532.760000
  2472.400000    0.631574    111240.000000    70256.269532    64354.000000    31342.040000
  2472.550000    0.632631    111324.000000    70426.999005    64455.000000    31336.530000
  2472.701000    0.647890    111179.000000    72031.780093    65953.000000    31302.180000
  2472.850000    0.658562    111633.000000    73517.207864    67149.000000    31759.400000
  2473.000000    0.690024    111454.000000    76905.960187    70238.000000    31914.090000
  2473.150000    0.728779    111737.000000    81431.540663    74513.000000    32484.000000
  2473.300000    0.768668    112386.000000    86387.570918    78646.000000    33189.070000
  2473.450000    0.811458    112485.000000    91276.842624    83353.000000    33518.610000
  2473.600000    0.854923    112294.000000    96002.765562    87232.000000    33908.770000
  2473.750000    0.894612    112474.000000    100620.542337    91621.000000    34265.080000
  2473.900000    0.929496    112480.000000    104549.719411    95148.000000    35046.560000
  2474.050000    0.974670    112289.000000    109444.669838    99435.000000    34922.390000
  2474.200000    0.998717    112439.000000    112294.774351    102037.000000    35392.300000
  2474.350000    1.024217    113241.000000    115983.387990    105273.000000    35968.990000
  2474.500000    1.052575    113137.000000    119085.193747    107602.000000    36310.800000
  2474.651000    1.076019    113107.000000    121705.308057    109939.000000    36368.200000
  2474.800000    1.099751    113265.000000    124563.326134    112727.000000    36598.560000
  2474.950000    1.110754    113940.000000    126559.306353    114149.000000    37190.720000
  2475.100000    1.135731    113410.000000    128803.257573    116638.000000    36639.600000
  2475.250000    1.146115    113932.000000    130579.214281    117796.000000    37139.050000
  2475.400000    1.155313    114249.000000    131993.348141    119320.000000    37234.790000
  2475.550000    1.160760    114851.000000    133314.399565    120083.000000    37511.450000
  2475.699000    1.168126    114668.000000    133946.708794    120738.000000    37604.060000
  2475.851000    1.180379    115391.000000    136205.137715    122535.000000    38033.910000
  2476.000000    1.192820    114776.000000    136907.159308    123390.000000    37106.600000
  2476.151000    1.218018    113905.000000    138738.332938    125460.000000    36434.180000
  2476.301000    1.204060    115935.000000    139592.643202    125397.000000    38167.300000
  2476.450000    1.218241    116431.000000    141840.969291    127401.000000    38412.450000
  2476.600000    1.224009    116422.000000    142501.617688    128079.000000    38687.010000
  2476.750000    1.229121    116966.000000    143765.335406    129305.000000    38546.710000
  2476.900000    1.233237    117525.000000    144936.128787    130485.000000    39259.710000
  2477.050000    1.237858    118072.000000    146156.354021    131063.000000    39112.400000
  2477.200000    1.356768    102556.000000    139144.668350    128807.000000    26685.900000
  2477.350000    1.240171    118303.000000    146715.911015    131608.000000    39162.880000
  2477.500000    1.240711    118619.000000    147171.899332    131965.000000    39266.540000
  2477.650000    1.236068    119958.000000    148276.203106    132660.000000    40544.130000
  2477.801000    1.239864    119542.000000    148215.822755    133136.000000    39805.420000
  2477.950000    1.243973    120077.000000    149372.487920    133614.000000    40181.270000
  2478.101000    1.240013    120272.000000    149138.786563    133436.000000    40117.650000
  2478.250000    1.235701    120805.000000    149278.881280    133655.000000    40239.410000
  2478.400000    1.245939    120720.000000    150409.744142    134820.000000    39955.790000
  2478.550000    1.258403    119738.000000    150678.661490    135713.000000    38791.700000
  2478.700000    1.235855    121972.000000    150739.748540    134511.000000    40972.450000
  2478.850000    1.231504    121987.000000    150227.523399    134382.000000    40770.910000
  2479.000000    1.224978    122256.000000    149760.870544    133686.000000    40761.680000
  2479.151000    1.226802    122664.000000    150484.434042    134621.000000    41202.230000
  2479.300000    1.215915    122721.000000    149218.262783    133357.000000    40667.360000
  2479.450000    1.208500    123015.000000    148663.611003    133033.000000    40894.150000
  2479.601000    1.197548    123192.000000    147528.285743    131961.000000    40553.410000
  2479.750000    1.188165    123543.000000    146789.458783    131253.000000    40655.650000
  2479.900000    1.177377    123428.000000    145321.339356    129850.000000    40365.570000
  2480.050000    1.161693    123938.000000    143977.848962    128780.000000    39960.960000
  2480.201000    1.140192    124333.000000    141763.538081    126859.000000    40596.950000
  2480.351000    1.129547    124285.000000    140385.714382    125553.000000    40036.920000
  2480.500000    1.121458    124488.000000    139608.012403    125336.000000    40292.290000
  2480.650000    1.102617    124787.000000    137592.235152    122985.000000    39991.500000
  2480.800000    1.088412    124797.000000    135830.595174    121638.000000    39762.610000
  2480.950000    1.068466    125046.000000    133607.359411    120180.000000    39622.770000
  2481.100000    1.052805    125299.000000    131915.472313    118431.000000    39389.730000
  2481.250000    1.039074    125477.000000    130379.944855    116869.000000    39613.130000
  2481.400000    1.028663    125972.000000    129582.745500    116613.000000    39697.380000
  2481.551000    1.007950    126008.000000    127009.782945    113906.000000    39373.550000
  2481.700000    1.008769    125988.000000    127092.796012    114151.000000    39008.680000
  2481.851000    0.996327    126289.000000    125825.172034    112877.000000    39124.710000
  2482.001000    0.990098    126836.000000    125580.050067    112636.000000    39485.880000
  2482.150000    0.982040    126528.000000    124255.526237    111369.000000    39006.170000
  2482.300000    0.981863    126963.000000    124660.319566    112005.000000    39125.140000
  2482.450000    0.982778    126927.000000    124741.006213    112065.000000    39533.200000
  2482.600000    0.976339    127333.000000    124320.203972    111549.000000    39490.380000
  2482.750000    0.984535    127481.000000    125509.542979    112901.000000    39655.150000
  2482.900000    0.987025    127769.000000    126111.157990    113042.000000    39418.500000
  2483.050000    0.992874    127286.000000    126378.950010    113314.000000    39386.530000
  2483.201000    0.990446    127926.000000    126703.767203    113907.000000    39770.750000
  2483.350000    0.991343    128152.000000    127042.587948    113955.000000    39623.750000
  2483.501000    0.988931    128731.000000    127306.024854    114353.000000    39927.760000
  2483.650000    0.997749    127804.000000    127516.268166    114585.000000    39409.160000
  2483.800000    0.999395    128621.000000    128543.129002    115062.000000    40155.320000
  2483.950000    1.006703    128608.000000    129470.076296    115906.000000    39850.010000
  2484.100000    0.994220    129494.000000    128745.572798    115238.000000    40095.890000
  2484.251000    1.000325    128728.000000    128769.823962    115236.000000    40205.310000
  2484.399000    0.992396    128762.000000    127782.847533    114240.000000    40079.110000
  2484.551000    1.004617    128478.000000    129071.182204    115739.000000    40197.480000
  2484.701000    0.997318    128761.000000    128415.632943    114951.000000    40201.680000
  2484.851000    0.994942    129420.000000    128765.435543    115254.000000    40066.730000
  2485.000000    0.994525    130144.000000    129431.434578    115656.000000    40138.630000
  2485.150000    0.985696    130014.000000    128154.222814    114747.000000    40022.380000
  2485.300000    0.992081    130550.000000    129516.152543    116151.000000    40392.820000
  2485.450000    0.994501    129446.000000    128734.131331    115120.000000    40432.190000
  2485.601000    0.987546    130120.000000    128499.491646    114921.000000    40540.880000
  2485.750000    0.984652    129973.000000    127978.185589    114526.000000    40470.310000
  2485.900000    0.990985    130465.000000    129288.875404    115532.000000    40762.350000
  2486.050000    0.987566    130217.000000    128597.868980    115149.000000    40555.930000
  2486.200000    0.991044    130609.000000    129439.207498    115566.000000    40932.440000
  2486.350000    0.985813    130796.000000    128940.383291    115285.000000    40794.420000
  2486.500000    0.978175    131212.000000    128348.340471    115113.000000    40585.490000
  2486.650000    0.985864    130587.000000    128740.984316    115450.000000    40540.210000
  2486.800000    0.987497    130259.000000    128630.346170    114901.000000    41038.790000
  2486.950000    0.976895    130376.000000    127363.716897    114132.000000    40566.710000
  2487.100000    0.974935    130750.000000    127472.799680    113882.000000    40939.790000
  2487.250000    0.972630    131672.000000    128068.171862    114309.000000    41374.360000
  2487.400000    0.971841    131707.000000    127998.282868    114661.000000    40881.920000
  2487.551000    0.968113    132256.000000    128038.808961    114658.000000    40951.900000
  2487.700000    0.967815    132690.000000    128419.412112    114756.000000    40805.500000
  2487.850000    0.962855    132944.000000    128005.733081    114667.000000    40890.980000
  2488.000000    0.970304    131977.000000    128057.818850    114267.000000    41215.070000
  2488.790000    0.956158    132759.000000    126938.513554    113911.000000    41042.700000
  2489.598000    0.956909    133130.000000    127393.274104    113992.000000    40980.960000
  2490.427000    0.950947    133343.000000    126802.171293    113727.000000    40494.800000
  2491.273000    0.939928    133807.000000    125768.949949    112752.000000    40708.010000
  2492.140000    0.932700    134426.000000    125379.192962    112511.000000    40370.800000
  2493.023000    0.924777    134264.000000    124164.245406    111650.000000    39787.960000
  2493.927000    0.932012    134872.000000    125702.266008    112933.000000    39507.500000
  2494.850000    0.935167    134988.000000    126236.294611    113704.000000    39016.690000
  2495.792000    0.940588    135187.000000    127155.219300    114614.000000    38654.320000
  2496.753000    0.952849    135133.000000    128761.314487    116201.000000    38283.430000
  2497.732000    0.968202    135209.000000    130909.608713    118287.000000    37556.430000
  2498.731000    0.977128    135349.000000    132253.288232    119522.000000    37407.210000
  2499.750000    0.986957    135624.000000    133855.027675    121126.000000    37433.290000
  2500.787000    0.996896    136150.000000    135727.345736    122679.000000    37721.290000
  2501.843000    1.012731    136435.000000    138172.020369    124847.000000    37602.730000
  2502.917000    1.030558    137375.000000    141572.868442    127791.000000    38151.290000
  2504.011000    1.044029    138232.000000    144318.256058    130163.000000    38608.790000
  2505.125000    1.058432    139565.000000    147720.032264    133049.000000    39308.000000
  2506.256000    1.059942    139712.000000    148086.551462    133412.000000    39183.930000
  2507.407000    1.064377    140805.000000    149869.665054    134829.000000    39540.640000
  2508.578000    1.063408    141290.000000    150248.927941    135024.000000    39512.750000
  2509.767000    1.058720    141702.000000    150022.745715    135000.000000    39127.740000
  2510.976000    1.053223    142384.000000    149962.043468    135208.000000    39064.110000
  2512.202000    1.040490    143064.000000    148856.684726    134065.000000    38956.730000
  2513.449000    1.023518    144015.000000    147401.984530    132708.000000    38893.500000
  2514.714000    1.012501    143798.000000    145595.627339    131423.000000    38200.340000
  2515.998000    0.991588    143940.000000    142729.146027    129004.000000    37881.040000
  2517.301000    0.977601    143355.000000    140144.047517    126768.000000    37254.330000
  2518.624000    0.967338    142390.000000    137739.228558    124885.000000    36379.020000
  2519.965000    0.966707    142507.000000    137762.538811    124930.000000    35908.530000
  2521.325000    0.966946    143103.000000    138372.883010    125649.000000    35924.780000
  2522.704000    0.972716    143307.000000    139397.059177    126846.000000    35220.230000
  2524.103000    0.988447    142874.000000    141223.383645    128578.000000    34602.150000
  2525.520000    0.994152    143915.000000    143073.428134    130177.000000    34699.110000
  2526.956000    1.004762    144176.000000    144862.600934    131977.000000    34783.880000
  2528.412000    1.013088    145341.000000    147243.234529    133730.000000    35396.670000
  2529.886000    1.030672    144477.000000    148908.379643    135697.000000    34803.130000
  2531.380000    1.036835    145190.000000    150538.098185    136814.000000    35714.460000
  2532.891000    1.043792    145649.000000    152027.285711    138248.000000    35840.380000
  2534.424000    1.023801    146352.000000    149835.280370    136037.000000    35722.970000
  2535.974000    1.066188    146720.000000    156431.152237    141761.000000    36171.800000
  2537.544000    1.065004    146680.000000    156214.799157    141730.000000    36354.220000
  2539.133000    1.066333    146584.000000    156307.428991    141673.000000    36225.130000
  2540.740000    1.062004    145376.000000    154389.963405    140272.000000    35734.490000
  2542.366000    1.062882    144353.000000    153430.260929    139533.000000    35264.460000
  2544.012000    1.077009    140880.000000    151729.058652    138356.000000    33671.930000
  2545.677000    1.083287    142769.000000    154659.790909    141025.000000    33731.800000
  2547.360000    1.089667    143955.000000    156862.985591    143220.000000    33814.180000
  2549.063000    1.099349    142730.000000    156910.098317    143467.000000    32749.280000
  2550.785000    1.106128    142930.000000    158098.849978    144727.000000    32626.580000
  2552.526000    1.104965    141706.000000    156580.184175    143716.000000    31531.330000
  2554.285000    1.101670    141287.000000    155651.662124    142974.000000    31006.730000
  2556.064000    1.098303    139764.000000    153503.252137    141269.000000    30473.630000
  2557.861000    1.087464    140308.000000    152579.832477    140540.000000    29896.860000
  2559.678000    1.084528    139322.000000    151098.658855    139383.000000    29626.100000
  2561.514000    1.080108    137978.000000    149031.121689    137729.000000    28508.450000
  2563.369000    1.082372    136129.000000    147342.174467    136565.000000    28012.180000
  2565.243000    1.089775    134339.000000    146399.322454    135940.000000    26955.260000
  2567.136000    1.088237    131805.000000    143435.099205    133417.000000    26061.430000
  2569.049000    1.091389    127832.000000    139514.441227    130333.000000    24785.570000
  2570.979000    1.089650    121885.000000    132812.042814    124646.000000    22849.010000
  2572.929000    1.094666    124725.000000    136532.176102    127984.000000    23259.900000
  2574.898000    1.105862    123106.000000    136138.243282    127823.000000    22652.330000
  2576.886000    1.112288    120936.000000    134515.676232    126535.000000    21647.420000
  2578.893000    1.119245    120244.000000    134582.463771    126713.000000    21547.750000
  2580.919000    1.134322    119433.000000    135475.532127    127725.000000    21389.570000
  2582.964000    1.139145    119142.000000    135719.974089    127971.000000    21030.070000
  2585.028000    1.144378    117981.000000    135014.907991    127471.000000    20800.110000
  2587.111000    1.150088    117238.000000    134834.050280    127173.000000    20599.040000
  2589.213000    1.165007    114917.000000    133879.074389    126514.000000    19658.450000
  2591.334000    1.176707    111767.000000    131516.963029    124503.000000    19314.630000
  2593.475000    1.187507    108905.000000    129325.434379    122780.000000    18647.000000
  2595.633000    1.198209    106407.000000    127497.820339    121055.000000    17707.260000
  2597.812000    1.211247    98251.000000    119006.202991    113464.000000    16195.090000
