# From file /cars5/Data/xas_user/2014.1/Fister/s_xanes_scotchtape.001
# Time : Wed Mar 19 11:20:45 2014
# Energy: 13IDE:En:Energy.VAL
#---------------------------------
#   energy     mufluor    i0    fluor_corr   fluor_raw  time
  2442.000000    0.023196    65544.000000    1520.377211    1498.000000    50000000.000000
  2444.501000    0.022862    71706.000000    1639.353358    1615.000000    50000000.000000
  2447.000000    0.021805    75291.000000    1641.736331    1617.000000    50000000.000000
  2449.501000    0.021218    76714.000000    1627.742629    1604.000000    50000000.000000
  2452.001000    0.019392    79492.000000    1541.483422    1519.000000    50000000.000000
  2452.001000    0.020153    83570.000000    1684.178072    1657.000000    50000000.000000
  2457.000000    0.020271    99752.000000    2022.036165    1989.000000    50000000.000000
  2459.501000    0.020333    104481.000000    2124.387038    2088.000000    50000000.000000
  2462.000000    0.018998    109194.000000    2074.471668    2041.000000    50000000.000000
  2464.500000    0.019342    111223.000000    2151.291177    2115.000000    50000000.000000
  2467.000000    0.019414    117860.000000    2288.110099    2248.000000    50000000.000000
  2467.201000    0.019511    121754.000000    2375.504923    2331.000000    50000000.000000
  2467.400000    0.018636    125639.000000    2341.411261    2296.000000    50000000.000000
  2467.600000    0.019019    124548.000000    2368.832340    2321.000000    50000000.000000
  2467.800000    0.019597    125258.000000    2454.727172    2410.000000    50000000.000000
  2468.001000    0.019869    125206.000000    2487.743382    2444.000000    50000000.000000
  2468.200000    0.019745    125051.000000    2469.155157    2421.000000    50000000.000000
  2468.400000    0.019047    125219.000000    2385.028913    2344.000000    50000000.000000
  2468.601000    0.018333    125036.000000    2292.347482    2249.000000    50000000.000000
  2468.800000    0.019829    124695.000000    2472.616170    2428.000000    50000000.000000
  2469.000000    0.019374    123651.000000    2395.627432    2354.000000    50000000.000000
  2469.200000    0.019544    124590.000000    2434.956328    2391.000000    50000000.000000
  2469.400000    0.019858    124697.000000    2476.192829    2427.000000    50000000.000000
  2469.600000    0.019283    123857.000000    2388.321628    2340.000000    50000000.000000
  2469.800000    0.019706    122649.000000    2416.939652    2373.000000    50000000.000000
  2470.000000    0.020044    122220.000000    2449.753184    2406.000000    50000000.000000
  2470.200000    0.020483    122515.000000    2509.507456    2463.000000    50000000.000000
  2470.400000    0.020557    122325.000000    2514.664161    2470.000000    50000000.000000
  2470.601000    0.020832    121911.000000    2539.630864    2494.000000    50000000.000000
  2470.800000    0.022269    121155.000000    2697.947717    2642.000000    50000000.000000
  2471.000000    0.022742    120873.000000    2748.850185    2699.000000    50000000.000000
  2471.200000    0.024728    121002.000000    2992.153443    2941.000000    50000000.000000
  2471.400000    0.026999    120832.000000    3262.357932    3207.000000    50000000.000000
  2471.600000    0.029095    119800.000000    3485.605906    3425.000000    50000000.000000
  2471.801000    0.031292    120241.000000    3762.599743    3698.000000    50000000.000000
  2472.000000    0.033086    118855.000000    3932.397577    3863.000000    50000000.000000
  2472.200000    0.036224    119877.000000    4342.440025    4258.000000    50000000.000000
  2472.399000    0.038737    119961.000000    4646.884484    4554.000000    50000000.000000
  2472.600000    0.040770    119533.000000    4873.382391    4786.000000    50000000.000000
  2472.801000    0.040673    119065.000000    4842.720494    4753.000000    50000000.000000
  2473.001000    0.040489    118857.000000    4812.424996    4725.000000    50000000.000000
  2473.200000    0.039618    118373.000000    4689.700843    4602.000000    50000000.000000
  2473.400000    0.038162    118966.000000    4540.038681    4452.000000    50000000.000000
  2473.600000    0.036111    118279.000000    4271.119642    4196.000000    50000000.000000
  2473.801000    0.034541    117427.000000    4056.061053    3982.000000    50000000.000000
  2474.000000    0.032807    118504.000000    3887.788394    3818.000000    50000000.000000
  2474.200000    0.030951    118715.000000    3674.351727    3614.000000    50000000.000000
  2474.401000    0.030181    117637.000000    3550.427443    3486.000000    50000000.000000
  2474.600000    0.029001    117999.000000    3422.141809    3366.000000    50000000.000000
  2474.800000    0.028722    117900.000000    3386.346032    3328.000000    50000000.000000
  2475.000000    0.030358    117229.000000    3558.880056    3500.000000    50000000.000000
  2475.199000    0.032054    116635.000000    3738.612059    3668.000000    50000000.000000
  2475.400000    0.032016    117787.000000    3771.075958    3702.000000    50000000.000000
  2475.600000    0.033355    117454.000000    3917.638923    3843.000000    50000000.000000
  2475.801000    0.034248    117222.000000    4014.567464    3938.000000    50000000.000000
  2476.001000    0.035327    118233.000000    4176.866903    4105.000000    50000000.000000
  2476.200000    0.036007    114792.000000    4133.332473    4063.000000    50000000.000000
  2476.400000    0.036469    116908.000000    4263.565759    4190.000000    50000000.000000
  2476.600000    0.037315    118128.000000    4407.948862    4322.000000    50000000.000000
  2476.800000    0.038075    118399.000000    4508.007305    4425.000000    50000000.000000
  2477.000000    0.039128    119050.000000    4658.191389    4576.000000    50000000.000000
  2477.200000    0.038771    120024.000000    4653.510039    4567.000000    50000000.000000
  2477.401000    0.039643    118966.000000    4716.186791    4639.000000    50000000.000000
  2477.600000    0.042685    117100.000000    4998.461878    4907.000000    50000000.000000
  2477.800000    0.043812    119073.000000    5216.830352    5126.000000    50000000.000000
  2478.000000    0.047826    119461.000000    5713.365504    5615.000000    50000000.000000
  2478.200000    0.052931    118356.000000    6264.737796    6158.000000    50000000.000000
  2478.400000    0.060618    118461.000000    7180.902960    7041.000000    50000000.000000
  2478.601000    0.072337    117771.000000    8519.187127    8362.000000    50000000.000000
  2478.800000    0.079059    120130.000000    9497.373166    9286.000000    50000000.000000
  2479.000000    0.086643    119294.000000    10335.941121    10118.000000    50000000.000000
  2479.199000    0.092311    119567.000000    11037.406332    10810.000000    50000000.000000
  2479.399000    0.103615    120583.000000    12494.165739    12230.000000    50000000.000000
  2479.600000    0.128521    119537.000000    15362.987073    14982.000000    50000000.000000
  2479.800000    0.161083    120048.000000    19337.650077    18823.000000    50000000.000000
  2480.001000    0.203465    120141.000000    24444.476218    23707.000000    50000000.000000
  2480.200000    0.245381    120299.000000    29519.081810    28623.000000    50000000.000000
  2480.399000    0.278625    120500.000000    33574.260107    32357.000000    50000000.000000
  2480.600000    0.301697    120416.000000    36329.125401    34971.000000    50000000.000000
  2480.801000    0.304752    121657.000000    37075.180493    35687.000000    50000000.000000
  2481.000000    0.304331    121670.000000    37027.976046    35656.000000    50000000.000000
  2481.200000    0.301627    121390.000000    36614.545839    35332.000000    50000000.000000
  2481.400000    0.300500    121181.000000    36414.927884    35061.000000    50000000.000000
  2481.600000    0.301859    121531.000000    36685.274940    35385.000000    50000000.000000
  2481.800000    0.298037    121369.000000    36172.395629    34862.000000    50000000.000000
  2482.000000    0.292521    121855.000000    35645.201159    34333.000000    50000000.000000
  2482.200000    0.277289    120965.000000    33542.229256    32240.000000    50000000.000000
  2482.400000    0.252033    121395.000000    30595.604816    29549.000000    50000000.000000
  2482.601000    0.221231    121709.000000    26925.838934    26049.000000    50000000.000000
  2482.801000    0.192689    120814.000000    23279.475476    22608.000000    50000000.000000
  2483.000000    0.163712    121970.000000    19967.987007    19383.000000    50000000.000000
  2483.199000    0.141004    121657.000000    17154.138123    16712.000000    50000000.000000
  2483.400000    0.123979    121871.000000    15109.422482    14745.000000    50000000.000000
  2483.600000    0.109291    121211.000000    13247.244431    12937.000000    50000000.000000
  2483.801000    0.099628    121569.000000    12111.713697    11833.000000    50000000.000000
  2484.000000    0.091607    121416.000000    11122.573056    10888.000000    50000000.000000
  2484.200000    0.087343    121715.000000    10630.917736    10397.000000    50000000.000000
  2484.400000    0.082726    122538.000000    10137.069145    9918.000000    50000000.000000
  2484.601000    0.080568    122340.000000    9856.698862    9636.000000    50000000.000000
  2484.800000    0.080354    122644.000000    9854.897019    9632.000000    50000000.000000
  2485.000000    0.078514    123111.000000    9665.947690    9456.000000    50000000.000000
  2485.200000    0.079019    123418.000000    9752.398301    9554.000000    50000000.000000
  2485.400000    0.079260    124006.000000    9828.692194    9601.000000    50000000.000000
  2485.601000    0.079477    124773.000000    9916.605758    9710.000000    50000000.000000
  2485.800000    0.079218    124193.000000    9838.277204    9620.000000    50000000.000000
  2486.000000    0.079634    125005.000000    9954.629468    9756.000000    50000000.000000
  2486.201000    0.079742    125052.000000    9971.860081    9770.000000    50000000.000000
  2486.400000    0.079244    125060.000000    9910.297208    9689.000000    50000000.000000
  2486.600000    0.080475    125363.000000    10088.625746    9881.000000    50000000.000000
  2486.800000    0.083497    124572.000000    10401.339279    10193.000000    50000000.000000
  2487.000000    0.084531    125125.000000    10576.922246    10354.000000    50000000.000000
  2487.200000    0.085388    125016.000000    10674.910599    10440.000000    50000000.000000
  2487.400000    0.086509    124679.000000    10785.835411    10547.000000    50000000.000000
  2487.600000    0.086317    125710.000000    10850.848910    10601.000000    50000000.000000
  2487.800000    0.087784    126111.000000    11070.489973    10842.000000    50000000.000000
  2488.001000    0.086558    126427.000000    10943.314791    10678.000000    50000000.000000
  2488.200000    0.086734    126083.000000    10935.697030    10686.000000    50000000.000000
  2488.400000    0.084685    126247.000000    10691.220901    10469.000000    50000000.000000
  2488.601000    0.083493    126515.000000    10563.070626    10331.000000    50000000.000000
  2488.800000    0.082617    126637.000000    10462.408323    10259.000000    50000000.000000
  2488.999000    0.082112    126151.000000    10358.554960    10125.000000    50000000.000000
  2489.200000    0.082303    126635.000000    10422.482068    10177.000000    50000000.000000
  2489.400000    0.080563    126563.000000    10196.275001    9984.000000    50000000.000000
  2489.600000    0.081145    127141.000000    10316.823548    10097.000000    50000000.000000
  2489.801000    0.081340    126478.000000    10287.685787    10073.000000    50000000.000000
  2490.000000    0.082365    126999.000000    10460.320367    10231.000000    50000000.000000
  2490.200000    0.079883    126727.000000    10123.322505    9913.000000    50000000.000000
  2490.399000    0.082147    126588.000000    10398.827168    10154.000000    50000000.000000
  2490.600000    0.083645    126724.000000    10599.890049    10383.000000    50000000.000000
  2490.800000    0.083460    126164.000000    10529.642117    10303.000000    50000000.000000
  2491.000000    0.085596    127402.000000    10905.065529    10653.000000    50000000.000000
  2491.201000    0.086254    126256.000000    10890.090630    10643.000000    50000000.000000
  2491.400000    0.086122    126299.000000    10877.145965    10649.000000    50000000.000000
  2491.601000    0.087020    126625.000000    11018.913067    10769.000000    50000000.000000
  2491.801000    0.085036    126442.000000    10752.075493    10509.000000    50000000.000000
  2492.000000    0.087291    127143.000000    11098.443129    10858.000000    50000000.000000
  2494.000000    0.094367    126519.000000    11939.188001    11707.000000    50000000.000000
  2496.001000    0.104296    125606.000000    13100.151270    12846.000000    50000000.000000
  2498.000000    0.107205    125774.000000    13483.614231    13208.000000    50000000.000000
  2500.000000    0.101847    123300.000000    12557.787362    12305.000000    50000000.000000
  2502.000000    0.089984    122650.000000    11036.543256    10827.000000    50000000.000000
  2504.001000    0.082327    124222.000000    10226.852669    10038.000000    50000000.000000
  2506.001000    0.075425    123267.000000    9297.447783    9142.000000    50000000.000000
  2508.000000    0.071756    123782.000000    8882.117023    8739.000000    50000000.000000
  2510.000000    0.070689    127135.000000    8987.002998    8828.000000    50000000.000000
  2512.000000    0.068435    129381.000000    8854.225562    8713.000000    50000000.000000
  2514.000000    0.071630    129655.000000    9287.185766    9141.000000    50000000.000000
  2516.000000    0.070916    130420.000000    9248.853554    9094.000000    50000000.000000
  2518.000000    0.071608    131079.000000    9386.346555    9220.000000    50000000.000000
  2520.000000    0.071652    130681.000000    9363.572236    9208.000000    50000000.000000
  2522.000000    0.069624    129783.000000    9035.969799    8889.000000    50000000.000000
  2524.000000    0.070915    129992.000000    9218.410883    9082.000000    50000000.000000
  2526.000000    0.070485    129633.000000    9137.174420    8996.000000    50000000.000000
  2528.000000    0.070931    127763.000000    9062.317937    8919.000000    50000000.000000
  2530.001000    0.069709    126729.000000    8834.208994    8719.000000    50000000.000000
  2532.000000    0.070394    127139.000000    8949.783462    8837.000000    50000000.000000
  2534.001000    0.070987    127836.000000    9074.684884    8936.000000    50000000.000000
  2536.000000    0.069035    131077.000000    9048.849000    8915.000000    50000000.000000
  2538.000000    0.071373    131274.000000    9369.382133    9224.000000    50000000.000000
  2540.000000    0.071352    130153.000000    9286.642250    9154.000000    50000000.000000
  2542.000000    0.070578    131497.000000    9280.782586    9152.000000    50000000.000000
  2544.001000    0.071137    131947.000000    9386.255161    9234.000000    50000000.000000
  2546.000000    0.072505    129111.000000    9361.179469    9241.000000    50000000.000000
  2548.000000    0.070594    128760.000000    9089.739690    8960.000000    50000000.000000
  2550.000000    0.074056    128443.000000    9511.949375    9386.000000    50000000.000000
  2552.000000    0.073442    126027.000000    9255.613304    9122.000000    50000000.000000
  2554.000000    0.071939    123568.000000    8889.320763    8768.000000    50000000.000000
  2556.000000    0.074510    124227.000000    9256.138842    9129.000000    50000000.000000
  2558.000000    0.074479    126527.000000    9423.647718    9269.000000    50000000.000000
  2560.000000    0.075316    128280.000000    9661.549655    9535.000000    50000000.000000
  2562.000000    0.075840    132295.000000    10033.201974    9894.000000    50000000.000000
  2563.999000    0.076307    131267.000000    10016.585408    9877.000000    50000000.000000
  2566.000000    0.075604    131909.000000    9972.827563    9852.000000    50000000.000000
  2568.000000    0.077070    133328.000000    10275.641324    10137.000000    50000000.000000
  2570.001000    0.077070    133290.000000    10272.694155    10158.000000    50000000.000000
  2572.000000    0.078903    132713.000000    10471.498641    10321.000000    50000000.000000
  2574.000000    0.077240    136820.000000    10568.006925    10433.000000    50000000.000000
  2576.000000    0.077545    138154.000000    10713.091472    10542.000000    50000000.000000
  2578.000000    0.076138    136845.000000    10419.099669    10283.000000    50000000.000000
  2580.000000    0.077707    135845.000000    10556.109108    10423.000000    50000000.000000
  2582.001000    0.076071    141330.000000    10751.090606    10608.000000    50000000.000000
  2584.000000    0.076422    137504.000000    10508.313012    10340.000000    50000000.000000
  2586.000000    0.076768    141200.000000    10839.681070    10664.000000    50000000.000000
  2588.000000    0.075075    157469.000000    11821.989967    11646.000000    50000000.000000
  2590.000000    0.073259    160328.000000    11745.517979    11577.000000    50000000.000000
  2592.000000    0.076244    162286.000000    12373.406950    12183.000000    50000000.000000
  2594.000000    0.073776    175609.000000    12955.782910    12743.000000    50000000.000000
  2596.000000    0.072778    181078.000000    13178.565513    12970.000000    50000000.000000
  2598.000000    0.072152    183010.000000    13204.614189    13001.000000    50000000.000000
