# From file /cars5/Data/xas_user/2014.2/Brounce/S_xafs-tape-sulfate.002
# Time : Wed Aug 20 12:15:45 2014
# Energy: 13IDE:En:Energy.VAL
#---------------------------------
#   energy     mufluor    i0    fluor_corr   fluor_raw  time
  2442.001000    0.011149    88255.000000    983.945838    962.000000    50000000.000000
  2446.999000    0.010656    114867.000000    1224.044132    1196.000000    50000000.000000
  2452.000000    0.009816    128170.000000    1258.121523    1229.000000    50000000.000000
  2456.999000    0.010373    131026.000000    1359.154701    1327.000000    50000000.000000
  2462.000000    0.010153    132029.000000    1340.502984    1309.000000    50000000.000000
  2467.000000    0.010216    133128.000000    1359.973328    1328.000000    50000000.000000
  2467.101000    0.010647    133253.000000    1418.689766    1387.000000    50000000.000000
  2467.201000    0.010144    133796.000000    1357.232402    1330.000000    50000000.000000
  2467.300000    0.010872    133597.000000    1452.449858    1419.000000    50000000.000000
  2467.400000    0.010781    133545.000000    1439.738722    1409.000000    50000000.000000
  2467.501000    0.011463    133904.000000    1534.901581    1501.000000    50000000.000000
  2467.600000    0.010870    134335.000000    1460.213464    1427.000000    50000000.000000
  2467.700000    0.011618    133789.000000    1554.349498    1518.000000    50000000.000000
  2467.800000    0.012343    133367.000000    1646.082305    1610.000000    50000000.000000
  2467.901000    0.011061    132866.000000    1469.596503    1437.000000    50000000.000000
  2468.000000    0.012463    133536.000000    1664.256459    1628.000000    50000000.000000
  2468.100000    0.012193    133344.000000    1625.924031    1593.000000    50000000.000000
  2468.200000    0.013132    133194.000000    1749.084551    1710.000000    50000000.000000
  2468.300000    0.013187    133760.000000    1763.890281    1721.000000    50000000.000000
  2468.399000    0.013341    133299.000000    1778.363907    1738.000000    50000000.000000
  2468.501000    0.014957    133683.000000    1999.472304    1956.000000    50000000.000000
  2468.601000    0.015053    133662.000000    2011.998892    1966.000000    50000000.000000
  2468.700000    0.016906    133933.000000    2264.277092    2215.000000    50000000.000000
  2468.800000    0.017512    133485.000000    2337.568308    2286.000000    50000000.000000
  2468.901000    0.017880    134290.000000    2401.066946    2351.000000    50000000.000000
  2469.000000    0.019464    134085.000000    2609.830708    2554.000000    50000000.000000
  2469.100000    0.019786    134186.000000    2654.950476    2591.000000    50000000.000000
  2469.200000    0.020025    133915.000000    2681.662997    2621.000000    50000000.000000
  2469.301000    0.020556    134292.000000    2760.528192    2700.000000    50000000.000000
  2469.400000    0.021304    133471.000000    2843.492705    2781.000000    50000000.000000
  2469.500000    0.021019    134027.000000    2817.150368    2755.000000    50000000.000000
  2469.600000    0.021076    133786.000000    2819.693182    2753.000000    50000000.000000
  2469.700000    0.021669    133729.000000    2897.828285    2835.000000    50000000.000000
  2469.801000    0.021845    133736.000000    2921.490793    2853.000000    50000000.000000
  2469.901000    0.022869    134121.000000    3067.198639    2994.000000    50000000.000000
  2470.000000    0.023595    134122.000000    3164.636352    3100.000000    50000000.000000
  2470.100000    0.023637    133703.000000    3160.282039    3088.000000    50000000.000000
  2470.200000    0.025204    135031.000000    3403.258906    3325.000000    50000000.000000
  2470.300000    0.025239    134659.000000    3398.711692    3321.000000    50000000.000000
  2470.400000    0.025467    134405.000000    3422.904322    3342.000000    50000000.000000
  2470.500000    0.026836    134749.000000    3616.179941    3535.000000    50000000.000000
  2470.600000    0.026871    134828.000000    3623.008019    3544.000000    50000000.000000
  2470.701000    0.027943    135266.000000    3779.733422    3691.000000    50000000.000000
  2470.800000    0.029545    135343.000000    3998.742708    3899.000000    50000000.000000
  2470.901000    0.032021    134437.000000    4304.766987    4200.000000    50000000.000000
  2471.000000    0.035240    135495.000000    4774.841578    4660.000000    50000000.000000
  2471.101000    0.038469    135070.000000    5195.981199    5079.000000    50000000.000000
  2471.200000    0.042571    134882.000000    5742.013851    5601.000000    50000000.000000
  2471.301000    0.045360    134497.000000    6100.730738    5952.000000    50000000.000000
  2471.400000    0.049611    135230.000000    6708.900999    6550.000000    50000000.000000
  2471.500000    0.054798    134537.000000    7372.336819    7185.000000    50000000.000000
  2471.600000    0.061011    134063.000000    8179.327692    7981.000000    50000000.000000
  2471.700000    0.069200    134762.000000    9325.558210    9079.000000    50000000.000000
  2471.801000    0.075772    134253.000000    10172.629904    9901.000000    50000000.000000
  2471.900000    0.084513    134409.000000    11359.313139    11021.000000    50000000.000000
  2472.000000    0.095185    134532.000000    12805.410795    12421.000000    50000000.000000
  2472.101000    0.100588    133651.000000    13443.720368    13051.000000    50000000.000000
  2472.201000    0.107075    134152.000000    14364.311014    13928.000000    50000000.000000
  2472.300000    0.113495    134117.000000    15221.651211    14772.000000    50000000.000000
  2472.400000    0.117650    134128.000000    15780.158353    15287.000000    50000000.000000
  2472.500000    0.123298    134532.000000    16587.484238    16073.000000    50000000.000000
  2472.600000    0.127777    135053.000000    17256.638350    16722.000000    50000000.000000
  2472.700000    0.126133    134724.000000    16993.139818    16454.000000    50000000.000000
  2472.801000    0.128494    134526.000000    17285.720682    16727.000000    50000000.000000
  2472.900000    0.127428    135125.000000    17218.775934    16690.000000    50000000.000000
  2473.000000    0.130499    134422.000000    17541.938762    16997.000000    50000000.000000
  2473.101000    0.127379    134395.000000    17119.140834    16590.000000    50000000.000000
  2473.201000    0.128988    134838.000000    17392.544141    16865.000000    50000000.000000
  2473.300000    0.125721    134936.000000    16964.308879    16456.000000    50000000.000000
  2473.400000    0.119337    134473.000000    16047.621038    15549.000000    50000000.000000
  2473.500000    0.117714    134664.000000    15851.879449    15347.000000    50000000.000000
  2473.600000    0.111567    133804.000000    14928.109550    14465.000000    50000000.000000
  2473.700000    0.111776    135182.000000    15110.125051    14631.000000    50000000.000000
  2473.800000    0.107118    135760.000000    14542.330773    14120.000000    50000000.000000
  2473.900000    0.103873    135391.000000    14063.428986    13666.000000    50000000.000000
  2474.000000    0.100315    135184.000000    13560.980803    13153.000000    50000000.000000
  2474.101000    0.097827    135519.000000    13257.471005    12877.000000    50000000.000000
  2474.200000    0.095428    134895.000000    12872.749445    12500.000000    50000000.000000
  2474.300000    0.093305    135360.000000    12629.771562    12274.000000    50000000.000000
  2474.400000    0.089974    134716.000000    12120.876954    11775.000000    50000000.000000
  2474.500000    0.089211    134991.000000    12042.622623    11699.000000    50000000.000000
  2474.601000    0.088633    134817.000000    11949.199560    11622.000000    50000000.000000
  2474.700000    0.088934    135114.000000    12016.164053    11669.000000    50000000.000000
  2474.801000    0.086942    135395.000000    11771.569174    11442.000000    50000000.000000
  2474.900000    0.086875    136364.000000    11846.583016    11499.000000    50000000.000000
  2475.000000    0.086233    135988.000000    11726.642680    11416.000000    50000000.000000
  2475.100000    0.086812    136076.000000    11813.042332    11479.000000    50000000.000000
  2475.200000    0.086933    136052.000000    11827.395844    11471.000000    50000000.000000
  2475.301000    0.087402    137050.000000    11978.444742    11648.000000    50000000.000000
  2475.400000    0.086502    135559.000000    11726.187389    11422.000000    50000000.000000
  2475.500000    0.088590    136644.000000    12105.327190    11761.000000    50000000.000000
  2475.600000    0.088222    136332.000000    12027.505537    11690.000000    50000000.000000
  2475.700000    0.085494    136058.000000    11632.157789    11313.000000    50000000.000000
  2475.801000    0.087799    135528.000000    11899.266628    11556.000000    50000000.000000
  2475.900000    0.087522    132987.000000    11639.278119    11334.000000    50000000.000000
  2476.000000    0.085359    136863.000000    11682.538782    11343.000000    50000000.000000
  2476.100000    0.085243    137210.000000    11696.155439    11378.000000    50000000.000000
  2476.201000    0.085016    136770.000000    11627.651688    11304.000000    50000000.000000
  2476.300000    0.083834    137177.000000    11500.095872    11194.000000    50000000.000000
  2476.400000    0.084046    137027.000000    11516.586523    11166.000000    50000000.000000
  2476.500000    0.085361    136661.000000    11665.570367    11320.000000    50000000.000000
  2476.600000    0.088586    136353.000000    12078.938129    11733.000000    50000000.000000
  2476.701000    0.089986    136191.000000    12255.260525    11905.000000    50000000.000000
  2476.800000    0.092182    136589.000000    12591.049783    12229.000000    50000000.000000
  2476.900000    0.095599    136902.000000    13087.649344    12732.000000    50000000.000000
  2477.000000    0.094574    136888.000000    12946.071792    12568.000000    50000000.000000
  2477.100000    0.098201    137414.000000    13494.227126    13107.000000    50000000.000000
  2477.201000    0.096781    137096.000000    13268.346505    12887.000000    50000000.000000
  2477.301000    0.099757    136509.000000    13617.661647    13232.000000    50000000.000000
  2477.400000    0.104466    124170.000000    12971.521019    12686.000000    50000000.000000
  2477.501000    0.102880    136029.000000    13994.723475    13603.000000    50000000.000000
  2477.600000    0.099807    137884.000000    13761.756070    13376.000000    50000000.000000
  2477.700000    0.101265    137902.000000    13964.617593    13573.000000    50000000.000000
  2477.800000    0.102500    138280.000000    14173.744209    13751.000000    50000000.000000
  2477.900000    0.100616    138292.000000    13914.396428    13515.000000    50000000.000000
  2478.000000    0.100889    137266.000000    13848.635959    13433.000000    50000000.000000
  2478.100000    0.100548    137375.000000    13812.820944    13430.000000    50000000.000000
  2478.200000    0.100721    137731.000000    13872.407990    13456.000000    50000000.000000
  2478.300000    0.099623    136527.000000    13601.235766    13254.000000    50000000.000000
  2478.400000    0.100897    138527.000000    13976.966252    13566.000000    50000000.000000
  2478.500000    0.104512    138213.000000    14444.980269    14024.000000    50000000.000000
  2478.600000    0.105217    137659.000000    14484.015236    14040.000000    50000000.000000
  2478.701000    0.105701    137917.000000    14577.977737    14166.000000    50000000.000000
  2478.801000    0.109473    138153.000000    15124.041167    14673.000000    50000000.000000
  2478.900000    0.109561    138440.000000    15167.658952    14727.000000    50000000.000000
  2479.001000    0.113317    138880.000000    15737.475794    15251.000000    50000000.000000
  2479.100000    0.114344    138972.000000    15890.625308    15416.000000    50000000.000000
  2479.200000    0.119229    139208.000000    16597.581570    16078.000000    50000000.000000
  2479.300000    0.121654    138744.000000    16878.786828    16339.000000    50000000.000000
  2479.399000    0.127294    139005.000000    17694.534899    17133.000000    50000000.000000
  2479.501000    0.131366    138336.000000    18172.604511    17579.000000    50000000.000000
  2479.601000    0.138666    139035.000000    19279.429041    18631.000000    50000000.000000
  2479.701000    0.142437    139261.000000    19835.907530    19198.000000    50000000.000000
  2479.801000    0.147484    138885.000000    20483.354479    19776.000000    50000000.000000
  2479.901000    0.149963    139019.000000    20847.644608    20151.000000    50000000.000000
  2480.000000    0.156076    139443.000000    21763.759094    21015.000000    50000000.000000
  2480.100000    0.160591    138262.000000    22203.605987    21442.000000    50000000.000000
  2480.201000    0.165283    138297.000000    22858.106612    22050.000000    50000000.000000
  2480.301000    0.165894    138911.000000    23044.513667    22271.000000    50000000.000000
  2480.400000    0.171981    139057.000000    23915.111380    23083.000000    50000000.000000
  2480.500000    0.177181    139242.000000    24671.087365    23802.000000    50000000.000000
  2480.600000    0.181500    138869.000000    25204.701671    24250.000000    50000000.000000
  2480.700000    0.185882    139934.000000    26011.245845    25005.000000    50000000.000000
  2480.800000    0.191944    139308.000000    26739.301586    25750.000000    50000000.000000
  2480.900000    0.200941    138763.000000    27883.202740    26796.000000    50000000.000000
  2481.001000    0.211415    139197.000000    29428.386721    28281.000000    50000000.000000
  2481.100000    0.216920    139085.000000    30170.302486    29035.000000    50000000.000000
  2481.200000    0.226157    139484.000000    31545.315747    30296.000000    50000000.000000
  2481.300000    0.234599    139860.000000    32810.948985    31444.000000    50000000.000000
  2481.400000    0.245614    139257.000000    34203.427942    32786.000000    50000000.000000
  2481.500000    0.256859    139040.000000    35713.711420    34154.000000    50000000.000000
  2481.601000    0.259917    140015.000000    36392.250079    34817.000000    50000000.000000
  2481.700000    0.258582    139729.000000    36131.406073    34612.000000    50000000.000000
  2481.800000    0.261069    139962.000000    36539.669916    34998.000000    50000000.000000
  2481.900000    0.256884    139963.000000    35954.260885    34388.000000    50000000.000000
  2482.000000    0.253033    139943.000000    35410.228289    33915.000000    50000000.000000
  2482.100000    0.248313    140110.000000    34791.166516    33346.000000    50000000.000000
  2482.201000    0.232899    140397.000000    32698.327368    31346.000000    50000000.000000
  2482.301000    0.222952    140856.000000    31404.160700    30131.000000    50000000.000000
  2482.400000    0.210821    140748.000000    29672.658507    28508.000000    50000000.000000
  2482.500000    0.197780    141078.000000    27902.381963    26845.000000    50000000.000000
  2482.600000    0.187774    140990.000000    26474.280858    25490.000000    50000000.000000
  2482.700000    0.174742    140666.000000    24580.265960    23673.000000    50000000.000000
  2482.800000    0.163375    141232.000000    23073.824206    22283.000000    50000000.000000
  2482.901000    0.157436    141247.000000    22237.381666    21408.000000    50000000.000000
  2483.001000    0.148870    141153.000000    21013.432887    20332.000000    50000000.000000
  2483.100000    0.140319    141647.000000    19875.712328    19225.000000    50000000.000000
  2483.200000    0.135590    141536.000000    19190.895766    18531.000000    50000000.000000
  2483.300000    0.130874    141740.000000    18550.129016    17954.000000    50000000.000000
  2483.401000    0.127640    141729.000000    18090.346104    17495.000000    50000000.000000
  2483.500000    0.122678    142062.000000    17427.817837    16853.000000    50000000.000000
  2483.601000    0.121601    140953.000000    17140.088632    16620.000000    50000000.000000
  2483.700000    0.120910    141155.000000    17067.053146    16560.000000    50000000.000000
  2483.800000    0.118483    141440.000000    16758.296290    16233.000000    50000000.000000
  2483.900000    0.113105    141747.000000    16032.283080    15564.000000    50000000.000000
  2484.000000    0.116262    141685.000000    16472.534533    15968.000000    50000000.000000
  2484.100000    0.113443    142068.000000    16116.570309    15615.000000    50000000.000000
  2484.201000    0.110542    142122.000000    15710.381552    15224.000000    50000000.000000
  2484.300000    0.113311    142233.000000    16116.631234    15609.000000    50000000.000000
  2484.400000    0.109359    142122.000000    15542.367433    15041.000000    50000000.000000
  2484.500000    0.108356    142317.000000    15420.858356    14949.000000    50000000.000000
  2484.599000    0.110381    142486.000000    15727.734762    15262.000000    50000000.000000
  2484.700000    0.107754    142454.000000    15349.986617    14890.000000    50000000.000000
  2484.800000    0.106781    142477.000000    15213.776822    14730.000000    50000000.000000
  2484.900000    0.105199    143064.000000    15050.254324    14617.000000    50000000.000000
  2485.000000    0.106414    143241.000000    15242.885056    14765.000000    50000000.000000
  2485.100000    0.106159    143327.000000    15215.477466    14743.000000    50000000.000000
  2485.200000    0.105950    142827.000000    15132.544517    14667.000000    50000000.000000
  2485.300000    0.107014    143483.000000    15354.695842    14865.000000    50000000.000000
  2485.400000    0.108955    143350.000000    15618.666723    15167.000000    50000000.000000
  2485.500000    0.106500    143119.000000    15242.136483    14769.000000    50000000.000000
  2485.600000    0.104775    143229.000000    15006.831242    14551.000000    50000000.000000
  2485.700000    0.105321    142754.000000    15034.948771    14607.000000    50000000.000000
  2485.800000    0.103911    143873.000000    14949.942918    14498.000000    50000000.000000
  2485.900000    0.104630    143069.000000    14969.299304    14521.000000    50000000.000000
  2486.000000    0.105276    143383.000000    15094.720141    14635.000000    50000000.000000
  2486.101000    0.103390    143610.000000    14847.856531    14412.000000    50000000.000000
  2486.200000    0.103814    143186.000000    14864.745909    14445.000000    50000000.000000
  2486.301000    0.104186    142804.000000    14878.188872    14450.000000    50000000.000000
  2486.400000    0.102729    143715.000000    14763.759212    14315.000000    50000000.000000
  2486.500000    0.103169    143273.000000    14781.349318    14351.000000    50000000.000000
  2486.600000    0.105616    143126.000000    15116.416807    14667.000000    50000000.000000
  2486.701000    0.104333    143942.000000    15017.889732    14590.000000    50000000.000000
  2486.800000    0.102808    143644.000000    14767.777259    14332.000000    50000000.000000
  2486.900000    0.103659    143998.000000    14926.703379    14469.000000    50000000.000000
  2487.000000    0.103994    143855.000000    14960.098967    14539.000000    50000000.000000
  2489.010000    0.100110    143646.000000    14380.339365    13977.000000    50000000.000000
  2491.017000    0.103460    143084.000000    14803.455856    14389.000000    50000000.000000
  2493.026000    0.103423    146066.000000    15106.611612    14661.000000    50000000.000000
  2495.034000    0.111117    147323.000000    16370.057210    15898.000000    50000000.000000
  2497.043000    0.111401    147902.000000    16476.407533    16004.000000    50000000.000000
  2499.052000    0.110797    148601.000000    16464.555734    16003.000000    50000000.000000
  2501.060000    0.106436    150131.000000    15979.365445    15511.000000    50000000.000000
  2503.069000    0.099598    150436.000000    14983.064411    14587.000000    50000000.000000
  2505.077000    0.097073    150779.000000    14636.546093    14265.000000    50000000.000000
  2507.085000    0.095214    152780.000000    14546.855354    14160.000000    50000000.000000
  2509.094000    0.092675    152413.000000    14124.853539    13786.000000    50000000.000000
  2511.103000    0.092821    154218.000000    14314.673075    13955.000000    50000000.000000
  2513.111000    0.092653    155325.000000    14391.391598    14042.000000    50000000.000000
  2515.120000    0.095560    154303.000000    14745.181398    14379.000000    50000000.000000
  2517.128000    0.093589    154338.000000    14444.315761    14066.000000    50000000.000000
  2519.137000    0.095162    154979.000000    14748.100297    14387.000000    50000000.000000
  2521.146000    0.096305    155533.000000    14978.619800    14609.000000    50000000.000000
  2523.154000    0.097576    157760.000000    15393.610595    15039.000000    50000000.000000
  2525.162000    0.097854    157114.000000    15374.255236    14989.000000    50000000.000000
  2527.171000    0.098033    158586.000000    15546.660944    15134.000000    50000000.000000
  2529.180000    0.097330    158924.000000    15468.034420    15095.000000    50000000.000000
  2531.188000    0.097287    161251.000000    15687.557378    15303.000000    50000000.000000
  2533.197000    0.097256    163192.000000    15871.354313    15501.000000    50000000.000000
  2535.206000    0.095163    165642.000000    15763.045105    15378.000000    50000000.000000
  2537.214000    0.095249    168136.000000    16014.775870    15603.000000    50000000.000000
  2539.222000    0.096696    166920.000000    16140.446889    15719.000000    50000000.000000
  2541.231000    0.098406    167049.000000    16438.620412    16052.000000    50000000.000000
  2543.240000    0.098521    166777.000000    16430.965146    16023.000000    50000000.000000
  2545.249000    0.098452    168283.000000    16567.733546    16158.000000    50000000.000000
  2547.256000    0.099984    170256.000000    17022.846800    16562.000000    50000000.000000
  2549.264000    0.098599    171584.000000    16917.947150    16506.000000    50000000.000000
  2551.274000    0.098913    171060.000000    16920.021418    16525.000000    50000000.000000
  2553.282000    0.100243    172645.000000    17306.490065    16885.000000    50000000.000000
  2555.290000    0.102148    174006.000000    17774.315926    17351.000000    50000000.000000
  2557.299000    0.100851    175759.000000    17725.479188    17273.000000    50000000.000000
  2559.308000    0.100075    177302.000000    17743.581513    17301.000000    50000000.000000
  2561.316000    0.101992    179589.000000    18316.632028    17847.000000    50000000.000000
  2563.325000    0.102696    180202.000000    18505.966798    18043.000000    50000000.000000
  2565.334000    0.102910    181526.000000    18680.926293    18224.000000    50000000.000000
  2567.342000    0.102743    180541.000000    18549.336974    18149.000000    50000000.000000
  2569.350000    0.102415    183070.000000    18749.052611    18288.000000    50000000.000000
  2571.359000    0.103360    185464.000000    19169.489323    18703.000000    50000000.000000
  2573.367000    0.102374    184404.000000    18878.241698    18409.000000    50000000.000000
  2575.375000    0.100185    179309.000000    17964.036779    17526.000000    50000000.000000
  2577.385000    0.100428    176148.000000    17690.104710    17289.000000    50000000.000000
  2579.394000    0.097913    170251.000000    16669.751564    16284.000000    50000000.000000
  2581.402000    0.095813    152915.000000    14651.184307    14369.000000    50000000.000000
  2583.410000    0.094137    138122.000000    13002.407272    12779.000000    50000000.000000
  2585.419000    0.092194    134584.000000    12407.809885    12222.000000    50000000.000000
  2587.427000    0.090417    121246.000000    10962.679371    10759.000000    50000000.000000
