# From file /cars5/Data/xas_user/2014.1/Fister/s_xanes_pyrite.001
# Time : Wed Mar 19 11:11:56 2014
# Energy: 13IDE:En:Energy.VAL
#---------------------------------
#   energy     mufluor    i0    fluor_corr   fluor_raw  time
  2442.000000    0.716284    38579.000000    27633.511835    7803.000000    50000000.000000
  2444.500000    0.790396    39349.000000    31101.288077    7246.000000    50000000.000000
  2447.000000    0.789966    40238.000000    31786.647998    6893.000000    50000000.000000
  2449.501000    0.697848    40628.000000    28352.149674    7741.000000    50000000.000000
  2452.001000    0.631278    40526.000000    25583.170339    7993.000000    50000000.000000
  2454.500000    0.634781    43104.000000    27361.612994    8061.000000    50000000.000000
  2457.000000    0.620531    45970.000000    28525.815165    7728.000000    50000000.000000
  2459.500000    0.592709    49069.000000    29083.627368    7788.000000    50000000.000000
  2462.000000    0.569922    53550.000000    30519.345537    7624.000000    50000000.000000
  2464.500000    0.580600    53411.000000    31010.417905    7927.000000    50000000.000000
  2467.000000    0.589354    54955.000000    32387.930983    8480.000000    50000000.000000
  2467.199000    0.612249    54078.000000    33109.176948    8805.000000    50000000.000000
  2467.400000    0.617418    54672.000000    33755.486809    8775.000000    50000000.000000
  2467.600000    0.616788    55399.000000    34169.432305    9071.000000    50000000.000000
  2467.800000    0.627213    55759.000000    34972.741839    9183.000000    50000000.000000
  2468.000000    0.622712    56051.000000    34903.653028    9131.000000    50000000.000000
  2468.201000    0.641463    56906.000000    36503.119941    9304.000000    50000000.000000
  2468.400000    0.653130    57143.000000    37321.828696    9667.000000    50000000.000000
  2468.600000    0.653702    57489.000000    37580.647867    9779.000000    50000000.000000
  2468.800000    0.675303    57854.000000    39068.996805    10062.000000    50000000.000000
  2469.000000    0.704978    57967.000000    40865.471795    10623.000000    50000000.000000
  2469.200000    0.701654    58509.000000    41053.084976    10662.000000    50000000.000000
  2469.400000    0.754570    59029.000000    44541.487975    11568.000000    50000000.000000
  2469.600000    0.801897    59307.000000    47558.121280    12297.000000    50000000.000000
  2469.800000    0.866944    59413.000000    51507.740905    13125.000000    50000000.000000
  2470.000000    0.953157    59623.000000    56830.105131    14557.000000    50000000.000000
  2470.200000    1.091690    59843.000000    65329.981772    16617.000000    50000000.000000
  2470.400000    1.274206    60244.000000    76763.287626    19105.000000    50000000.000000
  2470.600000    1.567322    60311.000000    94526.774052    23258.000000    50000000.000000
  2470.801000    1.895437    60573.000000    114812.329056    28067.000000    50000000.000000
  2471.000000    2.215660    60412.000000    133852.432847    32260.000000    50000000.000000
  2471.200000    2.393080    61257.000000    146592.922140    34064.000000    50000000.000000
  2471.401000    2.516293    60728.000000    152809.455284    36620.000000    50000000.000000
  2471.600000    2.537694    60952.000000    154677.549107    36747.000000    50000000.000000
  2471.801000    2.462529    61097.000000    150453.135434    35181.000000    50000000.000000
  2472.000000    2.414119    62048.000000    149791.246305    34183.000000    50000000.000000
  2472.200000    2.320645    62152.000000    144232.757679    33194.000000    50000000.000000
  2472.400000    2.279627    62003.000000    141343.740149    32984.000000    50000000.000000
  2472.600000    2.189199    61864.000000    135432.635471    31718.000000    50000000.000000
  2472.801000    2.057291    62579.000000    128743.204798    29963.000000    50000000.000000
  2473.000000    1.966584    62479.000000    122870.184698    29187.000000    50000000.000000
  2473.201000    1.843742    62483.000000    115202.503253    27759.000000    50000000.000000
  2473.400000    1.749769    62626.000000    109581.018325    26951.000000    50000000.000000
  2473.601000    1.616037    63163.000000    102073.738901    25020.000000    50000000.000000
  2473.801000    1.538335    63053.000000    96996.628752    24486.000000    50000000.000000
  2474.000000    1.416381    62768.000000    88903.372489    22677.000000    50000000.000000
  2474.201000    1.314734    62984.000000    82807.227858    21312.000000    50000000.000000
  2474.400000    1.233795    62736.000000    77403.343120    20156.000000    50000000.000000
  2474.601000    1.196070    62607.000000    74882.385202    19580.000000    50000000.000000
  2474.801000    1.131403    62771.000000    71019.323272    18503.000000    50000000.000000
  2475.000000    1.123346    62133.000000    69796.853905    19162.000000    50000000.000000
  2475.201000    1.099068    62123.000000    68277.401347    18668.000000    50000000.000000
  2475.400000    1.093227    61978.000000    67756.034932    18389.000000    50000000.000000
  2475.600000    1.076943    62205.000000    66991.266933    18263.000000    50000000.000000
  2475.801000    1.099028    62317.000000    68488.099491    18349.000000    50000000.000000
  2476.000000    1.118040    62654.000000    70049.681599    18743.000000    50000000.000000
  2476.200000    1.170275    62217.000000    72810.980699    19255.000000    50000000.000000
  2476.400000    1.247166    62213.000000    77589.960142    20888.000000    50000000.000000
  2476.601000    1.365344    62122.000000    84817.913818    23107.000000    50000000.000000
  2476.800000    1.483743    62315.000000    92459.443017    25096.000000    50000000.000000
  2477.000000    1.555044    62330.000000    96925.883240    26111.000000    50000000.000000
  2477.200000    1.581352    63090.000000    99767.503017    26329.000000    50000000.000000
  2477.400000    1.614210    62300.000000    100565.271215    27347.000000    50000000.000000
  2477.600000    1.712220    58615.000000    100361.796024    34184.000000    50000000.000000
  2477.800000    1.656604    62374.000000    103329.029755    27240.000000    50000000.000000
  2478.000000    1.634917    62104.000000    101534.888441    27581.000000    50000000.000000
  2478.200000    1.675639    62769.000000    105178.215054    28078.000000    50000000.000000
  2478.400000    1.719307    62795.000000    107963.855398    28466.000000    50000000.000000
  2478.600000    1.729021    63024.000000    108969.820455    28229.000000    50000000.000000
  2478.800000    1.728113    62921.000000    108734.614406    28735.000000    50000000.000000
  2479.000000    1.774052    62477.000000    110837.447128    29398.000000    50000000.000000
  2479.200000    1.796727    62463.000000    112228.934417    29457.000000    50000000.000000
  2479.401000    1.790346    62802.000000    112437.335555    29362.000000    50000000.000000
  2479.601000    1.794089    62468.000000    112073.153662    29874.000000    50000000.000000
  2479.800000    1.801978    62518.000000    112656.085002    29510.000000    50000000.000000
  2480.000000    1.772473    62864.000000    111424.733341    29269.000000    50000000.000000
  2480.200000    1.771666    62497.000000    110723.784828    29076.000000    50000000.000000
  2480.400000    1.770004    62937.000000    111398.722096    28925.000000    50000000.000000
  2480.601000    1.764973    63819.000000    112638.794074    28650.000000    50000000.000000
  2480.801000    1.796060    63839.000000    114658.657388    29785.000000    50000000.000000
  2481.000000    1.813917    64459.000000    116923.294062    29620.000000    50000000.000000
  2481.200000    1.843767    64840.000000    119549.883856    29665.000000    50000000.000000
  2481.400000    1.912095    64751.000000    123810.058257    30746.000000    50000000.000000
  2481.600000    1.943317    65096.000000    126502.181164    31378.000000    50000000.000000
  2481.800000    2.014793    64746.000000    130449.778206    32531.000000    50000000.000000
  2482.000000    1.990657    64425.000000    128248.075562    31795.000000    50000000.000000
  2482.200000    2.014589    63813.000000    128556.958662    31789.000000    50000000.000000
  2482.400000    2.012130    62845.000000    126452.298137    32128.000000    50000000.000000
  2482.601000    1.988346    62352.000000    123977.327535    31347.000000    50000000.000000
  2482.801000    1.938360    61841.000000    119870.150857    30509.000000    50000000.000000
  2483.000000    1.887643    61291.000000    115695.534770    30257.000000    50000000.000000
  2483.200000    1.880732    61348.000000    115379.154560    29895.000000    50000000.000000
  2483.400000    1.843515    60989.000000    112434.137330    29434.000000    50000000.000000
  2483.601000    1.813441    60745.000000    110157.453012    28440.000000    50000000.000000
  2483.800000    1.788581    60115.000000    107520.570924    28507.000000    50000000.000000
  2484.000000    1.805715    59915.000000    108189.395046    28603.000000    50000000.000000
  2484.200000    1.789211    59995.000000    107343.729722    28112.000000    50000000.000000
  2484.400000    1.770387    59628.000000    105564.639242    27528.000000    50000000.000000
  2484.600000    1.768013    58828.000000    104008.641897    27917.000000    50000000.000000
  2484.800000    1.796254    58760.000000    105547.895573    28222.000000    50000000.000000
  2485.000000    1.794192    59061.000000    105966.777075    27960.000000    50000000.000000
  2485.200000    1.805836    59292.000000    107071.624019    28129.000000    50000000.000000
  2485.401000    1.795932    59333.000000    106558.054436    27987.000000    50000000.000000
  2485.601000    1.797089    58582.000000    105277.082209    28376.000000    50000000.000000
  2485.801000    1.815745    58646.000000    106486.172464    28139.000000    50000000.000000
  2486.000000    1.806253    58402.000000    105488.780708    28263.000000    50000000.000000
  2486.201000    1.795555    58279.000000    104643.138356    28060.000000    50000000.000000
  2486.401000    1.803767    57847.000000    104342.534793    28052.000000    50000000.000000
  2486.600000    1.817892    57558.000000    104634.210436    28205.000000    50000000.000000
  2486.800000    1.800381    57717.000000    103912.592483    28210.000000    50000000.000000
  2487.000000    1.806842    57292.000000    103517.583065    28089.000000    50000000.000000
  2487.200000    1.792383    57032.000000    102223.169536    27600.000000    50000000.000000
  2487.401000    1.805169    56867.000000    102654.556469    28406.000000    50000000.000000
  2487.601000    1.793219    56761.000000    101784.884191    28112.000000    50000000.000000
  2487.800000    1.798804    56491.000000    101616.242058    28270.000000    50000000.000000
  2488.000000    1.806047    55962.000000    101069.993522    28214.000000    50000000.000000
  2488.200000    1.813832    55980.000000    101538.310778    28277.000000    50000000.000000
  2488.400000    1.803486    55940.000000    100887.023111    28500.000000    50000000.000000
  2488.601000    1.823539    55771.000000    101700.615358    28316.000000    50000000.000000
  2488.800000    1.795001    55681.000000    99947.430203    28224.000000    50000000.000000
  2489.000000    1.795345    55683.000000    99970.180805    28549.000000    50000000.000000
  2489.200000    1.835204    54653.000000    100299.430529    28946.000000    50000000.000000
  2489.401000    1.826201    54610.000000    99728.841778    28642.000000    50000000.000000
  2489.601000    1.835585    54864.000000    100707.539729    28949.000000    50000000.000000
  2489.801000    1.838085    54789.000000    100706.865665    29403.000000    50000000.000000
  2490.000000    1.854221    54490.000000    101036.529063    29327.000000    50000000.000000
  2490.200000    1.862122    54157.000000    100846.959575    29520.000000    50000000.000000
  2490.400000    1.861390    54179.000000    100848.256498    29872.000000    50000000.000000
  2490.600000    1.876863    53670.000000    100731.232628    29874.000000    50000000.000000
  2490.800000    1.887491    53190.000000    100395.667934    30091.000000    50000000.000000
  2491.000000    1.888641    53241.000000    100553.126274    30468.000000    50000000.000000
  2491.200000    1.885999    52740.000000    99467.611001    30863.000000    50000000.000000
  2491.400000    1.922838    52475.000000    100900.926421    30852.000000    50000000.000000
  2491.600000    1.906578    52474.000000    100045.751940    30582.000000    50000000.000000
  2491.800000    1.906668    51591.000000    98366.930128    30671.000000    50000000.000000
  2492.001000    1.924439    51380.000000    98877.654116    31308.000000    50000000.000000
  2494.001000    1.868256    53242.000000    99469.660198    32616.000000    50000000.000000
  2496.000000    1.832140    54850.000000    100492.900239    34513.000000    50000000.000000
  2497.999000    1.773146    56258.000000    99753.664958    35518.000000    50000000.000000
  2500.000000    1.716484    56707.000000    97336.670860    36478.000000    50000000.000000
  2502.000000    1.700895    57546.000000    97879.689329    37130.000000    50000000.000000
  2504.000000    1.659631    60903.000000    101076.488202    37881.000000    50000000.000000
  2506.000000    1.681929    62855.000000    105717.629835    39374.000000    50000000.000000
  2508.000000    1.697469    61689.000000    104715.188491    39851.000000    50000000.000000
  2510.000000    1.710962    63564.000000    108755.605493    41278.000000    50000000.000000
  2512.000000    1.709964    64666.000000    110576.558866    42793.000000    50000000.000000
  2514.001000    1.732456    66076.000000    114473.735777    45039.000000    50000000.000000
  2516.000000    1.770394    67794.000000    120022.080261    48051.000000    50000000.000000
  2518.001000    1.757443    69680.000000    122458.639413    49329.000000    50000000.000000
  2520.000000    1.755890    71596.000000    125714.693602    52002.000000    50000000.000000
  2522.000000    1.717638    73762.000000    126696.381570    54108.000000    50000000.000000
  2524.000000    1.693654    75091.000000    127178.160381    55298.000000    50000000.000000
  2526.000000    1.671830    77337.000000    129294.325647    57822.000000    50000000.000000
  2528.000000    1.643579    81037.000000    133190.734371    59107.000000    50000000.000000
  2530.000000    1.621703    84284.000000    136683.583390    61885.000000    50000000.000000
  2532.000000    1.609993    85209.000000    137185.909796    59863.000000    50000000.000000
  2534.001000    1.592868    88098.000000    140328.481483    60699.000000    50000000.000000
  2536.001000    1.569843    90134.000000    141496.188403    62632.000000    50000000.000000
  2538.000000    1.569682    93239.000000    146355.605316    64870.000000    50000000.000000
  2540.000000    1.585726    94995.000000    150636.012998    63587.000000    50000000.000000
  2542.000000    1.599284    96835.000000    154866.665583    66379.000000    50000000.000000
  2544.001000    1.595400    98969.000000    157895.155133    69157.000000    50000000.000000
