# From file /cars5/Data/xas_user/2014.2/Brounce/S_xafs-FeS2.002
# Time : Wed Aug 20 12:31:28 2014
# Energy: 13IDE:En:Energy.VAL
#---------------------------------
#   energy     mufluor    i0    fluor_corr   fluor_raw  time
  2442.000000    0.149378    222937.000000    33301.962570    19878.000000    100000000.000000
  2447.000000    0.157881    251158.000000    39653.190314    21070.000000    100000000.000000
  2452.000000    0.151461    254126.000000    38490.278714    21805.000000    100000000.000000
  2457.000000    0.150097    255779.000000    38391.778477    22479.000000    100000000.000000
  2462.000000    0.167422    260471.000000    43608.554398    25912.000000    100000000.000000
  2462.100000    0.166465    262295.000000    43662.877627    25770.000000    100000000.000000
  2462.200000    0.172687    261616.000000    45177.684574    26718.000000    100000000.000000
  2462.301000    0.169784    261941.000000    44473.325280    26317.000000    100000000.000000
  2462.401000    0.170639    261676.000000    44652.172000    26377.000000    100000000.000000
  2462.500000    0.174059    262437.000000    45679.617869    26857.000000    100000000.000000
  2462.601000    0.174120    262662.000000    45734.669443    26778.000000    100000000.000000
  2462.699000    0.173816    262938.000000    45702.800896    26759.000000    100000000.000000
  2462.801000    0.173278    261772.000000    45359.258024    26686.000000    100000000.000000
  2462.900000    0.177723    261940.000000    46552.729482    27286.000000    100000000.000000
  2463.000000    0.179106    263269.000000    47153.034009    27651.000000    100000000.000000
  2463.100000    0.179761    261686.000000    47040.907338    27705.000000    100000000.000000
  2463.200000    0.180306    263104.000000    47439.099191    27929.000000    100000000.000000
  2463.301000    0.181159    262693.000000    47589.238964    28005.000000    100000000.000000
  2463.400000    0.181365    261337.000000    47397.371978    28011.000000    100000000.000000
  2463.500000    0.182561    262072.000000    47844.224375    28362.000000    100000000.000000
  2463.600000    0.183197    262561.000000    48100.495531    28386.000000    100000000.000000
  2463.700000    0.186128    262866.000000    48926.853763    28807.000000    100000000.000000
  2463.800000    0.186521    262896.000000    49035.504289    28923.000000    100000000.000000
  2463.900000    0.188250    262886.000000    49488.339190    29098.000000    100000000.000000
  2464.000000    0.189084    262564.000000    49646.623098    29467.000000    100000000.000000
  2464.101000    0.188780    262547.000000    49563.708756    29381.000000    100000000.000000
  2464.200000    0.190058    262929.000000    49971.671064    29584.000000    100000000.000000
  2464.301000    0.192271    262725.000000    50514.410934    29972.000000    100000000.000000
  2464.400000    0.193777    263115.000000    50985.748325    30228.000000    100000000.000000
  2464.500000    0.195645    263222.000000    51498.071943    30428.000000    100000000.000000
  2464.600000    0.195415    263977.000000    51585.132897    30513.000000    100000000.000000
  2464.701000    0.199165    262961.000000    52372.591931    30975.000000    100000000.000000
  2464.800000    0.199221    263402.000000    52475.246928    31142.000000    100000000.000000
  2464.900000    0.203987    262659.000000    53578.939050    31729.000000    100000000.000000
  2465.000000    0.202831    262573.000000    53257.841705    31804.000000    100000000.000000
  2465.101000    0.205093    263191.000000    53978.685398    32142.000000    100000000.000000
  2465.200000    0.206584    263213.000000    54375.514552    32448.000000    100000000.000000
  2465.300000    0.209349    263784.000000    55222.886664    32753.000000    100000000.000000
  2465.400000    0.210165    262830.000000    55237.735019    32925.000000    100000000.000000
  2465.500000    0.214474    263888.000000    56597.111025    33637.000000    100000000.000000
  2465.599000    0.216460    263129.000000    56956.923249    33836.000000    100000000.000000
  2465.700000    0.217691    263079.000000    57269.948941    34208.000000    100000000.000000
  2465.800000    0.222959    263088.000000    58657.916002    34997.000000    100000000.000000
  2465.900000    0.223411    262250.000000    58589.643745    35343.000000    100000000.000000
  2466.000000    0.227323    262338.000000    59635.575294    35948.000000    100000000.000000
  2466.100000    0.229655    262270.000000    60231.527685    36268.000000    100000000.000000
  2466.200000    0.234200    262963.000000    61585.854183    36869.000000    100000000.000000
  2466.301000    0.237913    263009.000000    62573.231932    37570.000000    100000000.000000
  2466.400000    0.241418    262533.000000    63380.275306    38079.000000    100000000.000000
  2466.501000    0.245757    263776.000000    64824.717202    38881.000000    100000000.000000
  2466.600000    0.250900    263604.000000    66138.153128    39795.000000    100000000.000000
  2466.700000    0.251382    264456.000000    66479.369358    39877.000000    100000000.000000
  2466.801000    0.257738    263901.000000    68017.262070    40823.000000    100000000.000000
  2466.900000    0.264836    265676.000000    70360.652161    41824.000000    100000000.000000
  2466.999000    0.267659    264736.000000    70859.039448    42329.000000    100000000.000000
  2467.101000    0.274957    266579.000000    73297.689934    43507.000000    100000000.000000
  2467.200000    0.282191    264503.000000    74640.300750    44790.000000    100000000.000000
  2467.300000    0.285967    265187.000000    75834.833291    45338.000000    100000000.000000
  2467.400000    0.295438    266170.000000    78636.617425    46922.000000    100000000.000000
  2467.500000    0.304802    265405.000000    80896.018373    48109.000000    100000000.000000
  2467.600000    0.312163    265105.000000    82755.987189    49446.000000    100000000.000000
  2467.700000    0.320243    266466.000000    85333.909501    50639.000000    100000000.000000
  2467.800000    0.330222    266492.000000    88001.459022    52370.000000    100000000.000000
  2467.900000    0.338597    266398.000000    90201.577551    53528.000000    100000000.000000
  2468.000000    0.348483    265680.000000    92585.028210    55119.000000    100000000.000000
  2468.100000    0.361951    264411.000000    95703.712252    57315.000000    100000000.000000
  2468.200000    0.373996    265041.000000    99124.160026    59222.000000    100000000.000000
  2468.301000    0.388014    265634.000000    103069.620746    61383.000000    100000000.000000
  2468.400000    0.402859    265961.000000    107144.894267    63624.000000    100000000.000000
  2468.501000    0.420120    266822.000000    112097.142009    66227.000000    100000000.000000
  2468.600000    0.442046    267248.000000    118136.032643    69542.000000    100000000.000000
  2468.700000    0.458721    266266.000000    122141.707635    72102.000000    100000000.000000
  2468.799000    0.485308    265544.000000    128870.669833    75775.000000    100000000.000000
  2468.900000    0.507536    265469.000000    134735.088018    79362.000000    100000000.000000
  2469.000000    0.537004    266194.000000    142947.251999    84103.000000    100000000.000000
  2469.100000    0.570761    265285.000000    151414.370136    89557.000000    100000000.000000
  2469.200000    0.603885    265532.000000    160350.754881    94476.000000    100000000.000000
  2469.300000    0.649832    265035.000000    172228.348592    101025.000000    100000000.000000
  2469.400000    0.691239    266116.000000    183949.762301    106927.000000    100000000.000000
  2469.500000    0.748592    265685.000000    198889.794574    115665.000000    100000000.000000
  2469.601000    0.811511    265176.000000    215193.303724    124246.000000    100000000.000000
  2469.700000    0.881320    266721.000000    235066.526017    134723.000000    100000000.000000
  2469.800000    0.971920    265716.000000    258254.564720    146600.000000    100000000.000000
  2469.900000    1.071867    265408.000000    284482.099070    160751.000000    100000000.000000
  2470.000000    1.196441    264760.000000    316769.595825    178461.000000    100000000.000000
  2470.100000    1.341934    264909.000000    355490.349900    197114.000000    100000000.000000
  2470.200000    1.516346    266184.000000    403627.129340    219219.000000    100000000.000000
  2470.301000    1.703530    266805.000000    454510.310780    242179.000000    100000000.000000
  2470.401000    1.920983    265877.000000    510745.289183    267249.000000    100000000.000000
  2470.501000    2.147896    265486.000000    570236.420808    292134.000000    100000000.000000
  2470.600000    2.360563    265752.000000    627324.393177    315127.000000    100000000.000000
  2470.700000    2.548689    266122.000000    678262.163920    334327.000000    100000000.000000
  2470.801000    2.698704    266977.000000    720491.899947    350838.000000    100000000.000000
  2470.900000    2.829398    266719.000000    754654.316613    363098.000000    100000000.000000
  2471.000000    2.911836    266678.000000    776522.552332    370259.000000    100000000.000000
  2471.100000    2.988527    265702.000000    794057.509741    376956.000000    100000000.000000
  2471.200000    3.027574    264856.000000    801871.176991    383209.000000    100000000.000000
  2471.300000    3.045520    265990.000000    810077.945856    384062.000000    100000000.000000
  2471.399000    3.043185    264725.000000    805607.025155    384834.000000    100000000.000000
  2471.500000    3.033923    264617.000000    802827.550904    384527.000000    100000000.000000
  2471.600000    3.012869    265414.000000    799657.652246    382695.000000    100000000.000000
  2471.700000    2.970962    265580.000000    789027.977205    377490.000000    100000000.000000
  2471.801000    2.951467    264585.000000    780913.802559    377441.000000    100000000.000000
  2471.900000    2.910265    265074.000000    771435.552849    373118.000000    100000000.000000
  2472.000000    2.877321    265790.000000    764763.017556    370116.000000    100000000.000000
  2472.101000    2.844887    264999.000000    753892.140348    367668.000000    100000000.000000
  2472.200000    2.807516    264732.000000    743239.447109    363967.000000    100000000.000000
  2472.300000    2.757439    265491.000000    732075.129883    360536.000000    100000000.000000
  2472.400000    2.703059    265390.000000    717364.954909    356691.000000    100000000.000000
  2472.500000    2.663664    265638.000000    707570.484240    352315.000000    100000000.000000
  2472.600000    2.582693    265571.000000    685888.459312    343826.000000    100000000.000000
  2472.700000    2.518935    265948.000000    669905.705379    337099.000000    100000000.000000
  2472.801000    2.448054    266189.000000    651645.061594    329302.000000    100000000.000000
  2472.900000    2.382001    266738.000000    635370.139614    322176.000000    100000000.000000
  2473.000000    2.317524    265770.000000    615928.277720    315451.000000    100000000.000000
  2473.100000    2.254484    265496.000000    598556.378847    308478.000000    100000000.000000
  2473.200000    2.176962    265625.000000    578255.562611    301073.000000    100000000.000000
  2473.301000    2.113523    265558.000000    561262.832491    293787.000000    100000000.000000
  2473.399000    2.032678    265565.000000    539808.022523    285312.000000    100000000.000000
  2473.501000    1.959900    266315.000000    521950.777415    276049.000000    100000000.000000
  2473.601000    1.888504    266952.000000    504140.021360    268946.000000    100000000.000000
  2473.700000    1.806501    266663.000000    481727.009430    258165.000000    100000000.000000
  2473.800000    1.734150    266731.000000    462551.669264    250159.000000    100000000.000000
  2473.900000    1.659434    264798.000000    439414.734422    240688.000000    100000000.000000
  2474.001000    1.600363    266490.000000    426480.785489    234730.000000    100000000.000000
  2474.100000    1.530985    266106.000000    407404.233667    225437.000000    100000000.000000
  2474.200000    1.481990    266075.000000    394320.390263    221050.000000    100000000.000000
  2474.300000    1.436670    266702.000000    383162.874610    214806.000000    100000000.000000
  2474.400000    1.395254    266130.000000    371318.909854    208196.000000    100000000.000000
  2474.500000    1.364102    266988.000000    364198.994587    204928.000000    100000000.000000
  2474.601000    1.331975    267638.000000    356487.161092    201368.000000    100000000.000000
  2474.700000    1.307616    267380.000000    349630.306463    196760.000000    100000000.000000
  2474.801000    1.285656    266735.000000    342929.541450    193242.000000    100000000.000000
  2474.900000    1.266523    266752.000000    337847.499225    191619.000000    100000000.000000
  2475.000000    1.248805    268032.000000    334719.831151    190299.000000    100000000.000000
  2475.101000    1.234465    268385.000000    331311.932648    188578.000000    100000000.000000
  2475.200000    1.219805    268000.000000    326907.708855    186234.000000    100000000.000000
  2475.301000    1.212381    268273.000000    325248.987193    185534.000000    100000000.000000
  2475.400000    1.220038    267601.000000    326483.282997    186851.000000    100000000.000000
  2475.500000    1.219348    267019.000000    325589.136207    186039.000000    100000000.000000
  2475.600000    1.230671    267508.000000    329214.325809    189125.000000    100000000.000000
  2475.701000    1.246450    266091.000000    331669.186901    191490.000000    100000000.000000
  2475.801000    1.270424    265435.000000    337214.931100    194996.000000    100000000.000000
  2475.900000    1.324124    262518.000000    347606.346832    208818.000000    100000000.000000
  2476.000000    1.338584    269591.000000    360870.102307    199980.000000    100000000.000000
  2476.100000    1.397727    269902.000000    377249.230646    210387.000000    100000000.000000
  2476.200000    1.470386    269031.000000    395579.288065    220596.000000    100000000.000000
  2476.300000    1.552240    269689.000000    418622.180435    232106.000000    100000000.000000
  2476.400000    1.636740    269444.000000    441009.826848    241450.000000    100000000.000000
  2476.501000    1.724721    269114.000000    464146.592087    253483.000000    100000000.000000
  2476.600000    1.796444    269595.000000    484312.418070    262235.000000    100000000.000000
  2476.700000    1.850235    269831.000000    499250.809018    269841.000000    100000000.000000
  2476.800000    1.908317    268533.000000    512446.219252    277183.000000    100000000.000000
  2476.900000    2.086730    245659.000000    512623.955024    330592.000000    100000000.000000
  2477.000000    1.960139    268202.000000    525713.268123    272875.000000    100000000.000000
  2477.100000    1.978705    270335.000000    534913.219913    281127.000000    100000000.000000
  2477.200000    1.986473    270347.000000    537036.933077    284742.000000    100000000.000000
  2477.300000    2.008242    269608.000000    541438.041309    289540.000000    100000000.000000
  2477.400000    2.173096    244973.000000    532349.855989    343214.000000    100000000.000000
  2477.501000    2.014381    269931.000000    543743.997049    283878.000000    100000000.000000
  2477.600000    2.034471    270108.000000    549526.892177    290928.000000    100000000.000000
  2477.700000    2.047263    269512.000000    551761.924494    293902.000000    100000000.000000
  2477.800000    2.065936    268903.000000    555536.254264    296346.000000    100000000.000000
  2477.900000    2.076181    268126.000000    556678.064504    297663.000000    100000000.000000
  2478.000000    2.090144    269659.000000    563626.231310    300219.000000    100000000.000000
  2478.100000    2.105764    269720.000000    567966.646363    301392.000000    100000000.000000
  2478.200000    2.126404    268639.000000    571234.966368    304697.000000    100000000.000000
  2478.300000    2.145278    267577.000000    574027.035102    308107.000000    100000000.000000
  2478.400000    2.150244    273560.000000    588220.869747    307416.000000    100000000.000000
  2478.500000    2.142993    273172.000000    585405.795730    302768.000000    100000000.000000
  2478.601000    2.165427    272608.000000    590312.837729    304655.000000    100000000.000000
  2478.700000    2.183162    270769.000000    591132.532907    310241.000000    100000000.000000
  2478.800000    2.200997    272015.000000    598704.212301    313663.000000    100000000.000000
  2478.900000    2.196187    272184.000000    597766.849944    311356.000000    100000000.000000
  2479.000000    2.203008    272360.000000    600011.249463    312950.000000    100000000.000000
  2479.100000    2.208392    272470.000000    601720.587036    313841.000000    100000000.000000
  2479.200000    2.214189    272211.000000    602726.622174    315430.000000    100000000.000000
  2479.300000    2.206542    272987.000000    602357.337593    313845.000000    100000000.000000
  2479.400000    2.198743    273186.000000    600665.890978    312553.000000    100000000.000000
  2479.500000    2.198829    273127.000000    600559.608499    311207.000000    100000000.000000
  2479.601000    2.191600    273228.000000    598806.367077    311796.000000    100000000.000000
  2479.701000    2.181321    273972.000000    597620.979374    311101.000000    100000000.000000
  2479.800000    2.175381    274634.000000    597433.456489    309425.000000    100000000.000000
  2479.900000    2.151631    275373.000000    592501.038135    306479.000000    100000000.000000
  2480.000000    2.146119    274117.000000    588287.755659    305049.000000    100000000.000000
  2480.100000    2.126792    273681.000000    582062.484065    302956.000000    100000000.000000
  2480.200000    2.112577    274422.000000    579737.623804    302078.000000    100000000.000000
  2480.300000    2.099657    274637.000000    576643.503509    299685.000000    100000000.000000
  2480.400000    2.091892    275136.000000    575554.752784    298877.000000    100000000.000000
  2480.500000    2.073212    275361.000000    570881.738480    296576.000000    100000000.000000
  2480.601000    2.052618    275936.000000    566391.272453    294816.000000    100000000.000000
  2480.700000    2.045853    275797.000000    564240.129265    294139.000000    100000000.000000
  2480.800000    2.037796    276143.000000    562723.137530    293027.000000    100000000.000000
  2480.900000    2.034045    275274.000000    559919.659329    292759.000000    100000000.000000
  2481.000000    2.024025    275478.000000    557574.327146    292442.000000    100000000.000000
  2481.100000    2.012850    276546.000000    556645.633896    291311.000000    100000000.000000
  2481.200000    2.000336    275740.000000    551572.778232    289032.000000    100000000.000000
  2481.300000    1.995648    276423.000000    551643.106936    288102.000000    100000000.000000
  2481.400000    2.004979    276869.000000    555116.607738    289396.000000    100000000.000000
  2481.500000    2.015205    277110.000000    558433.386238    290799.000000    100000000.000000
  2481.601000    2.022612    277585.000000    561446.837916    290932.000000    100000000.000000
  2481.701000    2.034468    277384.000000    564328.739358    292552.000000    100000000.000000
  2481.801000    2.046117    277717.000000    568241.590999    293067.000000    100000000.000000
  2481.900000    2.064037    276317.000000    570328.413370    294877.000000    100000000.000000
  2482.000000    2.079440    276765.000000    575516.134908    297973.000000    100000000.000000
  2482.101000    2.092748    276275.000000    578173.825342    298805.000000    100000000.000000
  2482.200000    2.108249    276071.000000    582026.402875    302168.000000    100000000.000000
  2482.300000    2.120676    277249.000000    587955.180420    305506.000000    100000000.000000
  2482.400000    2.133149    276515.000000    589847.597566    306194.000000    100000000.000000
  2482.500000    2.132298    277537.000000    591791.457775    305770.000000    100000000.000000
  2482.601000    2.144175    276328.000000    592495.555663    307583.000000    100000000.000000
  2482.700000    2.138140    276548.000000    591298.249277    305793.000000    100000000.000000
  2482.801000    2.142583    278336.000000    596357.867030    307497.000000    100000000.000000
  2482.900000    2.143740    278762.000000    597593.213391    306906.000000    100000000.000000
  2483.000000    2.138072    278341.000000    595112.987743    306484.000000    100000000.000000
  2483.100000    2.140333    278876.000000    596887.422237    308211.000000    100000000.000000
  2483.200000    2.145798    278305.000000    597186.381501    308194.000000    100000000.000000
  2483.301000    2.143362    278898.000000    597779.460751    308141.000000    100000000.000000
  2483.400000    2.143320    278604.000000    597137.596774    308654.000000    100000000.000000
  2483.500000    2.138749    279440.000000    597652.101587    308641.000000    100000000.000000
  2483.600000    2.141713    278306.000000    596051.580206    307793.000000    100000000.000000
  2483.700000    2.133212    278298.000000    593668.748274    306691.000000    100000000.000000
  2483.800000    2.138130    279150.000000    596858.957301    308626.000000    100000000.000000
  2483.900000    2.141712    278696.000000    596886.476080    308882.000000    100000000.000000
  2484.000000    2.134937    279334.000000    596360.377544    307634.000000    100000000.000000
  2484.100000    2.131368    279455.000000    595621.541213    308030.000000    100000000.000000
  2484.200000    2.131127    280612.000000    598019.690891    308688.000000    100000000.000000
  2484.301000    2.127256    279989.000000    595608.340522    307426.000000    100000000.000000
  2484.400000    2.126685    280285.000000    596077.873558    306789.000000    100000000.000000
  2484.501000    2.128859    280813.000000    597811.245584    307870.000000    100000000.000000
  2484.600000    2.133537    281386.000000    600347.386094    308939.000000    100000000.000000
  2484.700000    2.142719    281067.000000    602247.594803    309515.000000    100000000.000000
  2484.800000    2.131369    281215.000000    599372.836172    308022.000000    100000000.000000
  2484.900000    2.142646    280952.000000    601980.566343    310044.000000    100000000.000000
  2485.000000    2.150446    281131.000000    604557.048840    310677.000000    100000000.000000
  2485.101000    2.152473    281466.000000    605847.825789    311295.000000    100000000.000000
  2485.200000    2.151679    281739.000000    606211.751451    310334.000000    100000000.000000
  2485.300000    2.157477    282552.000000    609599.417864    310859.000000    100000000.000000
  2485.400000    2.156369    284082.000000    612585.544613    309217.000000    100000000.000000
  2485.501000    2.163996    283324.000000    613111.906091    311093.000000    100000000.000000
  2485.602000    2.167926    282799.000000    613087.378621    312042.000000    100000000.000000
  2485.699000    2.162142    282547.000000    610906.689475    311314.000000    100000000.000000
  2485.800000    2.162424    283731.000000    613546.640725    310844.000000    100000000.000000
  2485.900000    2.157420    284891.000000    614629.511624    310922.000000    100000000.000000
  2486.000000    2.156580    283972.000000    612408.199155    309871.000000    100000000.000000
  2486.100000    2.165031    284475.000000    615897.294994    310945.000000    100000000.000000
  2486.200000    2.158997    284363.000000    613938.774647    311150.000000    100000000.000000
  2486.300000    2.156924    285105.000000    614949.851310    311808.000000    100000000.000000
  2486.400000    2.154630    285070.000000    614220.313201    310777.000000    100000000.000000
  2486.500000    2.155529    285019.000000    614366.652683    311989.000000    100000000.000000
  2486.601000    2.149529    285006.000000    612628.724391    311111.000000    100000000.000000
  2486.700000    2.153505    285150.000000    614071.826135    312045.000000    100000000.000000
  2486.800000    2.149757    284446.000000    611489.899991    310883.000000    100000000.000000
  2486.900000    2.147635    284535.000000    611077.387866    311785.000000    100000000.000000
  2487.000000    2.143956    284280.000000    609483.928865    311433.000000    100000000.000000
  2489.000000    2.136051    282491.000000    603415.231542    316757.000000    100000000.000000
  2490.999000    2.146236    286649.000000    615216.501425    319880.000000    100000000.000000
  2493.000000    2.110686    289352.000000    610731.115415    317918.000000    100000000.000000
  2495.000000    2.056846    291226.000000    599006.926126    316107.000000    100000000.000000
  2497.001000    2.017849    293510.000000    592258.891651    317946.000000    100000000.000000
  2499.001000    1.987280    293986.000000    584232.429457    319464.000000    100000000.000000
  2501.000000    1.969242    294498.000000    579937.945360    319005.000000    100000000.000000
  2503.000000    1.970581    297498.000000    586243.977660    318508.000000    100000000.000000
  2504.999000    2.018870    298988.000000    603617.764554    328677.000000    100000000.000000
  2506.999000    2.044137    300353.000000    613962.710619    333366.000000    100000000.000000
  2509.001000    2.064253    301282.000000    621922.168396    339788.000000    100000000.000000
  2511.000000    2.089349    305818.000000    638960.464831    347441.000000    100000000.000000
  2513.001000    2.134901    308376.000000    658352.239423    356722.000000    100000000.000000
  2515.000000    2.195335    306702.000000    673313.598497    367221.000000    100000000.000000
  2517.000000    2.247383    304241.000000    683745.979542    375064.000000    100000000.000000
  2519.000000    2.241375    304858.000000    683301.024382    380074.000000    100000000.000000
  2521.000000    2.215700    307886.000000    682182.958377    382598.000000    100000000.000000
  2523.000000    2.179353    312147.000000    680278.551230    380735.000000    100000000.000000
  2525.000000    2.174261    313726.000000    682122.283284    389726.000000    100000000.000000
  2527.001000    2.159762    315057.000000    680448.002811    395173.000000    100000000.000000
  2529.001000    2.129850    315781.000000    672566.224744    392904.000000    100000000.000000
  2531.000000    2.111778    318690.000000    673002.533375    391883.000000    100000000.000000
  2533.001000    2.100628    323478.000000    679506.950395    392748.000000    100000000.000000
  2535.000000    2.094977    328398.000000    687986.382335    394564.000000    100000000.000000
  2537.000000    2.090253    330388.000000    690594.657245    397341.000000    100000000.000000
  2539.000000    2.111987    333045.000000    703386.579123    404353.000000    100000000.000000
  2541.000000    2.137706    329896.000000    705220.547942    408045.000000    100000000.000000
  2543.001000    2.146266    329480.000000    707151.706275    410887.000000    100000000.000000
  2545.000000    2.155738    331348.000000    714299.544205    414870.000000    100000000.000000
  2547.000000    2.163723    333855.000000    722369.875243    425323.000000    100000000.000000
  2549.000000    2.168072    336959.000000    730551.340216    432998.000000    100000000.000000
  2551.000000    2.186337    337846.000000    738645.328517    441564.000000    100000000.000000
  2553.000000    2.200568    342019.000000    752636.037803    450124.000000    100000000.000000
  2555.001000    2.227081    344496.000000    767220.613677    459622.000000    100000000.000000
  2557.000000    2.243664    347889.000000    780546.038482    464189.000000    100000000.000000
  2559.000000    2.259338    351021.000000    793075.212326    473083.000000    100000000.000000
  2561.000000    2.266886    353379.000000    801069.998948    477330.000000    100000000.000000
  2563.000000    2.265282    356598.000000    807794.913349    482816.000000    100000000.000000
  2565.000000    2.274716    357511.000000    813236.048854    487652.000000    100000000.000000
  2567.000000    2.272630    359439.000000    816871.847828    489108.000000    100000000.000000
  2569.000000    2.271305    363343.000000    825262.881105    494409.000000    100000000.000000
  2571.000000    2.253586    363665.000000    819550.469148    492658.000000    100000000.000000
  2573.000000    2.253111    363159.000000    818237.647118    493804.000000    100000000.000000
  2575.000000    2.256035    353949.000000    798521.412043    488970.000000    100000000.000000
