# From file /cars5/Data/xas_user/2014.1/Langmann/s_xanes_fe_sulfide.002
# Time : Fri Mar 07 11:51:11 2014
# Energy: 13IDE:En:Energy.VAL
#---------------------------------
#   energy     mufluor    i0    fluor_corr   fluor_raw  time
  2452.000000    0.196717    40304.000000    7928.473767    6827.000000    1390.370504
  2454.501000    0.202712    48204.000000    9771.539668    8258.000000    1821.252227
  2457.000000    0.201031    48294.000000    9708.578010    8303.000000    1792.843359
  2459.500000    0.209400    48927.000000    10245.323373    8794.000000    1955.127724
  2462.000000    0.228735    49796.000000    11390.101280    9776.000000    2125.284732
  2464.500000    0.274054    49731.000000    13628.962592    11726.000000    2637.611930
  2467.000000    0.402596    50954.000000    20513.858511    17618.000000    3797.633706
  2467.200000    0.416811    49180.000000    20498.760032    17625.000000    3728.285676
  2467.400000    0.432409    48177.000000    20832.185015    17951.000000    3859.879715
  2467.600000    0.457986    48360.000000    22148.193649    19094.000000    4159.956152
  2467.800000    0.491614    47978.000000    23586.653725    20336.000000    4410.366411
  2468.000000    0.516048    48096.000000    24819.861458    21392.000000    4567.182962
  2468.200000    0.556584    48237.000000    26847.963872    23233.000000    5012.503866
  2468.401000    0.594912    48637.000000    28934.732244    24861.000000    5467.425664
  2468.600000    0.648491    48519.000000    31464.146477    27161.000000    5824.301820
  2468.800000    0.718013    47788.000000    34312.410403    29519.000000    6553.383435
  2469.000000    0.786940    47611.000000    37466.991276    32267.000000    6999.093737
  2469.200000    0.875418    47691.000000    41749.546024    35822.000000    7678.029285
  2469.400000    0.990832    48087.000000    47646.155112    40730.000000    9126.168029
  2469.600000    1.144893    47640.000000    54542.697263    46668.000000    10278.977833
  2469.800000    1.335143    47755.000000    63759.773019    54150.000000    12053.925404
  2470.000000    1.600946    47685.000000    76341.124541    64499.000000    14690.771956
  2470.200000    1.943036    47511.000000    92315.564573    77420.000000    17583.588662
  2470.400000    2.449257    47152.000000    115487.355914    95898.000000    22236.735612
  2470.600000    3.052522    47851.000000    146066.252218    119088.000000    28730.116168
  2470.800000    3.724057    47491.000000    176859.202007    142046.000000    35075.830495
  2471.000000    4.232151    47999.000000    203139.018404    160634.000000    41142.259474
  2471.201000    4.571345    47678.000000    217952.583640    171335.000000    43897.073382
  2471.401000    4.757091    47363.000000    225310.120310    176709.000000    45140.288461
  2471.600000    4.790592    47003.000000    225172.184511    176951.000000    45737.962364
  2471.801000    4.728293    47065.000000    222537.087606    175019.000000    44902.548557
  2472.000000    4.672151    47013.000000    219651.836584    173458.000000    44320.000139
  2472.200000    4.540005    47350.000000    214969.240166    169787.000000    43466.821194
  2472.399000    4.462074    46993.000000    209686.223115    166277.000000    41853.101527
  2472.600000    4.325129    46883.000000    202775.028246    161621.000000    40152.516817
  2472.801000    4.192704    46850.000000    196428.177493    157314.000000    39296.027280
  2473.000000    3.986657    47192.000000    188138.331402    151819.000000    37052.749692
  2473.200000    3.787373    47571.000000    180169.112815    145019.000000    35402.221695
  2473.400000    3.596912    47234.000000    169896.520898    138266.000000    33705.579818
  2473.600000    3.382329    47207.000000    159669.597370    130141.000000    31234.087266
  2473.801000    3.154428    47171.000000    148797.513767    121931.000000    28718.137759
  2474.000000    2.925107    46903.000000    137196.311581    113584.000000    26590.636913
  2474.200000    2.702788    47190.000000    127544.574638    105823.000000    24236.761247
  2474.400000    2.511485    47039.000000    118137.765508    99180.000000    22873.836710
  2474.601000    2.365488    47150.000000    111532.767115    93393.000000    21501.238129
  2474.800000    2.272272    46892.000000    106551.366503    90085.000000    20499.313215
  2475.000000    2.170045    47092.000000    102191.740161    86114.000000    19333.648006
  2475.200000    2.107822    46931.000000    98922.213055    83954.000000    18996.555217
  2475.400000    2.061549    46970.000000    96830.949492    81878.000000    18458.830123
  2475.600000    2.041703    47118.000000    96200.968258    81750.000000    18359.725150
  2475.800000    2.068071    47011.000000    97222.066755    82132.000000    18513.790669
  2476.000000    2.113222    46658.000000    98598.725970    83485.000000    18860.649796
  2476.200000    2.301195    41203.000000    94816.122991    81789.000000    17975.092904
  2476.400000    2.444817    44055.000000    107706.391065    91137.000000    20429.196713
  2476.601000    2.695871    46332.000000    124905.113803    104504.000000    24069.651521
  2476.800000    2.940895    47420.000000    139457.231549    115257.000000    27088.103949
  2477.000000    3.104023    47685.000000    148015.330714    121755.000000    28803.963083
  2477.199000    3.218296    47509.000000    152898.024911    125517.000000    29778.436826
  2477.400000    3.259841    47473.000000    154754.413509    127189.000000    30363.805724
  2477.601000    3.430495    40617.000000    139336.409472    118004.000000    26649.861976
  2477.800000    3.367602    44559.000000    150056.986561    124198.000000    29200.327474
  2478.000000    3.341451    47862.000000    159928.508482    130622.000000    31034.222565
  2478.200000    3.385730    48395.000000    163852.386930    133375.000000    32287.111472
  2478.400000    3.466948    47796.000000    165706.257099    134940.000000    32398.110754
  2478.600000    4.129583    30827.000000    127302.653646    112900.000000    24279.339880
  2478.800000    3.591311    42211.000000    151592.827798    125764.000000    29603.921292
  2479.001000    3.576105    47735.000000    170705.356857    138490.000000    33364.315959
  2479.200000    3.582936    48857.000000    175051.507718    141888.000000    34626.895918
  2479.400000    3.556682    49364.000000    175572.057241    141549.000000    34549.640137
  2479.601000    3.567244    49327.000000    175961.424222    141922.000000    34427.960311
  2479.800000    3.539448    49459.000000    175057.556756    142011.000000    34599.706816
  2480.000000    3.524358    49786.000000    175463.698343    141520.000000    34203.225471
  2480.200000    3.486810    50232.000000    175149.455402    141676.000000    34459.271760
  2480.400000    3.487163    50487.000000    176056.375163    142301.000000    34781.881777
  2480.600000    3.464941    50572.000000    175228.983685    140809.000000    34729.374924
  2480.800000    3.438029    50884.000000    174940.649171    140449.000000    34790.338029
  2481.000000    3.462226    50869.000000    176119.971677    141589.000000    34734.598409
  2481.200000    3.464497    51179.000000    177309.470223    142171.000000    35264.518423
  2481.400000    3.511787    51371.000000    180403.992538    144317.000000    35742.465001
  2481.601000    3.536604    51342.000000    181576.309548    145831.000000    35716.646238
  2481.800000    3.551847    51691.000000    183598.504014    146332.000000    36610.457377
  2482.000000    3.572087    51770.000000    184926.919319    147275.000000    36900.029539
  2482.201000    3.561441    51483.000000    183353.653756    146285.000000    36443.532048
  2482.399000    3.535821    52366.000000    185156.784115    147398.000000    36794.251962
  2482.600000    3.519227    51796.000000    182281.895478    145525.000000    36034.524269
  2482.800000    3.498605    52309.000000    183008.513066    145784.000000    36420.644500
  2483.000000    3.436196    52657.000000    180939.774588    144356.000000    36002.995461
  2483.200000    3.443484    52729.000000    181571.488462    144448.000000    36111.685394
  2483.401000    3.423609    52758.000000    180622.765024    143621.000000    35810.608977
  2483.601000    3.420734    52865.000000    180837.088684    143689.000000    35798.505628
  2483.800000    3.413856    53234.000000    181733.183970    144123.000000    36048.702027
  2484.000000    3.394218    53013.000000    179937.698323    143270.000000    35900.514664
  2484.200000    3.386588    53329.000000    180603.336910    143337.000000    35761.718464
  2484.400000    3.374156    53425.000000    180264.277259    143506.000000    35607.708245
  2484.601000    3.373170    53519.000000    180528.685810    143213.000000    35842.936561
  2484.800000    3.356513    54014.000000    181298.698702    143555.000000    35917.754246
  2485.001000    3.373554    54288.000000    183143.507245    144815.000000    36263.502946
  2485.200000    3.378719    54255.000000    183312.403440    144822.000000    36226.725918
  2485.400000    3.381516    54146.000000    183095.551274    144986.000000    36161.522419
  2485.600000    3.394715    54230.000000    184095.396355    145774.000000    36387.564605
  2485.801000    3.376558    54568.000000    184252.031559    145388.000000    36454.080473
  2486.000000    3.387720    54759.000000    185508.175537    146457.000000    36679.753690
  2486.200000    3.407489    54871.000000    186972.347257    147344.000000    37551.018481
  2486.400000    3.380609    54895.000000    185578.508482    146501.000000    37098.648226
  2486.600000    3.375773    54971.000000    185569.625416    146471.000000    37141.101138
  2486.800000    3.358014    55288.000000    185657.892205    146930.000000    36830.376196
  2487.000000    3.345975    55249.000000    184861.797682    146258.000000    37097.821988
  2487.200000    3.367608    55050.000000    185386.843543    147260.000000    36340.831031
  2487.400000    3.359976    55150.000000    185302.657972    146383.000000    36900.441946
  2487.600000    3.346344    55435.000000    185504.578756    146873.000000    37132.974662
  2487.800000    3.310263    55636.000000    184169.798394    145016.000000    36615.131087
  2488.000000    3.334962    55484.000000    185037.025327    145995.000000    36699.609545
  2488.200000    3.316613    55594.000000    184383.760054    145759.000000    37012.810578
  2488.400000    3.300023    55857.000000    184329.363688    145174.000000    36427.245593
  2488.601000    3.326486    55759.000000    185481.542088    146958.000000    36749.039411
  2488.800000    3.323483    55655.000000    184968.430857    145830.000000    36602.940021
  2489.000000    3.335568    55465.000000    185007.257525    146145.000000    36360.483632
  2489.200000    3.342307    55690.000000    186133.054002    146923.000000    36877.248398
  2489.400000    3.326023    55981.000000    186194.082603    146710.000000    36694.025004
  2489.600000    3.322431    56184.000000    186667.467246    147199.000000    37178.534218
  2489.800000    3.333209    56192.000000    187299.655185    147614.000000    37234.406667
  2490.000000    3.333288    56136.000000    187117.432523    147328.000000    36928.005681
  2490.201000    3.375991    55815.000000    188430.957178    148838.000000    37145.431020
  2490.400000    3.373842    55903.000000    188607.914629    148717.000000    37618.936953
  2490.600000    3.364186    56191.000000    189036.950790    148814.000000    37757.475650
  2490.800000    3.373417    56144.000000    189397.105705    149054.000000    37467.474391
  2491.000000    3.349836    56338.000000    188723.060729    148860.000000    37251.725052
  2491.200000    3.362861    56073.000000    188565.696835    148949.000000    37475.821841
  2491.400000    3.353319    56503.000000    189472.597387    149451.000000    37724.016360
  2491.599000    3.376762    56014.000000    189145.944451    149614.000000    37653.061457
  2491.800000    3.357103    56268.000000    188897.459083    149215.000000    37524.270978
  2492.001000    3.347331    56484.000000    189070.670448    149926.000000    37678.816433
  2493.000000    3.318913    57026.000000    189264.316364    149807.000000    37333.765891
  2493.999000    3.325225    56747.000000    188696.544612    150092.000000    37568.174547
  2495.000000    3.301140    56430.000000    186283.313453    148914.000000    36954.082666
  2496.001000    3.295242    55997.000000    184523.689360    148465.000000    36498.153899
  2497.000000    3.289785    55279.000000    181856.036542    147280.000000    35528.765229
  2498.000000    3.282403    54769.000000    179773.943371    146434.000000    35198.513385
  2499.000000    3.273857    53786.000000    176087.678528    144241.000000    34149.619635
  2500.000000    3.237690    53712.000000    173902.800343    142612.000000    33972.200501
  2501.001000    3.218878    53383.000000    171833.384415    141436.000000    33770.928826
  2502.000000    3.233459    53160.000000    171890.680220    141522.000000    33454.370032
  2503.001000    3.246823    53349.000000    173214.785010    142718.000000    33707.231947
  2504.000000    3.244654    54661.000000    177356.046133    145251.000000    34766.679658
  2505.000000    3.286334    54730.000000    179861.039955    147355.000000    34902.774216
  2506.000000    3.298524    55000.000000    181418.839683    148486.000000    35601.828959
  2507.000000    3.303863    55562.000000    183569.234988    149902.000000    35978.809443
  2508.000000    3.304600    56036.000000    185176.592032    150669.000000    36287.735489
  2509.000000    3.319601    55993.000000    185874.423436    151398.000000    36306.820441
  2510.000000    3.313732    56618.000000    187616.871539    152459.000000    36987.643367
  2511.000000    3.348244    56386.000000    188794.096472    153511.000000    36920.181412
  2512.001000    3.366175    55869.000000    188064.819769    153349.000000    37051.817374
  2513.000000    3.417676    56835.000000    194243.630296    157697.000000    37746.719138
  2514.000000    3.478805    57148.000000    198806.766338    161152.000000    39338.246925
  2515.000000    3.522642    56749.000000    199906.428274    162294.000000    39376.185743
  2516.000000    3.559029    56572.000000    201341.390774    163305.000000    39499.874321
  2517.000000    3.606396    56254.000000    202874.177564    164811.000000    39916.858480
  2518.000000    3.626553    56403.000000    204548.478421    166309.000000    40499.494105
  2519.000000    3.615387    56080.000000    202750.904638    165492.000000    39598.765563
  2520.000000    3.626456    55407.000000    200931.068996    164570.000000    38986.229437
  2521.000000    3.616111    55065.000000    199121.171221    163467.000000    38708.739697
  2522.000000    3.608635    54316.000000    196006.615646    161686.000000    38372.457674
  2523.000000    3.612295    53870.000000    194594.341117    161074.000000    37724.052599
  2524.000000    3.616068    53294.000000    192714.710030    159997.000000    37500.978926
  2525.000000    3.602356    53098.000000    191277.894508    159050.000000    36957.329340
  2526.000000    3.596106    52324.000000    188162.645756    156856.000000    36354.829973
  2527.000000    3.586590    51791.000000    185753.073323    155791.000000    35908.420671
  2528.000000    3.574189    50962.000000    182147.805576    153522.000000    35473.938288
  2529.000000    3.559877    51140.000000    182052.085488    153308.000000    35107.676889
  2530.000000    3.533714    51239.000000    181063.995942    152519.000000    34563.585755
  2531.000000    3.523596    51394.000000    181091.711545    152796.000000    34764.251913
  2532.000000    3.509593    51897.000000    182137.342691    153119.000000    35228.172746
  2533.000000    3.491783    52692.000000    183989.027512    154420.000000    35549.012165
  2534.000000    3.507773    52418.000000    183870.458215    154738.000000    35228.550611
  2535.000000    3.517565    51600.000000    181506.349810    152945.000000    34922.291351
  2536.000000    3.525083    52175.000000    183921.221948    154818.000000    35357.931959
  2537.001000    3.503061    54071.000000    189414.006554    158658.000000    36787.967333
  2538.000000    3.489709    54990.000000    191899.091829    160418.000000    36996.859734
  2539.000000    3.491214    55130.000000    192470.620745    160942.000000    37360.612477
  2540.000000    3.550011    54702.000000    194192.675567    162274.000000    37477.005331
  2541.000000    3.559306    54558.000000    194188.589506    162394.000000    37354.391388
  2542.000000    3.580492    54246.000000    194227.369315    163045.000000    37536.912395
  2543.000000    3.598649    54646.000000    196651.770665    164855.000000    37791.123467
  2544.000000    3.612408    54565.000000    197111.032297    165344.000000    38275.192882
  2545.000000    3.628274    53985.000000    195872.394509    164278.000000    37714.322716
  2546.000000    3.631643    53127.000000    192938.277466    162801.000000    37036.552680
  2547.000000    3.661335    52377.000000    191769.728624    162348.000000    36936.829050
  2548.000000    3.693140    51357.000000    189668.591882    161198.000000    36422.000135
  2549.000000    3.695388    50663.000000    187219.428971    159833.000000    36012.667872
  2550.000000    3.747030    49330.000000    184840.992429    158631.000000    35440.734554
  2550.999000    3.771322    48112.000000    181445.835712    156283.000000    34657.228705
  2552.000000    3.793466    47104.000000    178687.403629    154701.000000    34048.899535
  2553.000000    3.832048    46593.000000    178546.627572    154512.000000    34046.666017
  2554.000000    3.859460    46516.000000    179526.622211    155449.000000    34166.893838
  2555.000000    3.907152    46070.000000    180002.505297    156046.000000    34102.715973
  2556.000000    3.939946    45736.000000    180197.377015    156322.000000    34423.046787
  2557.000000    3.953734    46333.000000    183188.343713    158604.000000    34861.701039
  2558.000000    3.972536    45869.000000    182216.260699    157980.000000    34744.046811
  2559.000000    3.996963    44822.000000    179151.890100    156274.000000    34362.712908
  2560.000000    4.012665    44705.000000    179386.198461    156199.000000    34351.107277
  2561.000000    4.039181    44599.000000    180143.433383    157014.000000    34415.852851
  2562.000000    4.050506    43764.000000    177266.356331    154764.000000    33564.142279
  2563.000000    4.036441    44735.000000    180570.168795    157296.000000    34290.806776
  2564.000000    4.054027    44293.000000    179565.036506    157159.000000    34222.373515
  2565.000000    4.052701    44368.000000    179810.229028    157104.000000    34201.680227
  2566.000000    4.059766    44904.000000    182299.733789    159290.000000    34501.727653
  2567.000000    4.080647    42811.000000    174696.570116    153425.000000    33347.668893
  2568.000000    4.087336    43265.000000    176838.589848    155367.000000    33530.249185
  2569.000000    4.106023    42234.000000    173413.795435    152929.000000    32735.382845
  2570.000000    4.129259    41711.000000    172235.535565    151925.000000    32483.424845
  2571.000000    4.128602    41463.000000    171184.214168    151305.000000    32015.579633
  2572.000000    4.133914    39316.000000    162528.959015    144865.000000    30415.381621
  2573.000000    4.137507    39235.000000    162335.094705    144678.000000    30438.917544
  2573.999000    4.143163    37986.000000    157382.206878    141077.000000    29675.007113
  2575.000000    4.147909    35980.000000    149241.780467    134355.000000    28145.609495
  2575.999000    4.176718    35610.000000    148732.928807    134546.000000    27869.558877
  2577.000000    4.185085    34642.000000    144979.724739    131309.000000    27389.701054
  2578.000000    4.199021    33394.000000    140222.095615    127368.000000    26113.860798
  2579.000000    4.211848    32256.000000    135857.378735    123709.000000    25391.360932
  2580.000000    4.231215    31934.000000    135119.631647    123423.000000    25318.232440
  2581.000000    4.224668    31527.000000    133191.108160    121969.000000    24881.511030
  2582.000000    4.246591    29784.000000    126480.464278    116241.000000    23264.177482
  2583.000000    4.244376    30419.000000    129109.687375    118353.000000    23914.470042
  2584.001000    4.252536    30434.000000    129421.689251    118760.000000    24118.596740
  2585.000000    4.257697    30984.000000    131920.481921    120889.000000    24639.685281
  2586.000000    4.223023    30929.000000    130613.873254    119572.000000    24403.974212
  2587.000000    4.301229    30524.000000    131290.721865    120500.000000    24354.596088
  2588.000000    4.290959    30335.000000    130166.249974    119551.000000    24142.396239
  2589.000000    4.356264    29777.000000    129716.459146    119237.000000    24113.088264
  2590.001000    4.373823    29161.000000    127545.060848    117485.000000    23363.414073
  2591.000000    4.427732    27944.000000    123728.550252    114179.000000    23063.919020
