# Athena multicolumn data file -- Athena version 0.8.061
# This file contains normalized mu(E) from:
# AII_-25 (column 2)
# AII_45 (column 3)
#------------------------
#  energy  AII__25  AII_45
  7012.0000       0.11568818E-02   0.10002422E-02
  7017.0000       0.91305104E-03   0.77408462E-03
  7022.0000       0.63077640E-03   0.45364537E-03
  7027.0000       0.43810096E-03   0.38419294E-03
  7032.0000       0.24640992E-03   0.11000049E-03
  7037.0000      -0.24971598E-04   0.87036085E-04
  7042.0000      -0.17219773E-03  -0.85472205E-04
  7047.0000      -0.37467371E-03  -0.18574711E-03
  7052.0000      -0.47482719E-03  -0.46451661E-03
  7057.0000      -0.55341779E-03  -0.44228293E-03
  7062.0000      -0.49699585E-03  -0.49066909E-03
  7067.0000      -0.35872229E-03  -0.33192548E-03
  7072.0000      -0.30382094E-03  -0.35734929E-03
  7077.0000      -0.13816289E-03   0.35208119E-04
  7082.0000       0.38102560E-03   0.35514831E-03
  7087.0000       0.12014771E-02   0.93273140E-03
  7092.0000       0.23711541E-02   0.20484385E-02
  7097.0000       0.44769224E-02   0.34462232E-02
  7102.0000       0.80585824E-02   0.62673079E-02
  7102.2000       0.81622605E-02   0.64930935E-02
  7102.4000       0.85375704E-02   0.65597415E-02
  7102.6000       0.87414123E-02   0.68237958E-02
  7102.8000       0.89422157E-02   0.69524632E-02
  7103.0000       0.91205548E-02   0.71267565E-02
  7103.2000       0.93324971E-02   0.73452890E-02
  7103.4000       0.95505683E-02   0.78589766E-02
  7103.6000       0.99476352E-02   0.78285834E-02
  7103.8000       0.10001940E-01   0.79839658E-02
  7104.0000       0.10565787E-01   0.82355530E-02
  7104.2000       0.10508095E-01   0.82538393E-02
  7104.4000       0.10906899E-01   0.84599104E-02
  7104.6000       0.11310798E-01   0.86581918E-02
  7104.8000       0.11649952E-01   0.90661317E-02
  7105.0000       0.11995215E-01   0.92146157E-02
  7105.2000       0.12562659E-01   0.95274879E-02
  7105.4000       0.12570425E-01   0.97757195E-02
  7105.6000       0.13020411E-01   0.10117426E-01
  7105.8000       0.13180145E-01   0.10414606E-01
  7106.0000       0.13824911E-01   0.10637558E-01
  7106.2000       0.13915783E-01   0.11040080E-01
  7106.4000       0.14870737E-01   0.11321427E-01
  7106.6000       0.14993968E-01   0.11608802E-01
  7106.8000       0.15225029E-01   0.12055144E-01
  7107.0000       0.16113917E-01   0.12450677E-01
  7107.2000       0.16753167E-01   0.13053718E-01
  7107.4000       0.17681088E-01   0.13331980E-01
  7107.6000       0.17770780E-01   0.14017171E-01
  7107.8000       0.18605208E-01   0.14323908E-01
  7108.0000       0.19338125E-01   0.14984386E-01
  7108.2000       0.20569017E-01   0.15438127E-01
  7108.4000       0.21372834E-01   0.16102844E-01
  7108.6000       0.22576079E-01   0.16904165E-01
  7108.8000       0.23631150E-01   0.18178590E-01
  7109.0000       0.24826546E-01   0.18793215E-01
  7109.2000       0.26671158E-01   0.19757019E-01
  7109.4000       0.29548443E-01   0.21219215E-01
  7109.6000       0.32047329E-01   0.22884589E-01
  7109.8000       0.35376220E-01   0.24672949E-01
  7110.0000       0.40204313E-01   0.27240190E-01
  7110.2000       0.46907581E-01   0.30986334E-01
  7110.4000       0.54136211E-01   0.34350151E-01
  7110.6000       0.64869114E-01   0.39652054E-01
  7110.8000       0.73976648E-01   0.45323818E-01
  7111.0000       0.83827615E-01   0.51167034E-01
  7111.2000       0.91080972E-01   0.57193964E-01
  7111.4000       0.93985708E-01   0.61737536E-01
  7111.6000       0.94362900E-01   0.66173846E-01
  7111.8000       0.89923230E-01   0.71579868E-01
  7112.0000       0.85394224E-01   0.76362994E-01
  7112.2000       0.81879898E-01   0.82414773E-01
  7112.4000       0.77480571E-01   0.91194727E-01
  7112.6000       0.75685677E-01   0.10020753
  7112.8000       0.74034058E-01   0.10884454
  7113.0000       0.72287682E-01   0.11559594
  7113.2000       0.70269963E-01   0.11872592
  7113.4000       0.68574000E-01   0.11676102
  7113.6000       0.67197231E-01   0.11076101
  7113.8000       0.67053603E-01   0.10106310
  7114.0000       0.67307771E-01   0.91973844E-01
  7114.2000       0.69508541E-01   0.81941896E-01
  7114.4000       0.71999999E-01   0.76130689E-01
  7114.6000       0.75456534E-01   0.72349001E-01
  7114.8000       0.81426865E-01   0.69863913E-01
  7115.0000       0.87530542E-01   0.69503876E-01
  7115.2000       0.95591004E-01   0.70784010E-01
  7115.4000       0.10726198       0.74284971E-01
  7115.6000       0.11956463       0.78747038E-01
  7115.8000       0.13448694       0.83418388E-01
  7116.0000       0.15208275       0.90949896E-01
  7116.2000       0.17438089       0.99570205E-01
  7116.4000       0.19583556       0.10902463
  7116.6000       0.22114690       0.12017833
  7116.8000       0.25102527       0.13365750
  7117.0000       0.28318693       0.14798180
  7117.2000       0.31966509       0.16379158
  7117.4000       0.36120978       0.18538641
  7117.6000       0.40447750       0.20588507
  7117.8000       0.44888794       0.22832152
  7118.0000       0.49620520       0.25298009
  7118.2000       0.54059166       0.27537847
  7118.4000       0.58156595       0.29816962
  7118.6000       0.62155469       0.32351482
  7118.8000       0.65531627       0.34436308
  7119.0000       0.68415322       0.36456360
  7119.2000       0.71264574       0.38430109
  7119.4000       0.73936912       0.40437132
  7119.6000       0.76053018       0.42353262
  7119.8000       0.77929150       0.44204786
  7120.0000       0.79755195       0.46208031
  7120.2000       0.81177776       0.48011113
  7120.4000       0.82588313       0.49724715
  7120.6000       0.84040989       0.51698384
  7120.8000       0.85205375       0.53678392
  7121.0000       0.86784707       0.55678491
  7121.2000       0.88103481       0.57728819
  7121.4000       0.89552792       0.59750112
  7121.6000       0.91202534       0.61716076
  7121.8000       0.92570209       0.63768845
  7122.0000       0.94690316       0.66135441
  7122.2000       0.96306879       0.68122371
  7122.4000       0.98182155       0.70017982
  7122.6000        1.0041641       0.72538723
  7122.8000        1.0255723       0.74435767
  7123.0000        1.0472993       0.76465552
  7123.2000        1.0661080       0.78530694
  7123.4000        1.0874937       0.80629531
  7123.6000        1.1063635       0.82597711
  7123.8000        1.1219138       0.84616749
  7124.0000        1.1410305       0.86441436
  7124.2000        1.1531600       0.88200315
  7124.4000        1.1632586       0.90003029
  7124.6000        1.1742701       0.91459405
  7124.8000        1.1824468       0.93089213
  7125.0000        1.1881371       0.94649105
  7125.2000        1.1919022       0.96229641
  7125.4000        1.1973047       0.97672888
  7125.6000        1.2002201       0.98877187
  7125.8000        1.1998089        1.0015697
  7126.0000        1.2018335        1.0143853
  7126.2000        1.2014805        1.0262268
  7126.4000        1.2020597        1.0363288
  7126.6000        1.2019075        1.0491232
  7126.8000        1.1993096        1.0592348
  7127.0000        1.1976566        1.0670917
  7127.2000        1.1941771        1.0772212
  7127.4000        1.1983021        1.0866319
  7127.6000        1.1940978        1.0952335
  7127.8000        1.1970397        1.1028974
  7128.0000        1.1961886        1.1092180
  7128.2000        1.1846445        1.1151696
  7128.4000        1.1809098        1.1206822
  7128.6000        1.1802104        1.1263972
  7128.8000        1.1741074        1.1339141
  7129.0000        1.1717545        1.1357975
  7129.2000        1.1733744        1.1400335
  7129.4000        1.1709799        1.1414305
  7129.6000        1.1643850        1.1423149
  7129.8000        1.1625070        1.1476886
  7130.0000        1.1536139        1.1486229
  7130.2000        1.1529135        1.1487000
  7130.4000        1.1498113        1.1498609
  7130.6000        1.1460875        1.1507052
  7130.8000        1.1394607        1.1492565
  7131.0000        1.1342493        1.1487450
  7131.2000        1.1284053        1.1486775
  7131.4000        1.1260860        1.1491279
  7131.6000        1.1202533        1.1497640
  7131.8000        1.1181806        1.1470264
  7132.0000        1.1157881        1.1500711
  7132.2000        1.1112158        1.1445548
  7132.4000        1.1054955        1.1442087
  7132.6000        1.0978389        1.1426792
  7132.8000        1.0977740        1.1417900
  7133.0000        1.0889016        1.1427332
  7133.2000        1.0916147        1.1412247
  7133.4000        1.0845939        1.1407977
  7133.6000        1.0887027        1.1390324
  7133.8000        1.0831172        1.1397892
  7134.0000        1.0768604        1.1387290
  7134.2000        1.0649409        1.1395661
  7134.4000        1.0741187        1.1385377
  7134.6000        1.0662704        1.1370839
  7134.8000        1.0647880        1.1372514
  7135.0000        1.0610124        1.1369974
  7135.2000        1.0602825        1.1356158
  7135.4000        1.0540604        1.1372748
  7135.6000        1.0513058        1.1345201
  7135.8000        1.0489000        1.1337723
  7136.0000        1.0470939        1.1327702
  7136.2000        1.0394594        1.1321366
  7136.4000        1.0446679        1.1292951
  7136.6000        1.0386587        1.1269110
  7136.8000        1.0405531        1.1261201
  7137.0000        1.0373380        1.1244819
  7137.2000        1.0410446        1.1212342
  7137.4000        1.0353003        1.1207796
  7137.6000        1.0322224        1.1199582
  7137.8000        1.0335438        1.1140962
  7138.0000        1.0210840        1.1129807
  7138.2000        1.0236632        1.1107127
  7138.4000        1.0239651        1.1059068
  7138.6000        1.0170860        1.1052936
  7138.8000        1.0191089        1.1041460
  7139.0000        1.0189942        1.1029786
  7139.2000        1.0181394        1.0963315
  7139.4000        1.0124086        1.0965738
  7139.6000        1.0152678        1.0950604
  7139.8000        1.0128527        1.0935749
  7140.0000        1.0132122        1.0925502
  7140.2000        1.0104061        1.0874928
  7140.4000        1.0105046        1.0848015
  7140.6000        1.0056146        1.0829747
  7140.8000        1.0039529        1.0830709
  7141.0000        1.0025690        1.0794332
  7141.2000        1.0003621        1.0776101
  7141.4000       0.99781697        1.0770956
  7141.6000       0.99465749        1.0739976
  7141.8000       0.99100273        1.0701992
  7142.0000       0.99003603        1.0679365
  7143.7330       0.94801675        1.0218888
  7145.5160       0.93981344        1.0201357
  7147.3470       0.91744942       0.99661436
  7149.2260       0.90443728       0.96967626
  7151.1540       0.89254532       0.94561237
  7153.1310       0.89311958       0.92257600
  7155.1570       0.90196421       0.90556160
  7157.2310       0.90860736       0.89571153
  7159.3540       0.92379005       0.89027088
  7161.5250       0.93247813       0.88846529
  7163.7460       0.94628682       0.89309664
  7166.0150       0.95658219       0.90148227
  7168.3330       0.97006362       0.91460006
  7170.6990       0.98396374       0.93291331
  7173.1140       0.99439212       0.94821278
  7175.5780       0.99690691       0.96326253
  7178.0900       0.99802768       0.97110755
  7180.6510        1.0046866       0.97607468
  7183.2610        1.0059589       0.98505508
  7185.9200        1.0116485       0.99358756
  7188.6270        1.0102915       0.99570121
  7191.3830        1.0094417        1.0034830
  7194.1880        1.0046068        1.0033463
  7197.0410       0.99841056        1.0022864
  7199.9420       0.99203529        1.0026748
  7202.8930       0.99335408        1.0005546
  7205.8930       0.98501379       0.99468717
  7208.9400       0.98078158       0.99116314
  7212.0370       0.98026554       0.98507507
  7215.1830       0.97805296       0.98096423
  7218.3760       0.97863819       0.97727741
  7221.6190       0.97454461       0.96989933
  7224.9110       0.97774597       0.97409718
  7228.2510       0.98280951       0.96796873
  7231.6400       0.98015407       0.96957372
  7235.0770       0.98205454       0.96459863
  7238.5630       0.98707051       0.96829396
  7242.0980       0.99471427       0.97090366
  7245.6820       0.99449753       0.97273010
  7249.3130        1.0010756       0.97299498
  7252.9950        1.0024454       0.97370884
  7256.7240        1.0044658       0.98154400
  7260.5020        1.0039998       0.98186805
  7264.3300        1.0088837       0.98747974
  7268.2050        1.0141033       0.99208488
  7272.1290        1.0135607       0.99197655
  7276.1030        1.0078771       0.98851504
  7280.1240        1.0042564       0.99497247
  7284.1940        1.0063680       0.99303440
  7288.3130        1.0102141       0.99483001
  7292.4810        1.0053637       0.99310044
  7296.6980        1.0036884       0.99454257
  7300.9630        1.0042852       0.99365955
  7305.2770        1.0035028       0.99317458
  7309.6390        1.0047598       0.98993342
  7314.0500        1.0044723       0.98847381
  7318.5100        1.0043221       0.98978072
  7323.0190        1.0059999       0.98815229
  7327.5760        1.0036559       0.98893209
  7332.1820        1.0067417       0.98743924
  7336.8360        1.0028694       0.98621632
  7341.5400        1.0116787       0.98906084
  7346.2920        1.0128566       0.98625027
  7351.0920        1.0157407       0.98983648
  7355.9420        1.0111610       0.98841842
  7360.8400        1.0136616       0.98775907
  7365.7870        1.0116827       0.98806256
  7370.7820        1.0078544       0.98543968
  7375.8260        1.0136935       0.98675775
  7380.9190        1.0120868       0.99086491
  7386.0600        1.0123673       0.98838475
  7391.2500        1.0084848       0.99012338
  7396.4890        1.0156893       0.99002611
  7401.7770        1.0131201       0.98893610
  7407.1130        1.0158639       0.99148128
  7412.4980        1.0094902       0.97734597
  7417.9320        1.0162909       0.98986403
  7423.4140        1.0145226       0.98315869
  7428.9450        1.0084963       0.98479474
  7434.5240        1.0136680       0.98967024
  7440.1530        1.0001472       0.99020322
  7445.8300        1.0088945       0.98684871
  7451.5550        1.0085636       0.98435388
  7457.3300        1.0079533       0.97637301
  7463.1530        1.0062715       0.98054707
  7469.0240        1.0078603       0.98125699
  7474.9450       0.99842809       0.98241645
  7480.9140        1.0032809       0.97715297
  7486.9320        1.0142676       0.98590530
  7492.9990        1.0175024       0.97783872
