# data: k, chik, win, fit_k, fit_chik, path1, path2
#------------------------
#   k         chik       win       k         chik      chik      chik
  0.0000000        0.0000000        0.0000000        0.0000000        0.0000000       -1.5000000       -2.0000000
  0.50000000E-01   0.34662285E-03   0.92945984E-01   0.50000000E-01   0.31646637E-03   -1.4999815       -1.9997020
  0.10000000       0.12456429E-02   0.97494145E-01   0.10000000       0.12871355E-02   -1.4999087       -1.9988041
  0.15000000       0.24857874E-02   0.10212473       0.15000000       0.29743672E-02   -1.4997302       -1.9972954
  0.20000000       0.38557837E-02   0.10683742       0.20000000       0.54774656E-02   -1.4993633       -1.9951593
  0.25000000       0.51443589E-02   0.11163187       0.25000000       0.89263984E-02   -1.4986976       -1.9923760
  0.30000000       0.67240864E-02   0.11650770       0.30000000       0.13474139E-01   -1.4975999       -1.9889259
  0.35000000       0.11865201E-01   0.12146449       0.35000000       0.19288415E-01   -1.4959192       -1.9847923
  0.40000000       0.19040880E-01   0.12650180       0.40000000       0.26543528E-01   -1.4934914       -1.9799650
  0.45000000       0.28651267E-01   0.13161915       0.45000000       0.35701656E-01   -1.4897986       -1.9744997
  0.50000000       0.41041415E-01   0.13681602       0.50000000       0.46792899E-01   -1.4847807       -1.9684264
  0.55000000       0.56516632E-01   0.14209186       0.55000000       0.59922174E-01   -1.4782749       -1.9618030
  0.60000000       0.74731345E-01   0.14744609       0.60000000       0.75193542E-01   -1.4700903       -1.9547162
  0.65000000       0.96474622E-01   0.15287809       0.65000000       0.92673035E-01   -1.4600490       -1.9472779
  0.70000000       0.12104812       0.15838721       0.70000000       0.11238540       -1.4479895       -1.9396251
  0.75000000       0.14922363       0.16397278       0.75000000       0.13451563       -1.4332415       -1.9322429
  0.80000000       0.18230436       0.16963406       0.80000000       0.15885077       -1.4155962       -1.9255530
  0.85000000       0.22364275       0.17537032       0.85000000       0.18495104       -1.3954681       -1.9195809
  0.90000000       0.27658807       0.18118077       0.90000000       0.21255064       -1.3728443       -1.9146050
  0.95000000       0.33454524       0.18706459       0.95000000       0.24133756       -1.3477532       -1.9109092
  1.0000000       0.40387028       0.19302093        1.0000000       0.27077850       -1.3198452       -1.9093763
  1.0500000       0.49103751       0.19904890        1.0500000       0.29989653       -1.2889931       -1.9111104
  1.1000000       0.58407427       0.20514760        1.1000000       0.32832062       -1.2562633       -1.9154160
  1.1500000       0.67369958       0.21131608        1.1500000       0.35553638       -1.2219826       -1.9224811
  1.2000000       0.74150515       0.21755335        1.2000000       0.38104343       -1.1865304       -1.9324261
  1.2500000       0.77782055       0.22385840        1.2500000       0.40281507       -1.1501082       -1.9470767
  1.3000000       0.78125256       0.23023018        1.3000000       0.42034550       -1.1138176       -1.9658369
  1.3500000       0.74394339       0.23666762        1.3500000       0.43403766       -1.0785592       -1.9874031
  1.4000000       0.64253667       0.24316961        1.4000000       0.44363013       -1.0450272       -2.0113427
  1.4500000       0.56287344       0.24973502        1.4500000       0.44845556       -1.0140818       -2.0374626
  1.5000000       0.47872015       0.25636266        1.5000000       0.44504244      -0.98793944       -2.0670181
  1.5500000       0.36224441       0.26305134        1.5500000       0.43693367      -0.96680205       -2.0962643
  1.6000000       0.29558666       0.26979983        1.6000000       0.42442227      -0.95145673       -2.1241210
  1.6500000       0.23624744       0.27660686        1.6500000       0.40786232      -0.94263295       -2.1495047
  1.7000000       0.19769344       0.28347115        1.7000000       0.38417898      -0.94390232       -2.1719187
  1.7500000       0.13306015       0.29039137        1.7500000       0.35644409      -0.95494241       -2.1886135
  1.8000000       0.69396925E-01   0.29736617        1.8000000       0.32640575      -0.97530771       -2.1982865
  1.8500000       0.47617020E-02   0.30439418        1.8500000       0.29444104       -1.0052397       -2.2003193
  1.9000000      -0.50910115E-01   0.31147399        1.9000000       0.25937637       -1.0473441       -2.1932795
  1.9500000      -0.88914934E-01   0.31860415        1.9500000       0.22179266       -1.1026582       -2.1755491
  2.0000000      -0.10361356       0.32578322        2.0000000       0.18336053       -1.1678305       -2.1488089
  2.0500000      -0.82943831E-01   0.33300970        2.0500000       0.14341425       -1.2421187       -2.1144670
  2.1000000      -0.15021258E-01   0.34028208        2.1000000       0.10111096       -1.3264082       -2.0724808
  2.1500000       0.71152035E-01   0.34759881        2.1500000       0.56092716E-01   -1.4244895       -2.0194178
  2.2000000       0.18337801       0.35495833        2.2000000       0.65274672E-02   -1.5279547       -1.9655178
  2.2500000       0.25385667       0.36235905        2.2500000      -0.49789620E-01   -1.6348102       -1.9149794
  2.3000000       0.25993854       0.36979934        2.3000000      -0.11461444       -1.7429848       -1.8716297
  2.3500000       0.17690764       0.37727757        2.3500000      -0.19102580       -1.8533122       -1.8377136
  2.4000000       0.83462838E-01   0.38479208        2.4000000      -0.27957383       -1.9579990       -1.8215748
  2.4500000      -0.79088292E-01   0.39234116        2.4500000      -0.37499314       -2.0498738       -1.8251194
  2.5000000      -0.21960726       0.39992313        2.5000000      -0.46736810       -2.1197423       -1.8476258
  2.5500000      -0.36339286       0.40753623        2.5500000      -0.56686869       -2.1985801       -1.8682886
  2.6000000      -0.49261909       0.41517872        2.6000000      -0.66485189       -2.2688947       -1.8959572
  2.6500000      -0.60178791       0.42284882        2.6500000      -0.75344549       -2.3224565       -1.9309890
  2.7000000      -0.68926279       0.43054475        2.7000000      -0.82678502       -2.3564497       -1.9703353
  2.7500000      -0.76663793       0.43826467        2.7500000      -0.88844477       -2.3761676       -2.0122772
  2.8000000      -0.83549798       0.44600677        2.8000000      -0.93529985       -2.3784783       -2.0568216
  2.8500000      -0.89201750       0.45376919        2.8500000      -0.96077436       -2.3605293       -2.1002450
  2.9000000      -0.93047761       0.46155005        2.9000000      -0.96113627       -2.3225016       -2.1386347
  2.9500000      -0.94416799       0.46934748        2.9500000      -0.93728353       -2.2658529       -2.1714306
  3.0000000      -0.92814030       0.47715957        3.0000000      -0.88956556       -2.1928628       -2.1967028
  3.0500000      -0.88592450       0.48498439        3.0500000      -0.81493381       -2.1050022       -2.2099316
  3.1000000      -0.83664633       0.49282002        3.1000000      -0.71300846       -2.0042363       -2.2087722
  3.1500000      -0.77538779       0.50066451        3.1500000      -0.58538694       -1.8909755       -2.1944115
  3.2000000      -0.70061269       0.50851590        3.2000000      -0.43404129       -1.7677470       -2.1662942
  3.2500000      -0.59637442       0.51637220        3.2500000      -0.26152777       -1.6392728       -2.1222549
  3.3000000      -0.40678872       0.52423143        3.3000000      -0.72515532E-01   -1.5085745       -2.0639410
  3.3500000      -0.10691372       0.53209160        3.3500000       0.12560885       -1.3790279       -1.9953633
  3.4000000       0.24080834       0.53995068        3.4000000       0.32559830       -1.2541330       -1.9202687
  3.4500000       0.56769576       0.54780667        3.4500000       0.52208188       -1.1364428       -1.8414753
  3.5000000       0.87333761       0.55565752        3.5000000       0.70715051       -1.0286032       -1.7642463
  3.5500000        1.1376745       0.56350120        3.5500000       0.87354030      -0.93256172       -1.6938980
  3.6000000        1.3213211       0.57133566        3.6000000        1.0142489      -0.85029635       -1.6354547
  3.6500000        1.4397989       0.57915885        3.6500000        1.1206439      -0.78457102       -1.5947851
  3.7000000        1.4888290       0.58696871        3.7000000        1.1868407      -0.73668573       -1.5764736
  3.7500000        1.4466247       0.59476317        3.7500000        1.2083057      -0.70755506       -1.5841392
  3.8000000        1.3054115       0.60254015        3.8000000        1.1827822      -0.69754456       -1.6196732
  3.8500000        1.0914310       0.61029758        3.8500000        1.1116050      -0.70616169       -1.6822333
  3.9000000       0.84905285       0.61803338        3.9000000       0.99727501      -0.73277319       -1.7699518
  3.9500000       0.61142941       0.62574547        3.9500000       0.84458963      -0.77618251       -1.8792279
  4.0000000       0.39384299       0.63343177        4.0000000       0.66060293      -0.83459042       -2.0048067
  4.0500000       0.21667934       0.64109018        4.0500000       0.45407570      -0.90667248       -2.1392518
  4.1000000       0.25645854E-01   0.64871862        4.1000000       0.23514881      -0.99029464       -2.2745566
  4.1500000      -0.17351813       0.65631501        4.1500000       0.14951895E-01   -1.0829462       -2.4021019
  4.2000000      -0.36552506       0.66387725        4.2000000      -0.19402410       -1.1816693       -2.5123548
  4.2500000      -0.54147327       0.67140328        4.2500000      -0.38152210       -1.2848349       -2.5966872
  4.3000000      -0.67228767       0.67889100        4.3000000      -0.53799129       -1.3897728       -2.6482185
  4.3500000      -0.73370419       0.68633834        4.3500000      -0.65556131       -1.4939416       -2.6616197
  4.4000000      -0.71625543       0.69374323        4.4000000      -0.72753922       -1.5958929       -2.6316463
  4.4500000      -0.62790700       0.70110360        4.4500000      -0.75247020       -1.6921241       -2.5603461
  4.5000000      -0.49954581       0.70841739        4.5000000      -0.73085370       -1.7803708       -2.4504829
  4.5500000      -0.37030021       0.71568255        4.5500000      -0.66606872       -1.8586877       -2.3073810
  4.6000000      -0.27904227       0.72289702        4.6000000      -0.56403757       -1.9265506       -2.1374869
  4.6500000      -0.25110657       0.73005877        4.6500000      -0.43511930       -1.9819072       -1.9532121
  4.7000000      -0.26649031       0.73716578        4.7000000      -0.28970735       -2.0237672       -1.7659401
  4.7500000      -0.28293332       0.74421601        4.7500000      -0.13915246       -2.0515333       -1.5876192
  4.8000000      -0.26613297       0.75120746        4.8000000       0.15039504E-02   -2.0665109       -1.4319851
  4.8500000      -0.20315249       0.75813813        4.8500000       0.12378860       -2.0674298       -1.3087816
  4.9000000      -0.81049097E-01   0.76500604        4.9000000       0.21866280       -2.0547470       -1.2265902
  4.9500000       0.90671232E-01   0.77180921        4.9500000       0.27918764       -2.0292779       -1.1915344
  5.0000000       0.28882438       0.77854569        5.0000000       0.29836413       -1.9930085       -1.2086274
  5.0500000       0.45522116       0.78521352        5.0500000       0.27645607       -1.9461774       -1.2773665
  5.1000000       0.52394456       0.79181078        5.1000000       0.21564397       -1.8903354       -1.3940206
  5.1500000       0.47040234       0.79833555        5.1500000       0.12104799       -1.8272723       -1.5516797
  5.2000000       0.31052525       0.80478595        5.2000000      -0.42012832E-03   -1.7587479       -1.7416723
  5.2500000       0.73978886E-01   0.81116009        5.2500000      -0.13711910       -1.6864220       -1.9506971
  5.3000000      -0.20981964       0.81745610        5.3000000      -0.27741415       -1.6123439       -2.1650702
  5.3500000      -0.51402770       0.82367214        5.3500000      -0.40926182       -1.5385459       -2.3707160
  5.4000000      -0.80574101       0.82980639        5.4000000      -0.52127680       -1.4669154       -2.5543614
  5.4500000       -1.0035612       0.83585705        5.4500000      -0.60140065       -1.3990719       -2.7023288
  5.5000000       -1.0461352       0.84182233        5.5000000      -0.64110981       -1.3366551       -2.8044547
  5.5500000      -0.84549942       0.84770049        5.5500000      -0.63483643       -1.2810991       -2.8537374
  5.6000000      -0.57997391       0.85348977        5.6000000      -0.57810687       -1.2325073       -2.8455996
  5.6500000      -0.22028863       0.85918847        5.6500000      -0.47385849       -1.1927221       -2.7811364
  5.7000000       0.11866951       0.86479489        5.7000000      -0.32752786       -1.1626362       -2.6648916
  5.7500000       0.34332804       0.87030738        5.7500000      -0.14739245       -1.1426505       -2.5047420
  5.8000000       0.43901192       0.87572428        5.8000000       0.58028151E-01   -1.1321302       -2.3098417
  5.8500000       0.43829413       0.88104398        5.8500000       0.27410891       -1.1315874       -2.0943036
  5.9000000       0.40593267       0.88626490        5.9000000       0.48599223       -1.1407606       -1.8732472
  5.9500000       0.39942131       0.89138547        5.9500000       0.67924286       -1.1589558       -1.6618014
  6.0000000       0.45547096       0.89640416        6.0000000       0.84154911       -1.1846124       -1.4738385
  6.0500000       0.56957838       0.90131947        6.0500000       0.95898310       -1.2175013       -1.3235156
  6.1000000       0.70675580       0.90612991        6.1000000        1.0222480       -1.2565799       -1.2211721
  6.1500000       0.82598943       0.91083404        6.1500000        1.0261000       -1.3004639       -1.1734362
  6.2000000       0.91860522       0.91543045        6.2000000       0.96927246       -1.3476851       -1.1830425
  6.2500000       0.95900641       0.91991774        6.2500000       0.85458001       -1.3967400       -1.2486800
  6.3000000       0.91952105       0.92429457        6.3000000       0.68873239       -1.4461373       -1.3651303
  6.3500000       0.80559609       0.92855960        6.3500000       0.48187410       -1.4944436       -1.5236823
  6.4000000       0.61408891       0.93271156        6.4000000       0.24688388       -1.5403253       -1.7127908
  6.4500000       0.33695471       0.93674917        6.4500000      -0.15140364E-02   -1.5825856       -1.9189284
  6.5000000       0.13940221E-01   0.94067122        6.5000000      -0.25019021       -1.6212740       -2.1289162
  6.5500000      -0.35039833       0.94447651        6.5500000      -0.48164961       -1.6550749       -2.3265747
  6.6000000      -0.70695811       0.94816389        6.6000000      -0.68048370       -1.6828866       -2.4975971
  6.6500000       -1.0251701       0.95173223        6.6500000      -0.83459274       -1.7041732       -2.6304196
  6.7000000       -1.2191749       0.95518045        6.7000000      -0.93504836       -1.7186220       -2.7164263
  6.7500000       -1.2843937       0.95850750        6.7500000      -0.97665472       -1.7261438       -2.7505109
  6.8000000       -1.2383607       0.96171235        6.8000000      -0.95823657       -1.7268652       -2.7313714
  6.8500000       -1.0620235       0.96479404        6.8500000      -0.88263876       -1.7211152       -2.6615236
  6.9000000      -0.80542408       0.96775163        6.9000000      -0.75644276       -1.7094053       -2.5470374
  6.9500000      -0.52491428       0.97058419        6.9500000      -0.58942653       -1.6924047       -2.3970218
  7.0000000      -0.23554629       0.97329088        7.0000000      -0.39337167       -1.6714654       -2.2219062
  7.0500000       0.27464327E-01   0.97587085        7.0500000      -0.18228120       -1.6468861       -2.0353951
  7.1000000       0.22535024       0.97832333        7.1000000       0.29118871E-01   -1.6192727       -1.8516084
  7.1500000       0.38031091       0.98064755        7.1500000       0.22680502       -1.5895943       -1.6836006
  7.2000000       0.48176994       0.98284280        7.2000000       0.39824313       -1.5588382       -1.5429187
  7.2500000       0.54931797       0.98490841        7.2500000       0.53321788       -1.5279773       -1.4388048
  7.3000000       0.58161116       0.98684375        7.3000000       0.62446810       -1.4979404       -1.3775914
  7.3500000       0.57800634       0.98864822        7.3500000       0.66808805       -1.4695847       -1.3623273
  7.4000000       0.54313213       0.99032126        7.4000000       0.66367282       -1.4436715       -1.3926557
  7.4500000       0.47787830       0.99186236        7.4500000       0.61420613       -1.4208475       -1.4649463
  7.5000000       0.38351757       0.99327105        7.5000000       0.52579586       -1.4011244       -1.5730797
  7.5500000       0.27075688       0.99454689        7.5500000       0.40686027       -1.3849790       -1.7081608
  7.6000000       0.14138557       0.99568948        7.6000000       0.26768285       -1.3729744       -1.8593427
  7.6500000       0.19177526E-01   0.99669849        7.6500000       0.11956235       -1.3652762       -2.0151615
  7.7000000      -0.77131493E-01   0.99757359        7.7000000      -0.26128646E-01   -1.3619088       -2.1642199
  7.7500000      -0.13544412       0.99831452        7.7500000      -0.15878392       -1.3627618       -2.2960221
  7.8000000      -0.14813277       0.99892104        7.8000000      -0.26931143       -1.3675995       -2.4017119
  7.8500000      -0.15034427       0.99939298        7.8500000      -0.35073661       -1.3760745       -2.4746622
  7.9000000      -0.17283366       0.99973018        7.9000000      -0.39862197       -1.3877436       -2.5108783
  7.9500000      -0.21619551       0.99993254        7.9500000      -0.41127886       -1.4020873       -2.5091915
  8.0000000      -0.26173042        1.0000000        8.0000000      -0.38968178       -1.4184245       -2.4712573
  8.0500000      -0.29769431       0.99993254        8.0500000      -0.33732762       -1.4363129       -2.4010148
  8.1000000      -0.31305814       0.99973018        8.1000000      -0.26002253       -1.4552331       -2.3047894
  8.1500000      -0.26415178       0.99939298        8.1500000      -0.16519358       -1.4745581       -2.1906355
  8.2000000      -0.21616573       0.99892104        8.2000000      -0.61268873E-01   -1.4936779       -2.0675910
  8.2500000      -0.13424525       0.99831452        8.2500000       0.43012859E-01   -1.5120185       -1.9449687
  8.3000000      -0.43592041E-01   0.99757359        8.3000000       0.13928593       -1.5290585       -1.8316556
  8.3500000       0.10242111       0.99669849        8.3500000       0.22018292       -1.5443429       -1.7354742
  8.4000000       0.22439451       0.99568948        8.4000000       0.27985614       -1.5574947       -1.6626492
  8.4500000       0.31998648       0.99454689        8.4500000       0.31436008       -1.5682228       -1.6174171
  8.5000000       0.38888906       0.99327105        8.5000000       0.32200557       -1.5764578       -1.6015366
  8.5500000       0.40930032       0.99186236        8.5500000       0.30300870       -1.5820473       -1.6149440
  8.6000000       0.37059248       0.99032126        8.6000000       0.25958377       -1.5848529       -1.6555633
  8.6500000       0.29000532       0.98864822        8.6500000       0.19587661       -1.5849309       -1.7191925
  8.7000000       0.16720849       0.98684375        8.7000000       0.11745049       -1.5824212       -1.8001283
  8.7500000       0.25878518E-01   0.98490841        8.7500000       0.30803198E-01   -1.5775384       -1.8916584
  8.8000000      -0.14052509       0.98284280        8.8000000      -0.57167039E-01   -1.5705613       -1.9866058
  8.8500000      -0.27159267       0.98064755        8.8500000      -0.13970359       -1.5618202       -2.0778834
  8.9000000      -0.34121056       0.97832333        8.9000000      -0.21069973       -1.5516841       -2.1590157
  8.9500000      -0.38046024       0.97587085        8.9500000      -0.26513587       -1.5405459       -2.2245900
  9.0000000      -0.37885007       0.97329088        9.0000000      -0.29968783       -1.5287603       -2.2709275
  9.0500000      -0.16426397       0.97058419        9.0500000      -0.31225269       -1.5167116       -2.2955411
  9.1000000      -0.19076859       0.96775163        9.1000000      -0.30222810       -1.5048304       -2.2973977
  9.1500000      -0.29369177       0.96479404        9.1500000      -0.27096749       -1.4934847       -2.2774828
  9.2000000      -0.23427832       0.96171235        9.2000000      -0.22135205       -1.4830046       -2.2383475
  9.2500000      -0.16489402       0.95850750        9.2500000      -0.15751401       -1.4736733       -2.1838407
  9.3000000      -0.81122290E-01   0.95518045        9.3000000      -0.84477341E-01   -1.4657204       -2.1187569
  9.3500000       0.18330121E-01   0.95173223        9.3500000      -0.77469597E-02   -1.4593175       -2.0484294
  9.4000000       0.12440329       0.94816389        9.4000000       0.67120025E-01   -1.4545757       -1.9783042
  9.4500000       0.22960705       0.94447651        9.4500000       0.13492763       -1.4515455       -1.9135269
  9.5000000       0.30960105       0.94067122        9.5000000       0.19141260       -1.4501867       -1.8584007
  9.5500000       0.36090450       0.93674917        9.5500000       0.23314824       -1.4504603       -1.8163915
  9.6000000       0.38158926       0.93271156        9.6000000       0.25765221       -1.4522938       -1.7900540
  9.6500000       0.37854595       0.92855960        9.6500000       0.26396420       -1.4555310       -1.7805048
  9.7000000       0.35902003       0.92429457        9.7000000       0.25247003       -1.4599785       -1.7875515
  9.7500000       0.27967155       0.91991774        9.7500000       0.22480937       -1.4654147       -1.8097760
  9.8000000       0.15759644       0.91543045        9.8000000       0.18369450       -1.4715990       -1.8447065
  9.8500000       0.38418096E-01   0.91083404        9.8500000       0.13265858       -1.4782811       -1.8890603
  9.9000000      -0.79518729E-01   0.90612991        9.9000000       0.75755806E-01   -1.4852103       -1.9390339
  9.9500000      -0.15607891       0.90131947        9.9500000       0.17238477E-01   -1.4921436       -1.9906179
  10.000000      -0.19671397       0.89640416        10.000000      -0.38946255E-01   -1.4988861       -2.0400602
  10.050000      -0.20874503       0.89138547        10.050000      -0.89256548E-01   -1.5052693       -2.0839873
  10.100000      -0.18361962       0.88626490        10.100000      -0.13040584       -1.5110837       -2.1193221
  10.150000      -0.16488466       0.88104398        10.150000      -0.16007333       -1.5161724       -2.1439010
  10.200000      -0.14946509       0.87572428        10.200000      -0.17689644       -1.5204123       -2.1564841
  10.250000      -0.13212687       0.87030738        10.250000      -0.18051638       -1.5237168       -2.1567996
  10.300000      -0.13035623       0.86479489        10.300000      -0.17154634       -1.5260361       -2.1455102
  10.350000      -0.12515665       0.85918847        10.350000      -0.15146907       -1.5273567       -2.1241124
  10.400000      -0.11481550       0.85348977        10.400000      -0.12247542       -1.5276996       -2.0947758
  10.450000      -0.97879214E-01   0.84770049        10.450000      -0.87259534E-01   -1.5271176       -2.0601420
  10.500000      -0.61323866E-01   0.84182233        10.500000      -0.48788553E-01   -1.5256912       -2.0230974
  10.550000      -0.97149349E-01   0.83585705        10.550000      -0.10065890E-01   -1.5235241       -1.9865418
  10.600000      -0.10297124       0.82980639        10.600000       0.26093713E-01   -1.5207383       -1.9531680
  10.650000       0.68948418E-01   0.82367214        10.650000       0.57260924E-01   -1.5174686       -1.9252705
  10.700000       0.91909279E-01   0.81745610        10.700000       0.81547158E-01   -1.5138569       -1.9045959
  10.750000       0.14092233       0.81116009        10.750000       0.97709245E-01   -1.5100473       -1.8922434
  10.800000       0.18613482       0.80478595        10.800000       0.10519860       -1.5061807       -1.8886207
  10.850000       0.18289099       0.79833555        10.850000       0.10415465       -1.5023899       -1.8934555
  10.900000       0.15952964       0.79181078        10.900000       0.95346548E-01   -1.4987961       -1.9058574
  10.950000       0.12672139       0.78521352        10.950000       0.80070946E-01   -1.4955052       -1.9244239
  11.000000       0.91713700E-01   0.77854569        11.000000       0.60036863E-01   -1.4925583       -1.9474049
  11.050000       0.54777422E-01   0.77180921        11.050000       0.37051522E-01   -1.4899929       -1.9729556
  11.100000       0.18590856E-01   0.76500604        11.100000       0.13065604E-01   -1.4879225       -1.9990119
  11.150000       0.71904628E-02   0.75813813        11.150000      -0.99560560E-02   -1.4863870       -2.0235691
  11.200000      -0.56749309E-02   0.75120746        11.200000      -0.30262166E-01   -1.4854054       -2.0448568
  11.250000      -0.42507967E-01   0.74421601        11.250000      -0.46437443E-01   -1.4849764       -2.0614611
  11.300000      -0.60282149E-01   0.73716578        11.300000      -0.57490941E-01   -1.4850797       -2.0724112
  11.350000      -0.73088601E-01   0.73005877        11.350000      -0.62905478E-01   -1.4856782       -2.0772273
  11.400000      -0.88986856E-01   0.72289702        11.400000      -0.62646735E-01   -1.4867196       -2.0759271
  11.450000      -0.82806914E-01   0.71568255        11.450000      -0.57133879E-01   -1.4881401       -2.0689938
  11.500000      -0.76713537E-01   0.70841739        11.500000      -0.47176449E-01   -1.4898666       -2.0573098
  11.550000      -0.79521478E-01   0.70110360        11.550000      -0.33884636E-01   -1.4918204       -2.0420643
  11.600000      -0.61006066E-01   0.69374323        11.600000      -0.18561701E-01   -1.4939198       -2.0246419
  11.650000      -0.49746607E-01   0.68633834        11.650000      -0.25881585E-02   -1.4960835       -2.0065046
  11.700000      -0.57184709E-01   0.67889100        11.700000       0.12692617E-01   -1.4982335       -1.9890738
  11.750000       0.14535912E-01   0.67140328        11.750000       0.26078450E-01   -1.5002973       -1.9736242
  11.800000       0.27305525E-01   0.66387725        11.800000       0.36594526E-01   -1.5022103       -1.9611952
  11.850000       0.49468030E-01   0.65631501        11.850000       0.43556043E-01   -1.5039173       -1.9525267
  11.900000       0.78014154E-01   0.64871862        11.900000       0.46603901E-01   -1.5053741       -1.9480220
  11.950000       0.71530101E-01   0.64109018        11.950000       0.45712399E-01   -1.5065482       -1.9477394
  12.000000       0.46646798E-01   0.63343177        12.000000       0.41205814E-01   -1.5074272       -1.9513670
  12.050000       0.44857066E-01   0.62574547        12.050000       0.33619704E-01   -1.5080032       -1.9583771
  12.100000       0.37511498E-01   0.61803338        12.100000       0.23643222E-01   -1.5082639       -1.9680929
  12.150000       0.32096574E-01   0.61029758        12.150000       0.12182758E-01   -1.5082218       -1.9795955
  12.200000       0.11376842E-01   0.60254015        12.200000       0.21238523E-03   -1.5078991       -1.9918885
  12.250000      -0.29029985E-02   0.59476317        12.250000      -0.11306772E-01   -1.5073266       -2.0039802
  12.300000      -0.15487696E-04   0.58696871        12.300000      -0.21501281E-01   -1.5065416       -2.0149597
  12.350000      -0.12514363E-01   0.57915885        12.350000      -0.29648697E-01   -1.5055865       -2.0240622
  12.400000      -0.36432497E-01   0.57133566        12.400000      -0.35225164E-01   -1.5045066       -2.0307185
  12.450000      -0.42499664E-01   0.56350120        12.450000      -0.37934519E-01   -1.5033486       -2.0345860
  12.500000      -0.32108622E-01   0.55565752        12.500000      -0.37717809E-01   -1.5021584       -2.0355594
  12.550000      -0.27772668E-01   0.54780667        12.550000      -0.34743682E-01   -1.5009800       -2.0337637
  12.600000      -0.37137163E-01   0.53995068        12.600000      -0.29381629E-01   -1.4998538       -2.0295278
  12.650000      -0.41116984E-01   0.53209160        12.650000      -0.22161289E-01   -1.4988154       -2.0233459
  12.700000      -0.32473433E-01   0.52423143        12.700000      -0.13721871E-01   -1.4978947       -2.0158271
  12.750000      -0.20369351E-01   0.51637220        12.750000      -0.47563154E-02   -1.4971153       -2.0076410
  12.800000       0.13039050E-01   0.50851590        12.800000       0.40451068E-02   -1.4964940       -1.9994609
  12.850000       0.52661005E-01   0.50066451        12.850000       0.12047324E-01   -1.4960409       -1.9919118
  12.900000       0.57082957E-01   0.49282002        12.900000       0.18715276E-01   -1.4957591       -1.9855256
  12.950000       0.56350334E-01   0.48498439        12.950000       0.23648035E-01   -1.4956457       -1.9807063
  13.000000       0.52140453E-01   0.47715957        13.000000       0.26627377E-01   -1.4956918       -1.9776809
  13.050000       0.46935985E-01   0.46934748        13.050000       0.27577014E-01   -1.4958839       -1.9765391
  13.100000       0.30873427E-01   0.46155005        13.100000       0.26510787E-01   -1.4962042       -1.9772850
  13.150000       0.27341361E-01   0.45376919        13.150000       0.23639989E-01   -1.4966317       -1.9797283
  13.200000       0.19339525E-01   0.44600677        13.200000       0.19296990E-01   -1.4971429       -1.9835601
  13.250000       0.10002855E-01   0.43826467        13.250000       0.13901704E-01   -1.4977132       -1.9883851
  13.300000       0.64504852E-02   0.43054475        13.300000       0.79235658E-02   -1.4983179       -1.9937586
  13.350000       0.11995900E-01   0.42284882        13.350000       0.18423035E-02   -1.4989329       -1.9992248
  13.400000       0.42866831E-02   0.41517872        13.400000      -0.38893472E-02   -1.4995357       -2.0043537
  13.450000       0.69249193E-04   0.40753623        13.450000      -0.88782048E-02   -1.5001059       -2.0087723
  13.500000      -0.33140559E-01   0.39992313        13.500000      -0.12816272E-01   -1.5006260       -2.0121902
  13.550000      -0.36089497E-01   0.39234116        13.550000      -0.15497924E-01   -1.5010818       -2.0144161
  13.600000      -0.23168939E-01   0.38479208        13.600000      -0.16827919E-01   -1.5014622       -2.0153657
  13.650000      -0.30001237E-01   0.37727757        13.650000      -0.16820280E-01   -1.5017601       -2.0150602
  13.700000      -0.36938372E-01   0.36979934        13.700000      -0.15588796E-01   -1.5019716       -2.0136172
  13.750000      -0.18948447E-01   0.36235905        13.750000      -0.13330520E-01   -1.5020964       -2.0112341
  13.800000      -0.29067718E-01   0.35495833        13.800000      -0.10304071E-01   -1.5021373       -2.0081667
  13.850000      -0.37850734E-01   0.34759881        13.850000      -0.68048423E-02   -1.5021000       -2.0047048
  13.900000      -0.31803649E-01   0.34028208        13.900000      -0.31392834E-02   -1.5019923       -2.0011470
  13.950000      -0.22137451E-01   0.33300970        13.950000       0.39963950E-03   -1.5018241       -1.9977763
  14.000000       0.11399567E-02   0.32578322        14.000000       0.35614417E-02   -1.5016081       -1.9948305
  14.050000       0.13724417E-02   0.31860415        14.050000       0.61505991E-02   -1.5013551       -1.9924943
  14.100000      -0.29110444E-01   0.31147399        14.100000       0.80071129E-02   -1.5010730       -1.9909199
  14.150000      -0.22399728E-01   0.30439418        14.150000       0.90525576E-02   -1.5007744       -1.9901730
  14.200000      -0.62591570E-02   0.29736617        14.200000       0.92790474E-02   -1.5004715       -1.9902495
  14.250000      -0.14559643E-01   0.29039137        14.250000       0.87440263E-02   -1.5001756       -1.9910804
  14.300000      -0.37271572E-01   0.28347115        14.300000       0.75602852E-02   -1.4998969       -1.9925428
  14.350000      -0.28454692E-01   0.27660686        14.350000       0.58823783E-02   -1.4996442       -1.9944734
  14.400000      -0.19361700E-01   0.26979983        14.400000       0.38908102E-02   -1.4994247       -1.9966845
  14.450000      -0.49749772E-02   0.26305134        14.450000       0.17754377E-02   -1.4992437       -1.9989809
  14.500000       0.30564452E-02   0.25636266        14.500000      -0.28052057E-03   -1.4991047       -2.0011758
  14.550000      -0.23595038E-01   0.24973502        14.550000      -0.21146312E-02   -1.4990094       -2.0031052
  14.600000      -0.11462933E-01   0.24316961        14.600000      -0.35965612E-02   -1.4989577       -2.0046389
  14.650000       0.11557778E-02   0.23666762        14.650000      -0.46358793E-02   -1.4989479       -2.0056879
  14.700000       0.43747399E-02   0.23023018        14.700000      -0.51859989E-02   -1.4989770       -2.0062090
  14.750000       0.96326188E-01   0.22385840        14.750000      -0.52442583E-02   -1.4990407       -2.0062036
  14.800000       0.60638646E-01   0.21755335        14.800000      -0.48484460E-02   -1.4991337       -2.0057147
  14.850000       0.20615949E-01   0.21131608        14.850000      -0.40703416E-02   -1.4992503       -2.0048200
  14.900000       0.38841418E-01   0.20514760        14.900000      -0.30070382E-02   -1.4993843       -2.0036228
  14.950000       0.27369868E-02   0.19904890        14.950000      -0.17709317E-02   -1.4995292       -2.0022418
  15.000000       0.29686847E-01   0.19302093        15.000000      -0.47888754E-03   -1.4996792       -2.0007997
  15.050000       0.49925921E-01   0.18706459        15.050000       0.76117298E-03   -1.4998294       -1.9994094
  15.100000       0.44704553E-01   0.18118077        15.100000       0.18506149E-02   -1.4999738       -1.9981756
  15.150000       0.51061056E-01   0.17537032        15.150000       0.27095024E-02   -1.5001074       -1.9971831
  15.200000       0.43349483E-01   0.16963406        15.200000       0.32829260E-02   -1.5002261       -1.9964910
  15.250000       0.38513945E-01   0.16397278        15.250000       0.35435623E-02   -1.5003267       -1.9961298
  15.300000       0.52918800E-01   0.15838721        15.300000       0.34917899E-02   -1.5004068       -1.9961014
  15.350000       0.45351330E-01   0.15287809        15.350000       0.31535426E-02   -1.5004652       -1.9963813
  15.400000       0.97942050E-02   0.14744609        15.400000       0.25762515E-02   -1.5005014       -1.9969223
  15.450000      -0.15878260E-01   0.14209186        15.450000       0.18233566E-02   -1.5005160       -1.9976606
  15.500000      -0.19761935E-01   0.13681602        15.500000       0.96794328E-03   -1.5005102       -1.9985219
  15.550000      -0.17138685E-01   0.13161915        15.550000       0.86090966E-04   -1.5004859       -1.9994280
  15.600000      -0.29534973E-01   0.12650180        15.600000      -0.74950479E-03   -1.5004455       -2.0003040
  15.650000      -0.45168047E-01   0.12146449        15.650000      -0.14751420E-02   -1.5003920       -2.0010831
  15.700000      -0.60790365E-01   0.11650770        15.700000      -0.20405591E-02   -1.5003285       -2.0017120
  15.750000      -0.53975500E-01   0.11163187        15.750000      -0.24119523E-02   -1.5002582       -2.0021538
  15.800000      -0.74147416E-01   0.10683742        15.800000      -0.25734318E-02   -1.5001843       -2.0023892
