# data from ifeffit
#------------------------
#   r         chir_mag       chir_mag      chir_re       chir_re
  0.0000000       0.38636650E-01   0.84057202E-02   0.38636650E-01   0.84057202E-02
  0.30679616E-01   0.38950248E-01   0.85578410E-02   0.38947268E-01   0.84989250E-02
  0.61359232E-01   0.39729079E-01   0.90025083E-02   0.39704942E-01   0.87799158E-02
  0.92038847E-01   0.40595446E-01   0.97051677E-02   0.40493131E-01   0.92488138E-02
  0.12271846       0.41185964E-01   0.10614122E-01   0.40905853E-01   0.98970925E-02
  0.15339808       0.41341768E-01   0.11675870E-01   0.40790750E-01   0.10706388E-01
  0.18407769       0.41174591E-01   0.12855391E-01   0.40328979E-01   0.11658905E-01
  0.21475731       0.40992616E-01   0.14150422E-01   0.39899933E-01   0.12754542E-01
  0.24543693       0.41110121E-01   0.15590518E-01   0.39820788E-01   0.14022206E-01
  0.27611654       0.41640251E-01   0.17219646E-01   0.40142700E-01   0.15514744E-01
  0.30679616       0.42434006E-01   0.19071583E-01   0.40657878E-01   0.17287813E-01
  0.33747577       0.43241835E-01   0.21153292E-01   0.41128251E-01   0.19374778E-01
  0.36815539       0.43988872E-01   0.23445993E-01   0.41575012E-01   0.21773118E-01
  0.39883500       0.44969399E-01   0.25920991E-01   0.42393453E-01   0.24450103E-01
  0.42951462       0.46788593E-01   0.28558786E-01   0.44153155E-01   0.27362575E-01
  0.46019424       0.49986773E-01   0.31361123E-01   0.47167034E-01   0.30477482E-01
  0.49087385       0.54578602E-01   0.34352819E-01   0.51114298E-01   0.33782163E-01
  0.52155347       0.59943303E-01   0.37577606E-01   0.55021748E-01   0.37283645E-01
  0.55223308       0.65151640E-01   0.41095615E-01   0.57696867E-01   0.41005005E-01
  0.58291270       0.69416873E-01   0.44987589E-01   0.58386861E-01   0.44986625E-01
  0.61359232       0.72425264E-01   0.49364184E-01   0.57236811E-01   0.49290788E-01
  0.64427193       0.74472089E-01   0.54372461E-01   0.55209180E-01   0.53997790E-01
  0.67495155       0.76352468E-01   0.60190799E-01   0.53480521E-01   0.59179785E-01
  0.70563116       0.78972742E-01   0.67009517E-01   0.52715607E-01   0.64848043E-01
  0.73631078       0.82838376E-01   0.75003710E-01   0.52743053E-01   0.70884070E-01
  0.76699039       0.87828377E-01   0.84310192E-01   0.52889519E-01   0.76974870E-01
  0.79767001       0.93533787E-01   0.95017468E-01   0.52726594E-01   0.82571421E-01
  0.82834963       0.99944190E-01   0.10716910       0.52606458E-01   0.86879547E-01
  0.85902924       0.10799011       0.12077413       0.53425034E-01   0.88882481E-01
  0.88970886       0.11947142       0.13581749       0.55575333E-01   0.87391250E-01
  0.92038847       0.13617247       0.15226737       0.57707301E-01   0.81121903E-01
  0.95106809       0.15872260       0.17008101       0.56215270E-01   0.68800381E-01
  0.98174770       0.18619952       0.18921212       0.46047014E-01   0.49290578E-01
  1.0124273       0.21664611       0.20962147       0.22618602E-01   0.21730889E-01
  1.0431069       0.24787567       0.23128852      -0.16151538E-01  -0.14340809E-01
  1.0737866       0.27811955       0.25421888      -0.68856073E-01  -0.58885331E-01
  1.1044662       0.30642287       0.27844143      -0.13123346      -0.11127435
  1.1351458       0.33277909       0.30399199      -0.19798324      -0.17018865
  1.1658254       0.35797882       0.33088501      -0.26456198      -0.23347624
  1.1965050       0.38318285       0.35907925      -0.32779593      -0.29797331
  1.2271846       0.40934365       0.38844544      -0.38498593      -0.35933869
  1.2578642       0.43671775       0.41874183      -0.43226782      -0.41199386
  1.2885439       0.46470208       0.44959912      -0.46357165      -0.44927680
  1.3192235       0.49205274       0.48051216      -0.47117584      -0.46390233
  1.3499031       0.51733818       0.51083468      -0.44780135      -0.44878352
  1.3805827       0.53939737       0.53977569      -0.38916376      -0.39821412
  1.4112623       0.55762288       0.56640082      -0.29562095      -0.30933411
  1.4419419       0.57198951       0.58964589      -0.17221229      -0.18368286
  1.4726216       0.58284405       0.60835121      -0.27491690E-01  -0.28487514E-01
  1.5033012       0.59054995       0.62132236       0.12771977       0.14281153
  1.5339808       0.59513336       0.62741719       0.28075902       0.31132810
  1.5646604       0.59607760       0.62565179       0.41684811       0.45512967
  1.5953400       0.59234711       0.61531246       0.51929510       0.55315305
  1.6260196       0.58261836       0.59605739       0.57152961       0.58990290
  1.6566993       0.56561365       0.56799222       0.56134288       0.55966016
  1.6873789       0.54041605       0.53170696       0.48605732       0.46875701
  1.7180585       0.50667978       0.48826693       0.35613083       0.33486486
  1.7487381       0.46470408       0.43915719       0.19482486       0.18314628
  1.7794177       0.41538256       0.38618570       0.33154102E-01   0.40232236E-01
  1.8100973       0.36006336       0.33135631      -0.98421007E-01  -0.72159763E-01
  1.8407769       0.30036248       0.27672640      -0.17845537      -0.14195006
  1.8714566       0.23796986       0.22426610      -0.19991202      -0.16833006
  1.9021362       0.17448181       0.17573730      -0.17069929      -0.16001279
  1.9328158       0.11129983       0.13261151      -0.10970584      -0.13102747
  1.9634954       0.49805212E-01   0.96048702E-01  -0.40377030E-01  -0.95764155E-01
  1.9941750       0.15643314E-01   0.66964822E-01   0.15643293E-01  -0.65016556E-01
  2.0248546       0.70176040E-01   0.46176436E-01   0.42977528E-01  -0.44126349E-01
  2.0555343       0.12516350       0.34237918E-01   0.34468194E-01  -0.33354377E-01
  2.0862139       0.17786784       0.29952511E-01  -0.90335616E-02  -0.29754979E-01
  2.1168935       0.22830030       0.29566760E-01  -0.80338268E-01  -0.29448313E-01
  2.1475731       0.27681715       0.29749764E-01  -0.16840543      -0.29342941E-01
  2.1782527       0.32414836       0.29183910E-01  -0.26108297      -0.27867881E-01
  2.2089323       0.37151648       0.27747626E-01  -0.34740866      -0.24818737E-01
  2.2396120       0.42067121       0.25732592E-01  -0.41865048      -0.20749632E-01
  2.2702916       0.47371400       0.23482763E-01  -0.46753667      -0.16365439E-01
  2.3009712       0.53266125       0.21256819E-01  -0.48600950      -0.12174216E-01
  2.3316508       0.59884041       0.19199374E-01  -0.46299907      -0.84188572E-02
  2.3623304       0.67234245       0.17366655E-01  -0.38438730      -0.51603234E-02
  2.3930100       0.75174761       0.15768514E-01  -0.23679890      -0.23746616E-02
  2.4236896       0.83419949       0.14398379E-01  -0.15019874E-01  -0.16208775E-05
  2.4543693       0.91575301       0.13240494E-01   0.26953645       0.20399970E-02
  2.4850489       0.99186262       0.12262773E-01   0.58351998       0.38305842E-02
  2.5157285        1.0578973       0.11411992E-01   0.87343934       0.54082901E-02
  2.5464081        1.1096112       0.10621716E-01    1.0761260       0.67320228E-02
  2.5770877        1.1435324       0.98298658E-02    1.1357875       0.76833460E-02
  2.6077673        1.1572481       0.89950704E-02    1.0222899       0.81176173E-02
  2.6384470        1.1495798       0.81038811E-02   0.74396684       0.79390965E-02
  2.6691266        1.1206466       0.71680119E-02   0.34961708       0.71574783E-02
  2.6998062        1.0718267       0.62153521E-02  -0.82023055E-01   0.58965657E-02
  2.7304858        1.0056273       0.52794574E-02  -0.46255712       0.43569674E-02
  2.7611654       0.92548328       0.43912206E-02  -0.71761172       0.27594830E-02
  2.7918450       0.83550301       0.35747100E-02  -0.80630132       0.12983266E-02
  2.8225246       0.74018032       0.28472251E-02  -0.73032582       0.11685649E-03
  2.8532043       0.64409074       0.22218457E-02  -0.53019192      -0.70016508E-03
  2.8838839       0.55158457       0.17096235E-02  -0.27047476      -0.11295909E-02
  2.9145635       0.46648305       0.13182835E-02  -0.19610392E-01  -0.12116786E-02
  2.9452431       0.39177570       0.10454646E-02   0.16885273      -0.10430522E-02
  2.9759227       0.32931983       0.87080072E-03   0.26776125      -0.75208255E-03
  3.0066023       0.27958462       0.76083172E-03   0.27800565      -0.45926629E-03
  3.0372820       0.24157607       0.68933467E-03   0.22151468      -0.23934050E-03
  3.0679616       0.21313207       0.64980383E-03   0.12969840      -0.10565341E-03
  3.0986412       0.19159790       0.64506688E-03   0.32312554E-01  -0.25550629E-04
  3.1293208       0.17455756       0.66779911E-03  -0.49571792E-01   0.44072222E-04
  3.1600004       0.16023424       0.69743315E-03  -0.10538298       0.12473520E-03
  3.1906800       0.14748286       0.71470020E-03  -0.13299705       0.20770993E-03
  3.2213597       0.13558097       0.71505789E-03  -0.13534964       0.27084569E-03
  3.2520393       0.12404594       0.71289225E-03  -0.11780935       0.30469767E-03
  3.2827189       0.11257706       0.73414295E-03  -0.86972415E-01   0.32640114E-03
  3.3133985       0.10109744       0.79593758E-03  -0.50188476E-01   0.37068084E-03
  3.3440781       0.89822348E-01   0.89029796E-03  -0.14732621E-01   0.46560516E-03
  3.3747577       0.79300593E-01   0.99203410E-03   0.13790042E-01   0.61207115E-03
  3.4054373       0.70413117E-01   0.10769185E-02   0.33137615E-01   0.78230354E-03
  3.4361170       0.64304056E-01   0.11319196E-02   0.44972369E-01   0.93753652E-03
  3.4667966       0.62136212E-01   0.11569773E-02   0.53440952E-01   0.10507097E-02
  3.4974762       0.64596849E-01   0.11616265E-02   0.62204746E-01   0.11173853E-02
  3.5281558       0.71504334E-01   0.11580886E-02   0.71491991E-01   0.11484976E-02
  3.5588354       0.81966567E-01   0.11533734E-02   0.77000924E-01   0.11531420E-02
  3.5895150       0.94804398E-01   0.11450153E-02   0.71574360E-01   0.11267584E-02
  3.6201947       0.10878902       0.11234970E-02   0.49000189E-01   0.10545552E-02
  3.6508743       0.12270817       0.10790359E-02   0.80193816E-02   0.92684226E-03
  3.6815539       0.13540837       0.10077512E-02  -0.45585378E-01   0.75295271E-03
  3.7122335       0.14585948       0.91430645E-03  -0.99984322E-01   0.56156601E-03
  3.7429131       0.15322521       0.81069684E-03  -0.14100113       0.38629999E-03
  3.7735927       0.15691570       0.71169166E-03  -0.15690317       0.24735748E-03
  3.8042724       0.15661123       0.62793752E-03  -0.14233916       0.14320910E-03
  3.8349520       0.15226214       0.56003154E-03  -0.10008159       0.58315203E-04
  3.8656316       0.14408449       0.49898269E-03  -0.40262646E-01  -0.19806628E-04
  3.8963112       0.13258466       0.43367725E-03   0.22345438E-01  -0.88160519E-04
  3.9269908       0.11866139       0.35879645E-03   0.72080401E-01  -0.13065120E-03
  3.9576704       0.10385543       0.27881513E-03   0.96275610E-01  -0.13352914E-03
  3.9883500       0.90796526E-01   0.21033565E-03   0.88529997E-01  -0.10159751E-03
  4.0190297       0.83498270E-01   0.18224367E-03   0.50678069E-01  -0.61867683E-04
  4.0497093       0.85934477E-01   0.20735989E-03  -0.71605151E-02  -0.50642007E-04
  4.0803889       0.98615038E-01   0.25962422E-03  -0.68783102E-01  -0.92395957E-04
  4.1110685       0.11837018       0.31568751E-03  -0.11605836      -0.18489766E-03
  4.1417481       0.14151311       0.36770372E-03  -0.13394722      -0.30035908E-03
  4.1724277       0.16536677       0.41497428E-03  -0.11478940      -0.40090403E-03
  4.2031074       0.18820968       0.45892445E-03  -0.60387347E-01  -0.45710275E-03
  4.2337870       0.20899580       0.50133492E-03   0.18765535E-01  -0.45765375E-03
  4.2644666       0.22716826       0.54388232E-03   0.10664846      -0.40628179E-03
  4.2951462       0.24253514       0.58749943E-03   0.18596039      -0.31179189E-03
  4.3258258       0.25516281       0.63107982E-03   0.24197565      -0.18122341E-03
  4.3565054       0.26527260       0.67040146E-03   0.26503231      -0.21553456E-04
  4.3871851       0.27314707       0.69849989E-03   0.25145535       0.15329874E-03
  4.4178647       0.27906023       0.70774811E-03   0.20329662       0.31881970E-03
  4.4485443       0.28324327       0.69283474E-03   0.12741045       0.44582166E-03
  4.4792239       0.28588648       0.65359991E-03   0.34181529E-01   0.51390457E-03
  4.5099035       0.28716546       0.59694222E-03  -0.64009981E-01   0.52322599E-03
  4.5405831       0.28727144       0.53692185E-03  -0.15452473       0.49529400E-03
  4.5712627       0.28642474       0.49109956E-03  -0.22617413       0.46100313E-03
  4.6019424       0.28485830       0.47105084E-03  -0.27054446       0.44351459E-03
  4.6326220       0.28277160       0.47311685E-03  -0.28268384       0.44754576E-03
  4.6633016       0.28026994       0.48265141E-03  -0.26122709       0.46200657E-03
  4.6939812       0.27731421       0.48793659E-03  -0.20832477       0.47314967E-03
  4.7246608       0.27370605       0.48909561E-03  -0.12971806       0.47787449E-03
  4.7553404       0.26912096       0.49797194E-03  -0.34911891E-01   0.48716124E-03
  4.7860201       0.26318367       0.52913456E-03   0.63083922E-01   0.51738272E-03
  4.8166997       0.25556405       0.58646762E-03   0.14913370       0.57641756E-03
  4.8473793       0.24606676       0.65922286E-03   0.20874770       0.65515780E-03
  4.8780589       0.23469215       0.73066224E-03   0.23168559       0.73064709E-03
  4.9087385       0.22165619       0.78725684E-03   0.21508008       0.77833213E-03
  4.9394181       0.20736812       0.82260024E-03   0.16463661       0.78452860E-03
  4.9700978       0.19237374       0.83736704E-03   0.93140977E-01   0.75081482E-03
  5.0007774       0.17727932       0.83688204E-03   0.16681212E-01   0.68871775E-03
  5.0314570       0.16267530       0.82735746E-03  -0.49975554E-01   0.61024519E-03
  5.0621366       0.14908011       0.81243350E-03  -0.97083900E-01   0.52199133E-03
  5.0928162       0.13692086       0.79205809E-03  -0.12146022       0.42643028E-03
  5.1234958       0.12655735       0.76448690E-03  -0.12566409       0.32740486E-03
  5.1541754       0.11833999       0.72992348E-03  -0.11558468       0.23331243E-03
  5.1848551       0.11267267       0.69319752E-03  -0.97624103E-01   0.15389924E-03
  5.2155347       0.11003407       0.66327211E-03  -0.76490311E-01   0.92723639E-04
  5.2462143       0.11091069       0.64862949E-03  -0.54105422E-01   0.41934606E-04
  5.2768939       0.11563904       0.65082570E-03  -0.29669175E-01  -0.15001015E-04
  5.3075735       0.12423421       0.66218609E-03  -0.68262576E-03  -0.93038177E-04
  5.3382531       0.13631037       0.67030354E-03   0.35340083E-01  -0.19449292E-03
  5.3689328       0.15111983       0.66463777E-03   0.78855888E-01  -0.30532570E-03
  5.3996124       0.16765259       0.64045378E-03   0.12658135      -0.40201442E-03
  5.4302920       0.18474053       0.59952302E-03   0.17088001      -0.46462129E-03
  5.4609716       0.20115196       0.54866638E-03   0.20091558      -0.48708761E-03
  5.4916512       0.21568296       0.49695347E-03   0.20564850      -0.47782696E-03
  5.5223308       0.22724862       0.45221609E-03   0.17786892      -0.45082397E-03
  5.5530105       0.23496837       0.41816817E-03   0.11773253      -0.41428936E-03
  5.5836901       0.23823523       0.39401724E-03   0.34169768E-01  -0.36535268E-03
  5.6143697       0.23675927       0.37691413E-03  -0.56747783E-01  -0.29436141E-03
  5.6450493       0.23057924       0.36480294E-03  -0.13615134      -0.19499093E-03
  5.6757289       0.22004137       0.35724229E-03  -0.18791063      -0.72190228E-04
  5.7064085       0.20574967       0.35436161E-03  -0.20330766       0.57984078E-04
  5.7370881       0.18849611       0.35578101E-03  -0.18316366       0.17618402E-03
  5.7677678       0.16918164       0.36069806E-03  -0.13679845       0.26908926E-03
  5.7984474       0.14873987       0.36856518E-03  -0.78436894E-01   0.33344963E-03
  5.8291270       0.12807492       0.37900991E-03  -0.22540209E-01   0.37271413E-03
  5.8598066       0.10802353       0.39068784E-03   0.20265458E-01   0.39011287E-03
  5.8904862       0.89351570E-01   0.40024193E-03   0.45428626E-01   0.38458690E-03
  5.9211658       0.72793640E-01   0.40268194E-03   0.54437948E-01   0.35311377E-03
  5.9518455       0.59133156E-01   0.39321872E-03   0.52880776E-01   0.29722337E-03
  5.9825251       0.49253916E-01   0.36956722E-03   0.47530360E-01   0.22762200E-03
  6.0132047       0.43917911E-01   0.33380975E-03   0.43595248E-01   0.16206000E-03
  6.0438843       0.43082101E-01   0.29329230E-03   0.43077623E-01   0.11696528E-03
  6.0745639       0.45532766E-01   0.25956697E-03   0.44693169E-01   0.98600132E-04
  6.1052435       0.49612880E-01   0.24291077E-03   0.45169123E-01   0.10032730E-03
  6.1359232       0.54022726E-01   0.24348411E-03   0.41194241E-01   0.10820557E-03
  6.1666028       0.57984750E-01   0.25110736E-03   0.31078094E-01   0.11091241E-03
  6.1972824       0.61131534E-01   0.25589947E-03   0.15401510E-01   0.10674836E-03
  6.2279620       0.63398224E-01   0.25601914E-03  -0.34938893E-02   0.10275665E-03
  6.2586416       0.64948214E-01   0.25824914E-03  -0.22716952E-01   0.10703376E-03
  6.2893212       0.66093083E-01   0.27244900E-03  -0.39962188E-01   0.12044036E-03
  6.3200008       0.67178581E-01   0.30198410E-03  -0.53949779E-01   0.13421112E-03
  6.3506805       0.68445549E-01   0.34012066E-03  -0.64073478E-01   0.13526078E-03
  6.3813601       0.69916821E-01   0.37616054E-03  -0.69703003E-01   0.11501274E-03
  6.4120397       0.71370516E-01   0.40216251E-03  -0.69794551E-01   0.74973610E-04
  6.4427193       0.72414853E-01   0.41566220E-03  -0.63201227E-01   0.24983186E-04
  6.4733989       0.72620431E-01   0.41940858E-03  -0.49531918E-01  -0.24146435E-04
  6.5040785       0.71648299E-01   0.41891659E-03  -0.29964339E-01  -0.67615873E-04
  6.5347582       0.69335014E-01   0.41848469E-03  -0.73885071E-02  -0.10781834E-03
  6.5654378       0.65724172E-01   0.41784410E-03   0.14334176E-01  -0.14913819E-03
  6.5961174       0.61049016E-01   0.41219547E-03   0.31644173E-01  -0.19102369E-03
  6.6267970       0.55675695E-01   0.39563344E-03   0.42401096E-01  -0.22542693E-03
  6.6574766       0.50019040E-01   0.36528876E-03   0.46274576E-01  -0.24121037E-03
  6.6881562       0.44447661E-01   0.32426603E-03   0.44315366E-01  -0.23247177E-03
  6.7188359       0.39204029E-01   0.28303604E-03   0.38110913E-01  -0.20441272E-03
  6.7495155       0.34371802E-01   0.25771491E-03   0.29110604E-01  -0.17201692E-03
  6.7801951       0.29912161E-01   0.26006657E-03   0.18472784E-01  -0.15215412E-03
  6.8108747       0.25757440E-01   0.28527189E-03   0.73386622E-02  -0.15463023E-03
  6.8415543       0.21917287E-01   0.31851841E-03  -0.28820314E-02  -0.17837652E-03
  6.8722339       0.18548066E-01   0.34912754E-03  -0.10595030E-01  -0.21494672E-03
  6.9029135       0.15945473E-01   0.37432511E-03  -0.14516066E-01  -0.25595460E-03
  6.9335932       0.14412249E-01   0.39651337E-03  -0.14245259E-01  -0.29834781E-03
  6.9642728       0.14017358E-01   0.41878197E-03  -0.10478984E-01  -0.34353227E-03
  6.9949524       0.14508946E-01   0.44108872E-03  -0.46529909E-02  -0.39156655E-03
  7.0256320       0.15560689E-01   0.45932586E-03   0.17821133E-02  -0.43576931E-03
  7.0563116       0.17028779E-01   0.46740163E-03   0.79785936E-02  -0.46286219E-03
  7.0869912       0.18963299E-01   0.46025420E-03   0.13793995E-01  -0.45939054E-03
  7.1176709       0.21457730E-01   0.43595687E-03   0.19330482E-01  -0.42008826E-03
  7.1483505       0.24500346E-01   0.39638312E-03   0.24261879E-01  -0.35207643E-03
  7.1790301       0.27929530E-01   0.34660640E-03   0.27455427E-01  -0.27170711E-03
  7.2097097       0.31484835E-01   0.29333983E-03   0.27206126E-01  -0.19621410E-03
  7.2403893       0.34886379E-01   0.24275153E-03   0.22004817E-01  -0.13598122E-03
  7.2710689       0.37896537E-01   0.19829677E-03   0.11426190E-01  -0.92433105E-04
  7.3017486       0.40353345E-01   0.15987153E-03  -0.33436983E-02  -0.62034986E-04
  7.3324282       0.42180176E-01   0.12557609E-03  -0.19608019E-01  -0.42261080E-04
  7.3631078       0.43378861E-01   0.95722296E-04  -0.33830736E-01  -0.34251875E-04
  7.3937874       0.44013022E-01   0.77306087E-04  -0.42591094E-01  -0.40011595E-04
  7.4244670       0.44187537E-01   0.80996672E-04  -0.43494688E-01  -0.56796464E-04
  7.4551466       0.44028414E-01   0.10294755E-03  -0.35817025E-01  -0.73931222E-04
  7.4858262       0.43664756E-01   0.13084253E-03  -0.20773666E-01  -0.75584683E-04
  7.5165059       0.43212236E-01   0.15874973E-03  -0.13682574E-02  -0.48382912E-04
  7.5471855       0.42757154E-01   0.18625422E-03   0.18205494E-01   0.11172846E-04
  7.5778651       0.42342524E-01   0.21540974E-03   0.33555855E-01   0.94588223E-04
  7.6085447       0.41961133E-01   0.24857984E-03   0.41267248E-01   0.18582556E-03
  7.6392243       0.41561265E-01   0.28740338E-03   0.39880443E-01   0.26884331E-03
  7.6699039       0.41066723E-01   0.33292365E-03   0.30278593E-01   0.33278410E-03
  7.7005836       0.40405850E-01   0.38597783E-03   0.15280874E-01   0.37166899E-03
  7.7312632       0.39539083E-01   0.44688210E-03  -0.13963923E-02   0.38012806E-03
  7.7619428       0.38473894E-01   0.51444635E-03  -0.16342486E-01   0.34999992E-03
  7.7926224       0.37259521E-01   0.58518914E-03  -0.27294795E-01   0.27191531E-03
  7.8233020       0.35960659E-01   0.65349149E-03  -0.33342183E-01   0.14178208E-03
  7.8539816       0.34618700E-01   0.71270227E-03  -0.34597555E-01  -0.32290222E-04
  7.8846612       0.33218544E-01   0.75669360E-03  -0.31716471E-01  -0.22816697E-03
  7.9153409       0.31681448E-01   0.78129153E-03  -0.25613822E-01  -0.41534246E-03
  7.9460205       0.29894425E-01   0.78514684E-03  -0.17455256E-01  -0.56536551E-03
  7.9767001       0.27770425E-01   0.76978751E-03  -0.87043895E-02  -0.66111681E-03
  8.0073797       0.25324791E-01   0.73880457E-03  -0.93367012E-03  -0.70000376E-03
  8.0380593       0.22756615E-01   0.69641819E-03   0.46785375E-02  -0.69044903E-03
  8.0687389       0.20518286E-01   0.64603280E-03   0.79090018E-02  -0.64535865E-03
  8.0994186       0.19289165E-01   0.58961050E-03   0.96814467E-02  -0.57740508E-03
  8.1300982       0.19660335E-01   0.52845344E-03   0.11622801E-01  -0.49838005E-03
  8.1607778       0.21635537E-01   0.46528331E-03   0.15129597E-01  -0.42090842E-03
  8.1914574       0.24624376E-01   0.40674033E-03   0.20463485E-01  -0.35877821E-03
  8.2221370       0.27909744E-01   0.36439258E-03   0.26441277E-01  -0.32364019E-03
  8.2528166       0.30948456E-01   0.35027233E-03   0.30940071E-01  -0.31951783E-03
  8.2834963       0.33426171E-01   0.36608491E-03   0.31923866E-01  -0.33928272E-03
  8.3141759       0.35234341E-01   0.39972065E-03   0.28372354E-01  -0.36658922E-03
  8.3448555       0.36432984E-01   0.43540087E-03   0.20588601E-01  -0.38305641E-03
  8.3755351       0.37199297E-01   0.46239119E-03   0.98114357E-02  -0.37656561E-03
  8.4062147       0.37754186E-01   0.47671383E-03  -0.24671504E-02  -0.34551524E-03
  8.4368943       0.38273140E-01   0.47972773E-03  -0.14928948E-01  -0.29664538E-03
  8.4675739       0.38809769E-01   0.47562844E-03  -0.26333337E-01  -0.23857208E-03
  8.4982536       0.39268613E-01   0.46847186E-03  -0.35127962E-01  -0.17603229E-03
  8.5289332       0.39441158E-01   0.45973327E-03  -0.39315498E-01  -0.10889620E-03
  8.5596128       0.39082828E-01   0.44773792E-03  -0.36993139E-01  -0.36051802E-04
  8.5902924       0.37993725E-01   0.42922349E-03  -0.27457769E-01   0.39587388E-04
  8.6209720       0.36077746E-01   0.40174110E-03  -0.12224298E-01   0.10947928E-03
  8.6516516       0.33372850E-01   0.36537422E-03   0.48410806E-02   0.16294325E-03
  8.6823313       0.30055598E-01   0.32313147E-03   0.18651636E-01   0.19326326E-03
  8.7130109       0.26425039E-01   0.28007023E-03   0.24917111E-01   0.20172584E-03
  8.7436905       0.22866640E-01   0.24141266E-03   0.22058366E-01   0.19640792E-03
  8.7743701       0.19785715E-01   0.21019416E-03   0.11981180E-01   0.18652723E-03
  8.8050497       0.17490313E-01   0.18584367E-03  -0.75467305E-03   0.17653337E-03
  8.8357293       0.16042439E-01   0.16527785E-03  -0.10972802E-01   0.16423774E-03
  8.8664090       0.15203876E-01   0.14577738E-03  -0.15093642E-01   0.14410163E-03
  8.8970886       0.14578712E-01   0.12702299E-03  -0.12454399E-01   0.11284274E-03
  8.9277682       0.13823971E-01   0.11105176E-03  -0.52059592E-02   0.72869784E-04
  8.9584478       0.12759172E-01   0.10066006E-03   0.29809521E-02   0.30945668E-04
  8.9891274       0.11375268E-01   0.97530139E-04   0.86340224E-02  -0.66476962E-05
  9.0198070       0.98174163E-02   0.10183738E-03   0.98047248E-02  -0.38407888E-04
  9.0504866       0.83922696E-02   0.11322815E-03   0.65475532E-02  -0.67854199E-04
  9.0811663       0.75808628E-02   0.13076375E-03   0.58363623E-03  -0.99532832E-04
  9.1118459       0.78498440E-02   0.15192967E-03  -0.55101398E-02  -0.13407405E-03
  9.1425255       0.92119844E-02   0.17274270E-03  -0.92116809E-02  -0.16641108E-03
  9.1732051       0.11270142E-01   0.18908633E-03  -0.88262330E-02  -0.18877987E-03
  9.2038847       0.13629648E-01   0.19827981E-03  -0.40099253E-02  -0.19629010E-03
  9.2345643       0.16019915E-01   0.20027987E-03   0.40423896E-02  -0.19073438E-03
  9.2652440       0.18251603E-01   0.19811639E-03   0.12851373E-01  -0.17958611E-03
  9.2959236       0.20178319E-01   0.19688512E-03   0.19392468E-01  -0.17084054E-03
  9.3266032       0.21681907E-01   0.20076393E-03   0.21164245E-01  -0.16758129E-03
  9.3572828       0.22670829E-01   0.20973294E-03   0.17194056E-01  -0.16637370E-03
  9.3879624       0.23083800E-01   0.21959020E-03   0.85046955E-02  -0.16062364E-03
  9.4186420       0.22894629E-01   0.22526984E-03  -0.22438714E-02  -0.14621248E-03
  9.4493217       0.22116096E-01   0.22405078E-03  -0.11820733E-01  -0.12500854E-03
  9.4800013       0.20801405E-01   0.21697853E-03  -0.17697847E-01  -0.10357897E-03
  9.5106809       0.19041685E-01   0.20846514E-03  -0.18916537E-01  -0.88207688E-04
  9.5413605       0.16957824E-01   0.20383486E-03  -0.16171993E-01  -0.80193736E-04
  9.5720401       0.14685040E-01   0.20536709E-03  -0.11188174E-01  -0.75127232E-04
  9.6027197       0.12349778E-01   0.21025826E-03  -0.58235793E-02  -0.66667208E-04
  9.6333993       0.10041831E-01   0.21307120E-03  -0.14113731E-02  -0.51792995E-04
  9.6640790       0.77908699E-02   0.20982997E-03   0.14153902E-02  -0.33362540E-04
  9.6947586       0.55639547E-02   0.20045663E-03   0.25271778E-02  -0.17963386E-04
  9.7254382       0.33119392E-02   0.18903927E-03   0.20545369E-02  -0.10769577E-04
  9.7561178       0.13464583E-02   0.18176164E-03   0.34692238E-03  -0.11477132E-04
  9.7867974       0.25343455E-02   0.18235055E-03  -0.18886238E-02  -0.14530460E-04
  9.8174770       0.53303084E-02   0.18856097E-03  -0.35234875E-02  -0.13461928E-04
  9.8481567       0.83692624E-02   0.19438899E-03  -0.32683715E-02  -0.59227514E-05
  9.8788363       0.11411800E-01   0.19519246E-03  -0.26093591E-03   0.45638241E-05
  9.9095159       0.14264718E-01   0.19084198E-03   0.53219453E-02   0.11523756E-04
  9.9401955       0.16745889E-01   0.18614426E-03   0.12047476E-01   0.10860304E-04
  9.9708751       0.18701652E-01   0.18823895E-03   0.17645594E-01   0.44411356E-05
