# data: r, chi, fit, path1, path2
#------------------------
#   r         chir_mag       chir_mag      chir_mag        chir_mag        chir_re       chir_re
  0.0000000       0.26707228E-01   0.10141895E-01   0.12525567E-01   0.24022246E-02   0.26707228E-01   0.10141895E-01
  0.30679616E-01   0.26752667E-01   0.10296047E-01   0.12614637E-01   0.24047668E-02   0.26746618E-01   0.10255993E-01
  0.61359232E-01   0.26909204E-01   0.10736838E-01   0.12872214E-01   0.24143481E-02   0.26885003E-01   0.10589789E-01
  0.92038847E-01   0.27209766E-01   0.11410142E-01   0.13274724E-01   0.24359813E-02   0.27152271E-01   0.11120185E-01
  0.12271846       0.27640880E-01   0.12253281E-01   0.13796828E-01   0.24753276E-02   0.27523516E-01   0.11816328E-01
  0.15339808       0.28106739E-01   0.13216721E-01   0.14422741E-01   0.25355017E-02   0.27882834E-01   0.12649531E-01
  0.18407769       0.28455767E-01   0.14275577E-01   0.15151420E-01   0.26148290E-02   0.28061803E-01   0.13603333E-01
  0.21475731       0.28559409E-01   0.15430404E-01   0.15995210E-01   0.27073384E-02   0.27942286E-01   0.14679633E-01
  0.24543693       0.28396773E-01   0.16699452E-01   0.16974656E-01   0.28061836E-02   0.27556745E-01   0.15897518E-01
  0.27611654       0.28097694E-01   0.18106113E-01   0.18112458E-01   0.29081725E-02   0.27109711E-01   0.17284457E-01
  0.30679616       0.27914598E-01   0.19667004E-01   0.19428118E-01   0.30168664E-02   0.26895987E-01   0.18863702E-01
  0.33747577       0.28124874E-01   0.21386251E-01   0.20933705E-01   0.31425394E-02   0.27169049E-01   0.20644325E-01
  0.36815539       0.28919517E-01   0.23258308E-01   0.22631183E-01   0.32989983E-02   0.28053409E-01   0.22619354E-01
  0.39883500       0.30367460E-01   0.25276961E-01   0.24512539E-01   0.34990505E-02   0.29556788E-01   0.24772830E-01
  0.42951462       0.32476744E-01   0.27445147E-01   0.26563944E-01   0.37511053E-02   0.31646134E-01   0.27091342E-01
  0.46019424       0.35256982E-01   0.29780790E-01   0.28773908E-01   0.40581372E-02   0.34285343E-01   0.29573224E-01
  0.49087385       0.38685238E-01   0.32317126E-01   0.31143614E-01   0.44181662E-02   0.37362955E-01   0.32231016E-01
  0.52155347       0.42599176E-01   0.35099947E-01   0.33696591E-01   0.48248276E-02   0.40555959E-01   0.35088264E-01
  0.55223308       0.46636050E-01   0.38186346E-01   0.36485311E-01   0.52678614E-02   0.43282238E-01   0.38175924E-01
  0.58291270       0.50301093E-01   0.41648370E-01   0.39593780E-01   0.57345183E-02   0.44874480E-01   0.41532818E-01
  0.61359232       0.53146956E-01   0.45580750E-01   0.43136695E-01   0.62124891E-02   0.44941929E-01   0.45208607E-01
  0.64427193       0.54986738E-01   0.50107445E-01   0.47256169E-01   0.66934907E-02   0.43691287E-01   0.49260923E-01
  0.67495155       0.56052146E-01   0.55380175E-01   0.52116108E-01   0.71755445E-02   0.41934324E-01   0.53736103E-01
  0.70563116       0.56998569E-01   0.61565417E-01   0.57893088E-01   0.76623061E-02   0.40701647E-01   0.58628338E-01
  0.73631078       0.58670883E-01   0.68822886E-01   0.64762763E-01   0.81596044E-02   0.40694340E-01   0.63822582E-01
  0.76699039       0.61697873E-01   0.77283926E-01   0.72883083E-01   0.86715756E-02   0.41980590E-01   0.69036046E-01
  0.79767001       0.66263085E-01   0.87038357E-01   0.82378437E-01   0.91996831E-02   0.44189792E-01   0.73775861E-01
  0.82834963       0.72367304E-01   0.98133199E-01   0.93329658E-01   0.97462856E-02   0.47037028E-01   0.77325533E-01
  0.85902924       0.80385327E-01   0.11058059       0.10577293       0.10321072E-01   0.50650928E-01   0.78763965E-01
  0.88970886       0.91350808E-01   0.12436935       0.11970720       0.10945979E-01   0.55225937E-01   0.77013814E-01
  0.92038847       0.10656387       0.13947571       0.13510707       0.11654140E-01   0.60037523E-01   0.70913629E-01
  0.95106809       0.12673208       0.15587137       0.15193730       0.12481599E-01   0.62500283E-01   0.59309096E-01
  0.98174770       0.15139550       0.17352969       0.17016553       0.13455480E-01   0.58176525E-01   0.41159126E-01
  1.0124273       0.17904982       0.19243071       0.18977136       0.14585463E-01   0.42154743E-01   0.15650835E-01
  1.0431069       0.20770178       0.21256524       0.21075053       0.15863403E-01   0.11255633E-01  -0.17683930E-01
  1.0737866       0.23548674       0.23393606       0.23311414       0.17270117E-01  -0.34224902E-01  -0.58855084E-01
  1.1044662       0.26118139       0.25655371       0.25688238       0.18784083E-01  -0.90420401E-01  -0.10730079
  1.1351458       0.28453006       0.28042489       0.28207274       0.20387111E-01  -0.15161217      -0.16176397
  1.1658254       0.30628857       0.30553363       0.30868286       0.22065377E-01  -0.21265597      -0.22015147
  1.1965050       0.32789866       0.33181760       0.33666857       0.23807484E-01  -0.27043662      -0.27938654
  1.2271846       0.35082774       0.35914363       0.36591923       0.25602408E-01  -0.32330888      -0.33529526
  1.2578642       0.37583159       0.38728615       0.39623257       0.27439196E-01  -0.36896231      -0.38259810
  1.2885439       0.40253432       0.41591093       0.42729201       0.29308138E-01  -0.40240715      -0.41509474
  1.3192235       0.42955937       0.44456429       0.45864891       0.31201686E-01  -0.41583799      -0.42612357
  1.3499031       0.45509495       0.47266750       0.48971197       0.33113490E-01  -0.40086747      -0.40934515
  1.3805827       0.47756452       0.49951625       0.51974553       0.35035627E-01  -0.35192338      -0.35984007
  1.4112623       0.49610845       0.52428714       0.54787873       0.36955875E-01  -0.26874235      -0.27542616
  1.4419419       0.51072606       0.54605432       0.57312774       0.38857585E-01  -0.15655350      -0.15798877
  1.4726216       0.52205852       0.56382009       0.59443271       0.40723536E-01  -0.24246096E-01  -0.14498844E-01
  1.5033012       0.53090502       0.57656164       0.61071055       0.42543009E-01   0.11776281       0.14268993
  1.5339808       0.53766719       0.58329320       0.62092228       0.44319533E-01   0.25825573       0.29665392
  1.5646604       0.54196457       0.58313926       0.62415129       0.46076454E-01   0.38432801       0.42802902
  1.5953400       0.54259431       0.57541145       0.61968576       0.47858756E-01   0.48049919       0.51831029
  1.6260196       0.53783480       0.55967969       0.60709663       0.49731654E-01   0.53005398       0.55373061
  1.6566993       0.52593440       0.53582837       0.58630122       0.51778164E-01   0.51956299       0.52875211
  1.6873789       0.50558256       0.50408958       0.55760367       0.54098242E-01   0.44509950       0.44808628
  1.7180585       0.47622221       0.46504813       0.52170513       0.56810933E-01   0.31680956       0.32641912
  1.7487381       0.43815535       0.41961649       0.47968019       0.60059009E-01   0.15867154       0.18563492
  1.7794177       0.39246237       0.36898076       0.43292033       0.64014002E-01   0.25905936E-02   0.50119253E-01
  1.8100973       0.34079075       0.31452205       0.38304904       0.68879190E-01  -0.12098461      -0.58612672E-01
  1.8407769       0.28508135       0.25771981       0.33181702       0.74889092E-01  -0.19188775      -0.12644748
  1.8714566       0.22730743       0.20004647       0.28098859       0.82305658E-01  -0.20492494      -0.14910828
  1.9021362       0.16932601       0.14286952       0.23223159       0.91412744E-01  -0.16917711      -0.13194004
  1.9328158       0.11309187       0.87413947E-01   0.18702333       0.10251099      -0.10326976      -0.87373121E-01
  1.9634954       0.62743091E-01   0.35347764E-01   0.14658378       0.11591464      -0.29293559E-01  -0.31104349E-01
  1.9941750       0.41101982E-01   0.22167606E-01   0.11184458       0.13195034       0.32363306E-01   0.21688207E-01
  2.0248546       0.73994938E-01   0.67582412E-01   0.83455252E-01   0.15095646       0.66407907E-01   0.59016367E-01
  2.0555343       0.12099998       0.11328751       0.61800372E-01   0.17328004       0.64513398E-01   0.73166261E-01
  2.0862139       0.16866209       0.15798919       0.46921545E-01   0.19926843       0.26061019E-01   0.60417965E-01
  2.1168935       0.21467526       0.20251546       0.38169389E-01   0.22925359      -0.42365333E-01   0.20109591E-01
  2.1475731       0.25850675       0.24791364       0.33849183E-01   0.26352852      -0.12910238      -0.46138987E-01
  2.1782527       0.30053953       0.29517466       0.31764822E-01   0.30231672      -0.22092440      -0.13449518
  2.2089323       0.34210635       0.34507931       0.30284498E-01   0.34573648      -0.30662152      -0.23820949
  2.2396120       0.38544856       0.39810485       0.28656008E-01   0.39376183      -0.37870369      -0.34655239
  2.2702916       0.43331347       0.45438052       0.26710148E-01   0.44618158      -0.43202456      -0.44411533
  2.3009712       0.48817749       0.51367663       0.24537522E-01   0.50255875      -0.46003343      -0.51125965
  2.3316508       0.55137920       0.57541053       0.22299795E-01   0.56219331      -0.45128928      -0.52631100
  2.3623304       0.62257349       0.63865952       0.20142683E-01   0.62409366      -0.38940099      -0.46968732
  2.3930100       0.69971735       0.70217968       0.18165296E-01   0.68696377      -0.25807178      -0.32954411
  2.4236896       0.77947535       0.76443663       0.16417133E-01   0.74921358      -0.50092046E-01  -0.10778555
  2.4543693       0.85778908       0.82365627       0.14906524E-01   0.80899927       0.22348553       0.17539781
  2.4850489       0.93041365       0.87790146       0.13612174E-01   0.86429639       0.52865498       0.48062676
  2.5157285       0.99333723       0.92517556       0.12494577E-01   0.91300473       0.81157715       0.75381865
  2.5464081        1.0430744       0.96354765       0.11506468E-01   0.95307787        1.0098979       0.93647157
  2.5770877        1.0768562       0.99128915       0.10601865E-01   0.98266647        1.0694332       0.98008909
  2.6077673        1.0927470        1.0070083       0.97428263E-02    1.0002605       0.96115592       0.86097549
  2.6384470        1.0897157        1.0097675       0.89032135E-02    1.0048148       0.69287382       0.59045738
  2.6691266        1.0676766       0.99917021       0.80694679E-02   0.99584392       0.31123489       0.21617421
  2.6998062        1.0275048       0.97540752       0.72391873E-02   0.97347403      -0.10760716      -0.18739783
  2.7304858       0.97101481       0.93925782       0.64185500E-02   0.93844650      -0.47682316      -0.53729985
  2.7611654       0.90088897       0.89204020       0.56194609E-02   0.89207142      -0.72202715      -0.76395447
  2.7918450       0.82053864       0.83552570       0.48569031E-02   0.83613615      -0.80146582      -0.82948436
  2.8225246       0.73389312       0.77181580       0.41466259E-02   0.77277840      -0.71647253      -0.73641937
  2.8532043       0.64512212       0.70320052       0.35031171E-02   0.70433721      -0.50850428      -0.52412524
  2.8838839       0.55831176       0.63201022       0.29377978E-02   0.63319678      -0.24396532      -0.25472150
  2.9145635       0.47712343       0.56047465       0.24574948E-02   0.56163814       0.73550200E-02   0.61273560E-02
  2.9452431       0.40446918       0.49060153       0.20634171E-02   0.49171167       0.19219313       0.20682722
  2.9759227       0.34224079       0.42408339       0.17510000E-02   0.42514025       0.28532477       0.32049443
  3.0066023       0.29113980       0.36223806       0.15109255E-02   0.36325834       0.29003688       0.34644783
  3.0372820       0.25067417       0.30598348       0.13311927E-02   0.30698811       0.22968658       0.30392421
  3.0679616       0.21938095       0.25584466       0.11994865E-02   0.25684939       0.13555911       0.22178276
  3.0986412       0.19525158       0.21198711       0.11049295E-02   0.21299726       0.36382459E-01   0.12845134
  3.1293208       0.17620740       0.17427003       0.10388966E-02   0.17527956      -0.47453039E-01   0.45150528E-01
  3.1600004       0.16044105       0.14231211       0.99524894E-03   0.14330599      -0.10496113      -0.16590105E-01
  3.1906800       0.14655786       0.11556331       0.97033533E-03   0.11652172      -0.13289689      -0.53902407E-01
  3.2213597       0.13358594       0.93376781E-01   0.96265712E-03   0.94279248E-01  -0.13353361      -0.69719185E-01
  3.2520393       0.12094837       0.75075630E-01   0.97194779E-03   0.75903729E-01  -0.11293285      -0.69704917E-01
  3.2827189       0.10843966       0.60009057E-01   0.99784331E-03   0.60747171E-01  -0.79528745E-01  -0.59952323E-01
  3.3133985       0.96202345E-01   0.47593086E-01   0.10388168E-02   0.48227760E-01  -0.42423404E-01  -0.45692370E-01
  3.3440781       0.84691747E-01   0.37332862E-01   0.10919625E-02   0.37852157E-01  -0.92675809E-02  -0.30803639E-01
  3.3747577       0.74625795E-01   0.28827132E-01   0.11535435E-02   0.29221540E-01   0.15640951E-01  -0.17782381E-01
  3.4054373       0.66908159E-01   0.21759513E-01   0.12197006E-02   0.22025752E-01   0.32102462E-01  -0.79202481E-02
  3.4361170       0.62466622E-01   0.15883947E-01   0.12868098E-02   0.16033008E-01   0.43090130E-01  -0.15628633E-02
  3.4667966       0.61942524E-01   0.11012862E-01   0.13514288E-02   0.11086101E-01   0.52491850E-01   0.16058333E-02
  3.4974762       0.65376554E-01   0.70198711E-02   0.14101145E-02   0.71290392E-02   0.62556181E-01   0.22915616E-02
  3.5281558       0.72224353E-01   0.39019349E-02   0.14594384E-02   0.43501630E-02   0.72224060E-01   0.13633929E-02
  3.5588354       0.81670420E-01   0.21945097E-02   0.14963366E-02   0.34631110E-02   0.77105400E-01  -0.31222785E-03
  3.5895150       0.92871346E-01   0.28669769E-02   0.15186798E-02   0.43999092E-02   0.71154759E-01  -0.19866839E-02
  3.6201947       0.10500463       0.43107643E-02   0.15257899E-02   0.57891840E-02   0.49438604E-01  -0.31110249E-02
  3.6508743       0.11723630       0.55806881E-02   0.15186292E-02   0.70208581E-02   0.10965340E-01  -0.33881444E-02
  3.6815539       0.12870303       0.65401231E-02   0.14995202E-02   0.79615348E-02  -0.39556634E-01  -0.27815751E-02
  3.7122335       0.13853518       0.71911570E-02   0.14714497E-02   0.86031166E-02  -0.91920745E-01  -0.14680398E-02
  3.7429131       0.14591479       0.75719008E-02   0.14372072E-02   0.89767001E-02  -0.13286214       0.25644810E-03
  3.7735927       0.15015375       0.77336444E-02   0.13987051E-02   0.91266438E-02  -0.15015366       0.20814175E-02
  3.8042724       0.15077713       0.77286050E-02   0.13567652E-02   0.90980019E-02  -0.13697508       0.37567583E-02
  3.8349520       0.14759970       0.76005433E-02   0.13114236E-02   0.89292523E-02  -0.94848335E-01   0.51177804E-02
  3.8656316       0.14079048       0.73796961E-02   0.12625580E-02   0.86497576E-02  -0.33854124E-01   0.60723004E-02
  3.8963112       0.13093268       0.70837418E-02   0.12105243E-02   0.82816561E-02   0.30097324E-01   0.65791219E-02
  3.9269908       0.11910224       0.67238289E-02   0.11565775E-02   0.78443058E-02   0.79972948E-01   0.66396057E-02
  3.9576704       0.10699483       0.63120280E-02   0.11030232E-02   0.73583639E-02   0.10260049       0.63014165E-02
  3.9883500       0.97062859E-01   0.58660323E-02   0.10531741E-02   0.68470656E-02   0.92287279E-01   0.56574384E-02
  4.0190297       0.92322408E-01   0.54086514E-02   0.10111543E-02   0.63340128E-02   0.52140528E-01   0.48266137E-02
  4.0497093       0.95173537E-01   0.49624228E-02   0.98144628E-03   0.58388816E-02  -0.69585512E-02   0.39215379E-02
  4.0803889       0.10577516       0.45423854E-02   0.96797253E-03   0.53738657E-02  -0.69158958E-01   0.30220182E-02
  4.1110685       0.12216628       0.41516116E-02   0.97272769E-03   0.49434360E-02  -0.11744261       0.21708652E-02
  4.1417481       0.14183953       0.37829813E-02   0.99452199E-03   0.45478415E-02  -0.13765763       0.13906650E-02
  4.1724277       0.16269798       0.34266439E-02   0.10286789E-02   0.41879638E-02  -0.12201033       0.70401220E-03
  4.2031074       0.18318579       0.30786145E-02   0.10679870E-02   0.38678610E-02  -0.71193080E-01   0.13899177E-03
  4.2337870       0.20218683       0.27453706E-02   0.11043695E-02   0.35927645E-02   0.55652350E-02  -0.28334158E-03
  4.2644666       0.21894683       0.24418319E-02   0.11305003E-02   0.33636898E-02   0.92754847E-01  -0.56583880E-03
  4.2951462       0.23304015       0.21833842E-02   0.11409333E-02   0.31730486E-02   0.17257529      -0.73895129E-03
  4.3258258       0.24434903       0.19761300E-02   0.11326742E-02   0.30057092E-02   0.22936151      -0.84579642E-03
  4.3565054       0.25302603       0.18125871E-02   0.11052832E-02   0.28457785E-02   0.25296134      -0.91996317E-03
  4.3871851       0.25942587       0.16777075E-02   0.10606405E-02   0.26847549E-02   0.24011233      -0.97387553E-03
  4.4178647       0.26400878       0.15609877E-02   0.10025162E-02   0.25259898E-02   0.19382750      -0.10060694E-02
  4.4485443       0.26723331       0.14646444E-02   0.93607705E-03   0.23828599E-02   0.12161131      -0.10190312E-02
  4.4792239       0.26946573       0.14010702E-02   0.86741621E-03   0.22710438E-02   0.33532791E-01  -0.10302033E-02
  4.5099035       0.27093141       0.13801074E-02   0.80307811E-03   0.21986573E-02  -0.59230601E-01  -0.10653018E-02
  4.5405831       0.27171889       0.13960711E-02   0.74939435E-03   0.21609132E-02  -0.14539084      -0.11392995E-02
  4.5712627       0.27182598       0.14278092E-02   0.71139651E-03   0.21437200E-02  -0.21445457      -0.12419604E-02
  4.6019424       0.27122065       0.14512541E-02   0.69141217E-03   0.21328891E-02  -0.25779047      -0.13415535E-02
  4.6326220       0.26988643       0.14519024E-02   0.68814557E-03   0.21214574E-02  -0.26975098      -0.14051400E-02
  4.6633016       0.26783279       0.14299687E-02   0.69718800E-03   0.21109063E-02  -0.24850964      -0.14197986E-02
  4.6939812       0.26507005       0.13982881E-02   0.71285116E-03   0.21070132E-02  -0.19637547      -0.13982747E-02
  4.7246608       0.26156591       0.13745359E-02   0.73018687E-03   0.21139564E-02  -0.11963164      -0.13653860E-02
  4.7553404       0.25721031       0.13706520E-02   0.74623989E-03   0.21308806E-02  -0.28087339E-01  -0.13370026E-02
  4.7860201       0.25181197       0.13859127E-02   0.76030071E-03   0.21530277E-02   0.65642436E-01  -0.13085796E-02
  4.8166997       0.24513479       0.14093377E-02   0.77332510E-03   0.21758205E-02   0.14742518      -0.12612362E-02
  4.8473793       0.23696402       0.14287726E-02   0.78681874E-03   0.21982323E-02   0.20381339      -0.11784643E-02
  4.8780589       0.22717942       0.14387745E-02   0.80161712E-03   0.22228412E-02   0.22505623      -0.10585135E-02
  4.9087385       0.21581065       0.14426804E-02   0.81707838E-03   0.22526563E-02   0.20806016      -0.91263687E-03
  4.9394181       0.20305887       0.14489081E-02   0.83104197E-03   0.22871983E-02   0.15793890      -0.75244414E-03
  4.9700978       0.18928108       0.14642547E-02   0.84049858E-03   0.23209596E-02   0.87058845E-01  -0.57885742E-03
  5.0007774       0.17494612       0.14887353E-02   0.84258190E-03   0.23455865E-02   0.11539697E-01  -0.38278102E-03
  5.0314570       0.16057983       0.15157599E-02   0.83546526E-03   0.23543450E-02  -0.53549000E-01  -0.15632184E-03
  5.0621366       0.14671906       0.15371372E-02   0.81893738E-03   0.23460735E-02  -0.98337706E-01   0.96320137E-04
  5.0928162       0.13389022       0.15487545E-02   0.79462927E-03   0.23263802E-02  -0.12001552       0.35862157E-03
  5.1234958       0.12261642       0.15531563E-02   0.76595327E-03   0.23052656E-02  -0.12192793       0.61237977E-03
  5.1541754       0.11344141       0.15576422E-02   0.73778576E-03   0.22920277E-02  -0.11074359       0.84906980E-03
  5.1848551       0.10694131       0.15688752E-02   0.71581926E-03   0.22900563E-02  -0.93208891E-01   0.10706339E-02
  5.2155347       0.10368583       0.15872219E-02   0.70545209E-03   0.22947357E-02  -0.73813657E-01   0.12778110E-02
  5.2462143       0.10412966       0.16047793E-02   0.71030240E-03   0.22957484E-02  -0.53926409E-01   0.14558618E-02
  5.2768939       0.10847231       0.16083876E-02   0.73095799E-03   0.22819196E-02  -0.32221481E-01   0.15712452E-02
  5.3075735       0.11657271       0.15851464E-02   0.76478760E-03   0.22454830E-02  -0.59166777E-02   0.15848551E-02
  5.3382531       0.12796253       0.15270441E-02   0.80696607E-03   0.21838750E-02   0.27571926E-01   0.14742268E-02
  5.3689328       0.14191565       0.14330234E-02   0.85200789E-03   0.20990344E-02   0.68824684E-01   0.12495481E-02
  5.3996124       0.15751551       0.13084956E-02   0.89504567E-03   0.19953830E-02   0.11484384       0.95251921E-03
  5.4302920       0.17370954       0.11630660E-02   0.93256735E-03   0.18780507E-02   0.15837046       0.63944631E-03
  5.4609716       0.18936868       0.10074927E-02   0.96266003E-03   0.17525793E-02   0.18882281       0.36033371E-03
  5.4916512       0.20336445       0.85110343E-03   0.98488002E-03   0.16263309E-02   0.19512045       0.14626154E-03
  5.5223308       0.21465955       0.70099586E-03   0.99985587E-03   0.15104304E-02   0.16973000       0.87693562E-05
  5.5530105       0.22239838       0.56404272E-03   0.10087393E-02   0.14197987E-02   0.11238186      -0.54524660E-04
  5.5836901       0.22598130       0.45167974E-03   0.10126494E-02   0.13686414E-02   0.31680470E-01  -0.56150859E-04
  5.6143697       0.22511061       0.38368662E-03   0.10122610E-02   0.13619185E-02  -0.56453601E-01  -0.19109121E-04
  5.6450493       0.21980173       0.37637880E-03   0.10076397E-02   0.13895592E-02  -0.13320478       0.23857115E-04
  5.6757289       0.21035992       0.41603831E-03   0.99832451E-03   0.14300173E-02  -0.18253180       0.38311242E-04
  5.7064085       0.19732888       0.46802204E-03   0.98356548E-03   0.14599066E-02  -0.19590756       0.29805126E-05
  5.7370881       0.18142150       0.50468745E-03   0.96259035E-03   0.14620296E-02  -0.17439677      -0.77665955E-04
  5.7677678       0.16344506       0.51209649E-03   0.93480870E-03   0.14289739E-02  -0.12750412      -0.17402023E-03
  5.7984474       0.14423311       0.48835525E-03   0.89993370E-03   0.13633490E-02  -0.69499956E-01  -0.24803037E-03
  5.8291270       0.12459392       0.44301807E-03   0.85805631E-03   0.12759987E-02  -0.14749807E-01  -0.27672829E-03
  5.8598066       0.10528374       0.39739024E-03   0.80972059E-03   0.11827859E-02   0.26304207E-01  -0.26691124E-03
  5.8904862       0.87011744E-01   0.37991744E-03   0.75602049E-03   0.11001621E-02   0.49332438E-01  -0.25048938E-03
  5.9211658       0.70485262E-01   0.40626035E-03   0.69869250E-03   0.10401492E-02   0.56064436E-01  -0.26343187E-03
  5.9518455       0.56500195E-01   0.46307518E-03   0.64013874E-03   0.10066551E-02   0.52342377E-01  -0.32274904E-03
  5.9825251       0.46031926E-01   0.52492081E-03   0.58329986E-03   0.99552363E-03   0.45183372E-01  -0.41679292E-03
  6.0132047       0.40074257E-01   0.57332157E-03   0.53131497E-03   0.99810957E-03   0.39980476E-01  -0.51400506E-03
  6.0438843       0.38848052E-01   0.60010002E-03   0.48697217E-03   0.10051796E-02   0.38822435E-01  -0.58223739E-03
  6.0745639       0.41142141E-01   0.60504112E-03   0.45208740E-03   0.10088495E-02   0.40418403E-01  -0.60477305E-03
  6.1052435       0.45113561E-01   0.59281029E-03   0.42710948E-03   0.10030629E-02   0.41438106E-01  -0.58387488E-03
  6.1359232       0.49351602E-01   0.56977016E-03   0.41124478E-03   0.98410100E-03   0.38496922E-01  -0.53316606E-03
  6.1666028       0.53080762E-01   0.54128460E-03   0.40307263E-03   0.95180957E-03   0.29806522E-01  -0.46753449E-03
  6.1972824       0.55987607E-01   0.51063504E-03   0.40123065E-03   0.91111688E-03   0.15786967E-01  -0.39829000E-03
  6.2279620       0.58063577E-01   0.48025585E-03   0.40473541E-03   0.87258358E-03  -0.14541037E-02  -0.33428164E-03
  6.2586416       0.59500482E-01   0.45439761E-03   0.41286384E-03   0.85013267E-03  -0.19271442E-01  -0.28372700E-03
  6.2893212       0.60596710E-01   0.44058220E-03   0.42485187E-03   0.85485528E-03  -0.35509092E-01  -0.25193726E-03
  6.3200008       0.61649528E-01   0.44676213E-03   0.43971063E-03   0.88806709E-03  -0.48870572E-01  -0.23587672E-03
  6.3506805       0.62843862E-01   0.47477495E-03   0.45627043E-03   0.94043358E-03  -0.58609117E-01  -0.22149400E-03
  6.3813601       0.64176840E-01   0.51731076E-03   0.47335310E-03   0.99820939E-03  -0.63970399E-01  -0.18874694E-03
  6.4120397       0.65454704E-01   0.56234770E-03   0.48990858E-03   0.10502702E-02  -0.63934425E-01  -0.12272424E-03
  6.4427193       0.66361129E-01   0.59949746E-03   0.50502974E-03   0.10915374E-02  -0.57531193E-01  -0.23114715E-04
  6.4733989       0.66558900E-01   0.62367230E-03   0.51787645E-03   0.11228004E-02  -0.44556374E-01   0.95600220E-04
  6.5040785       0.65782003E-01   0.63606357E-03   0.52760835E-03   0.11482335E-02  -0.26198710E-01   0.21396282E-03
  6.5347582       0.63894343E-01   0.64303824E-03   0.53341470E-03   0.11720004E-02  -0.51117717E-02   0.32002930E-03
  6.5654378       0.60910782E-01   0.65295099E-03   0.53466335E-03   0.11955985E-02   0.15209367E-01   0.41487022E-03
  6.5961174       0.56985958E-01   0.67158010E-03   0.53111611E-03   0.12173123E-02   0.31473332E-01   0.50700992E-03
  6.6267970       0.52378858E-01   0.69880779E-03   0.52311852E-03   0.12338235E-02   0.41549585E-01   0.60070011E-03
  6.6574766       0.47401454E-01   0.72916152E-03   0.51167965E-03   0.12426175E-02   0.44899674E-01   0.68780143E-03
  6.6881562       0.42360497E-01   0.75547192E-03   0.49839975E-03   0.12435637E-02   0.42360497E-01   0.74982806E-03
  6.7188359       0.37504235E-01   0.77259505E-03   0.48525976E-03   0.12388026E-02   0.35509453E-01   0.76823608E-03
  6.7495155       0.32988864E-01   0.77924397E-03   0.47433664E-03   0.12311089E-02   0.26018129E-01   0.73451222E-03
  6.7801951       0.28878843E-01   0.77769812E-03   0.46753125E-03   0.12217631E-02   0.15315551E-01   0.65242478E-03
  6.8108747       0.25184877E-01   0.77190698E-03   0.46637367E-03   0.12093264E-02   0.46150005E-02   0.53193953E-03
  6.8415543       0.21924839E-01   0.76490518E-03   0.47190938E-03   0.11901621E-02  -0.49015226E-02   0.38141099E-03
  6.8722339       0.19176391E-01   0.75686712E-03   0.48461903E-03   0.11603653E-02  -0.12028426E-01   0.20558359E-03
  6.9029135       0.17083575E-01   0.74493864E-03   0.50433865E-03   0.11179139E-02  -0.15756432E-01   0.11055359E-04
  6.9335932       0.15788425E-01   0.72483558E-03   0.53021424E-03   0.10639105E-02  -0.15657155E-01  -0.18648607E-03
  6.9642728       0.15313324E-01   0.69306681E-03   0.56075963E-03   0.10023850E-02  -0.12144278E-01  -0.36117684E-03
  6.9949524       0.15515037E-01   0.64856858E-03   0.59404260E-03   0.93876165E-03  -0.63628857E-02  -0.48502928E-03
  7.0256320       0.16192039E-01   0.59320524E-03   0.62794748E-03   0.87766474E-03   0.29745392E-03  -0.54024935E-03
  7.0563116       0.17236165E-01   0.53117963E-03   0.66042370E-03   0.82121142E-03   0.67887937E-02  -0.52695786E-03
  7.0869912       0.18684985E-01   0.46766180E-03   0.68964965E-03   0.76890254E-03   0.12704527E-01  -0.46081599E-03
  7.1176709       0.20651623E-01   0.40709383E-03   0.71409003E-03   0.71925788E-03   0.18073373E-01  -0.36292486E-03
  7.1483505       0.23198632E-01   0.35184273E-03   0.73247340E-03   0.67204518E-03   0.22776826E-01  -0.25008636E-03
  7.1790301       0.26252034E-01   0.30199246E-03   0.74374447E-03   0.62948739E-03   0.26013846E-01  -0.13235473E-03
  7.2097097       0.29605191E-01   0.25662718E-03   0.74704639E-03   0.59545317E-03   0.26258227E-01  -0.17999292E-04
  7.2403893       0.32982933E-01   0.21599700E-03   0.74176369E-03   0.57290795E-03   0.21862418E-01   0.80459819E-04
  7.2710689       0.36113139E-01   0.18330630E-03   0.72762043E-03   0.56148594E-03   0.12035632E-01   0.14606061E-03
  7.3017486       0.38778712E-01   0.16440861E-03   0.70479691E-03   0.55754363E-03  -0.23541165E-02   0.16436378E-03
  7.3324282       0.40845811E-01   0.16326846E-03   0.67401723E-03   0.55691769E-03  -0.18646233E-01   0.13215344E-03
  7.3631078       0.42271688E-01   0.17675305E-03   0.63657270E-03   0.55803096E-03  -0.33056336E-01   0.60534193E-04
  7.3937874       0.43096303E-01   0.19762492E-03   0.59427669E-03   0.56298330E-03  -0.41857812E-01  -0.30392507E-04
  7.4244670       0.43422099E-01   0.22071078E-03   0.54938267E-03   0.57585975E-03  -0.42556857E-01  -0.12113982E-03
  7.4551466       0.43386752E-01   0.24434595E-03   0.50452195E-03   0.59925493E-03  -0.34615352E-01  -0.19930661E-03
  7.4858262       0.43133960E-01   0.26870702E-03   0.46270787E-03   0.63161452E-03  -0.19551243E-01  -0.25864835E-03
  7.5165059       0.42786947E-01   0.29373012E-03   0.42737861E-03   0.66757935E-03  -0.51333938E-03  -0.29324281E-03
  7.5471855       0.42428394E-01   0.31793932E-03   0.40229364E-03   0.70069633E-03   0.18461565E-01  -0.29359098E-03
  7.5778651       0.42089391E-01   0.33860893E-03   0.39095751E-03   0.72618214E-03   0.33334264E-01  -0.24959364E-03
  7.6085447       0.41748942E-01   0.35279913E-03   0.39547487E-03   0.74227241E-03   0.40967698E-01  -0.15886521E-03
  7.6392243       0.41344343E-01   0.35848598E-03   0.41551779E-03   0.74995956E-03   0.39898047E-01  -0.33493090E-04
  7.6699039       0.40791041E-01   0.35528466E-03   0.44839393E-03   0.75155189E-03   0.30743166E-01   0.10112906E-03
  7.7005836       0.40008302E-01   0.34462064E-03   0.49014319E-03   0.74883692E-03   0.16026704E-01   0.21570696E-03
  7.7312632       0.38944967E-01   0.32939954E-03   0.53667508E-03   0.74183463E-03  -0.61763076E-03   0.28852946E-03
  7.7619428       0.37598351E-01   0.31331524E-03   0.58435993E-03   0.72883720E-03  -0.15595045E-01   0.31144512E-03
  7.7926224       0.36019321E-01   0.29999465E-03   0.63014891E-03   0.70761101E-03  -0.26368385E-01   0.28747212E-03
  7.8233020       0.34298415E-01   0.29222306E-03   0.67147777E-03   0.67692088E-03  -0.31916528E-01   0.22390439E-03
  7.8539816       0.32532675E-01   0.29146490E-03   0.70613213E-03   0.63747379E-03  -0.32527052E-01   0.12774353E-03
  7.8846612       0.30782127E-01   0.29773932E-03   0.73216401E-03   0.59180587E-03  -0.29201747E-01   0.71316074E-05
  7.9153409       0.29035802E-01   0.30975009E-03   0.74789428E-03   0.54315583E-03  -0.23121977E-01  -0.12380860E-03
  7.9460205       0.27210680E-01   0.32519317E-03   0.75199732E-03   0.49385689E-03  -0.15454930E-01  -0.24302737E-03
  7.9767001       0.25194903E-01   0.34127369E-03   0.74363635E-03   0.44418369E-03  -0.74247353E-02  -0.32559457E-03
  8.0073797       0.22927403E-01   0.35542496E-03   0.72260365E-03   0.39255409E-03  -0.32413293E-03  -0.35362157E-03
  8.0380593       0.20498202E-01   0.36606764E-03   0.68942319E-03   0.33724908E-03   0.47830902E-02  -0.32417690E-03
  8.0687389       0.18255052E-01   0.37313637E-03   0.64539065E-03   0.27906429E-03   0.75776784E-02  -0.24925841E-03
  8.0994186       0.16853357E-01   0.37808181E-03   0.59255379E-03   0.22459819E-03   0.88138395E-02  -0.14786952E-03
  8.1300982       0.17014059E-01   0.38315577E-03   0.53366468E-03   0.18990121E-03   0.10066439E-01  -0.36254898E-04
  8.1607778       0.18905322E-01   0.39012001E-03   0.47215900E-03   0.19470805E-03   0.12877556E-01   0.76655503E-04
  8.1914574       0.21958585E-01   0.39904274E-03   0.41221855E-03   0.23741826E-03   0.17758904E-01   0.18629779E-03
  8.2221370       0.25394040E-01   0.40802460E-03   0.35890138E-03   0.29866732E-03   0.23700090E-01   0.28607972E-03
  8.2528166       0.28607766E-01   0.41406576E-03   0.31804655E-03   0.36476612E-03   0.28555071E-01   0.36415745E-03
  8.2834963       0.31240792E-01   0.41445190E-03   0.29513310E-03   0.43020469E-03   0.30102627E-01   0.40675178E-03
  8.3141759       0.33155043E-01   0.40786804E-03   0.29256489E-03   0.49355181E-03   0.27120308E-01   0.40534435E-03
  8.3448555       0.34398641E-01   0.39480994E-03   0.30760552E-03   0.55439216E-03   0.19822218E-01   0.36161808E-03
  8.3755351       0.35157389E-01   0.37720728E-03   0.33402268E-03   0.61148526E-03   0.94873053E-02   0.28604732E-03
  8.4062147       0.35679845E-01   0.35739157E-03   0.36549158E-03   0.66213496E-03  -0.23145081E-02   0.19166184E-03
  8.4368943       0.36179660E-01   0.33681161E-03   0.39737745E-03   0.70263597E-03  -0.14252615E-01   0.88642684E-04
  8.4675739       0.36745676E-01   0.31519756E-03   0.42684317E-03   0.72930307E-03  -0.25163095E-01  -0.15639698E-04
  8.4982536       0.37304374E-01   0.29080369E-03   0.45239731E-03   0.73948268E-03  -0.33593644E-01  -0.11183680E-03
  8.5289332       0.37655021E-01   0.26172141E-03   0.47341867E-03   0.73212229E-03  -0.37587124E-01  -0.18459735E-03
  8.5596128       0.37552620E-01   0.22770103E-03   0.48977354E-03   0.70773687E-03  -0.35200277E-01  -0.21477644E-03
  8.5902924       0.36793810E-01   0.19215612E-03   0.50153928E-03   0.66785101E-03  -0.25664258E-01  -0.18825767E-03
  8.6209720       0.35275956E-01   0.16443976E-03   0.50884105E-03   0.61418829E-03  -0.10474259E-01  -0.10586037E-03
  8.6516516       0.33022612E-01   0.15923752E-03   0.51180033E-03   0.54799208E-03   0.64623310E-02   0.12898488E-04
  8.6823313       0.30180803E-01   0.18387358E-03   0.51057117E-03   0.46982302E-03   0.20012238E-01   0.13540276E-03
  8.7130109       0.26997588E-01   0.22954802E-03   0.50541667E-03   0.37995820E-03   0.25902946E-01   0.22763656E-03
  8.7436905       0.23780460E-01   0.28459792E-03   0.49677187E-03   0.27924422E-03   0.22649746E-01   0.26499714E-03
  8.7743701       0.20841294E-01   0.34225463E-03   0.48525320E-03   0.17033792E-03   0.12268178E-01   0.23698585E-03
  8.8050497       0.18421934E-01   0.39934707E-03   0.47160396E-03   0.64090209E-04  -0.63677305E-03   0.14583113E-03
  8.8357293       0.16614852E-01   0.45410358E-03   0.45659554E-03   0.82973997E-04  -0.10931629E-01   0.31835283E-05
  8.8664090       0.15327246E-01   0.50470549E-03   0.44092314E-03   0.19048237E-03  -0.15112731E-01  -0.17141459E-03
  8.8970886       0.14336358E-01   0.54864883E-03   0.42513348E-03   0.29385415E-03  -0.12545593E-01  -0.35059381E-03
  8.9277682       0.13405469E-01   0.58287748E-03   0.40960072E-03   0.38446137E-03  -0.53353809E-02  -0.50143821E-03
  8.9584478       0.12378154E-01   0.60448343E-03   0.39453829E-03   0.45906829E-03   0.29100120E-02  -0.59283078E-03
  8.9891274       0.11217029E-01   0.61163128E-03   0.38001823E-03   0.51685777E-03   0.87107923E-02  -0.60607851E-03
  9.0198070       0.10011451E-01   0.60435897E-03   0.36597654E-03   0.55882645E-03   0.10011393E-01  -0.54272448E-03
  9.0504866       0.89822708E-02   0.58497888E-03   0.35220933E-03   0.58703200E-03   0.67290426E-02  -0.42370367E-03
  9.0811663       0.84629376E-02   0.55787396E-03   0.33838760E-03   0.60374957E-03   0.53351046E-03  -0.27928452E-03
  9.1118459       0.87583080E-02   0.52855136E-03   0.32411851E-03   0.61087316E-03  -0.59041131E-02  -0.13563811E-03
  9.1425255       0.99072468E-02   0.50200407E-03   0.30905553E-03   0.60982981E-03  -0.98808355E-02  -0.62490112E-05
  9.1732051       0.11674462E-01   0.48091435E-03   0.29302621E-03   0.60198723E-03  -0.95709611E-02   0.10729965E-03
  9.2038847       0.13759542E-01   0.46476737E-03   0.27612706E-03   0.58921439E-03  -0.46496945E-02   0.20750902E-03
  9.2345643       0.15914044E-01   0.45064437E-03   0.25874203E-03   0.57411001E-03   0.35446508E-02   0.29311636E-03
  9.2652440       0.17948355E-01   0.43517270E-03   0.24146779E-03   0.55954437E-03   0.12397750E-01   0.35716987E-03
  9.2959236       0.19715119E-01   0.41629596E-03   0.22496691E-03   0.54756943E-03   0.18883182E-01   0.39146557E-03
  9.3266032       0.21099031E-01   0.39398942E-03   0.20980451E-03   0.53830408E-03   0.20634052E-01   0.39258524E-03
  9.3572828       0.22013789E-01   0.36985491E-03   0.19634087E-03   0.52964229E-03   0.16822401E-01   0.36410030E-03
  9.3879624       0.22402641E-01   0.34596141E-03   0.18472955E-03   0.51812017E-03   0.84800631E-02   0.31351593E-03
  9.4186420       0.22239838E-01   0.32351289E-03   0.17500977E-03   0.50042001E-03  -0.18903781E-02   0.24739605E-03
  9.4493217       0.21531465E-01   0.30206569E-03   0.16721704E-03   0.47467147E-03  -0.11259565E-01   0.16949015E-03
  9.4800013       0.20314754E-01   0.27977989E-03   0.16142460E-03   0.44103980E-03  -0.17169658E-01   0.83504412E-04
  9.5106809       0.18655305E-01   0.25447927E-03   0.15768475E-03   0.40152552E-03  -0.18528287E-01  -0.25507504E-05
  9.5413605       0.16641745E-01   0.22477307E-03   0.15592526E-03   0.35914785E-03  -0.15798852E-01  -0.75390451E-04
  9.5720401       0.14377395E-01   0.19066223E-03   0.15589857E-03   0.31683385E-03  -0.10580190E-01  -0.12108197E-03
  9.6027197       0.11968737E-01   0.15352889E-03   0.15723559E-03   0.27651082E-03  -0.48418570E-02  -0.13248260E-03
  9.6333993       0.95110264E-02   0.11569285E-03   0.15956232E-03   0.23900711E-03  -0.19770099E-03  -0.11384057E-03
  9.6640790       0.70727673E-02   0.79761029E-04   0.16258730E-03   0.20512564E-03   0.24888786E-02  -0.78782215E-04
  9.6947586       0.46829098E-02   0.47947525E-04   0.16610056E-03   0.17755864E-03   0.31026607E-02  -0.43001360E-04
  9.7254382       0.23271752E-02   0.21543393E-04   0.16989872E-03   0.16205988E-03   0.20346737E-02  -0.16976594E-04
  9.7561178       0.13258949E-03   0.42005896E-05   0.17370452E-03   0.16435613E-03  -0.60146882E-04  -0.36149778E-05
  9.7867974       0.25004991E-02   0.19024781E-04   0.17714900E-03   0.18323742E-03  -0.23650004E-02  -0.13440274E-05
  9.8174770       0.50595363E-02   0.35485127E-04   0.17983750E-03   0.21056696E-03  -0.39148961E-02  -0.87091076E-05
  9.8481567       0.77248583E-02   0.52095046E-04   0.18146478E-03   0.23776358E-03  -0.37030431E-02  -0.25819420E-04
  9.8788363       0.10433356E-01   0.68863092E-04   0.18191816E-03   0.25909955E-03  -0.10102689E-02  -0.51497122E-04
  9.9095159       0.13072840E-01   0.84763779E-04   0.18131764E-03   0.27186740E-03   0.41231737E-02  -0.79459644E-04
  9.9401955       0.15498177E-01   0.98325961E-04   0.17997534E-03   0.27578291E-03   0.10577470E-01  -0.98212022E-04
  9.9708751       0.17553787E-01   0.10822464E-03   0.17829432E-03   0.27217377E-03   0.16306115E-01  -0.96242169E-04
