# data from ifeffit
#------------------------
#   r         chir_mag       chir_mag      chir_re       chir_re
  0.0000000       0.37831412E-01   0.85906621E-02   0.37831412E-01   0.85906621E-02
  0.30679616E-01   0.38140398E-01   0.87213292E-02   0.38137532E-01   0.86735142E-02
  0.61359232E-01   0.38907720E-01   0.91069106E-02   0.38884295E-01   0.89244002E-02
  0.92038847E-01   0.39761217E-01   0.97258712E-02   0.39661348E-01   0.93462185E-02
  0.12271846       0.40342952E-01   0.10541115E-01   0.40068729E-01   0.99347108E-02
  0.15339808       0.40496481E-01   0.11510266E-01   0.39956335E-01   0.10676558E-01
  0.18407769       0.40331837E-01   0.12604295E-01   0.39502619E-01   0.11558709E-01
  0.21475731       0.40152559E-01   0.13822619E-01   0.39081341E-01   0.12584388E-01
  0.24543693       0.40268283E-01   0.15193716E-01   0.39004975E-01   0.13783706E-01
  0.27611654       0.40790541E-01   0.16759123E-01   0.39323932E-01   0.15208671E-01
  0.30679616       0.41572556E-01   0.18549897E-01   0.39833523E-01   0.16912870E-01
  0.33747577       0.42368472E-01   0.20570699E-01   0.40299214E-01   0.18927490E-01
  0.36815539       0.43104578E-01   0.22801190E-01   0.40741880E-01   0.21248590E-01
  0.39883500       0.44070913E-01   0.25211773E-01   0.41550940E-01   0.23843059E-01
  0.42951462       0.45863836E-01   0.27782424E-01   0.43287526E-01   0.26668194E-01
  0.46019424       0.49015502E-01   0.30514524E-01   0.46259917E-01   0.29691854E-01
  0.49087385       0.53539738E-01   0.33432641E-01   0.50152085E-01   0.32902585E-01
  0.52155347       0.58824606E-01   0.36580464E-01   0.54005251E-01   0.36308973E-01
  0.55223308       0.63955095E-01   0.40018308E-01   0.56644541E-01   0.39936090E-01
  0.58291270       0.68156896E-01   0.43827154E-01   0.57328256E-01   0.43826568E-01
  0.61359232       0.71121250E-01   0.48117569E-01   0.56199254E-01   0.48044734E-01
  0.64427193       0.73138720E-01   0.53035772E-01   0.54205684E-01   0.52672268E-01
  0.67495155       0.74992060E-01   0.58758289E-01   0.52506664E-01   0.57782038E-01
  0.70563116       0.77573922E-01   0.65472686E-01   0.51757164E-01   0.63385991E-01
  0.73631078       0.81382488E-01   0.73350894E-01   0.51788416E-01   0.69367420E-01
  0.76699039       0.86298886E-01   0.82526823E-01   0.51937126E-01   0.75417408E-01
  0.79767001       0.91920316E-01   0.93086867E-01   0.51781254E-01   0.80994059E-01
  0.82834963       0.98236300E-01   0.10507349       0.51667727E-01   0.85313447E-01
  0.85902924       0.10616330       0.11849554       0.52479121E-01   0.87371621E-01
  0.88970886       0.11747464       0.13333844       0.54602541E-01   0.85993988E-01
  0.92038847       0.13392899       0.14957132       0.56707875E-01   0.79911211E-01
  0.95106809       0.15614750       0.16715257       0.55242856E-01   0.67862506E-01
  0.98174770       0.18322304       0.18603701       0.45230137E-01   0.48721998E-01
  1.0124273       0.21322910       0.20618616       0.22153759E-01   0.21633759E-01
  1.0431069       0.24401251       0.22757958      -0.16036928E-01  -0.13864146E-01
  1.0737866       0.27383105       0.25022199      -0.67955349E-01  -0.57738051E-01
  1.1044662       0.30174322       0.27414050      -0.12940300      -0.10937072
  1.1351458       0.32774134       0.29936862      -0.19515786      -0.16746001
  1.1658254       0.35260302       0.32591857      -0.26074374      -0.22987881
  1.1965050       0.37747101       0.35374775      -0.32303383      -0.29349939
  1.2271846       0.40328332       0.38272711      -0.37936895      -0.35403205
  1.2578642       0.43029241       0.41261710      -0.42594217      -0.40596807
  1.2885439       0.45790348       0.44305268      -0.45677348      -0.44273332
  1.3192235       0.48488964       0.47353507      -0.46425575      -0.45714366
  1.3499031       0.50983843       0.50342638      -0.44121789      -0.44221562
  1.3805827       0.53160349       0.53194612      -0.38343907      -0.39233262
  1.4112623       0.54958391       0.55817274      -0.29127208      -0.30468947
  1.4419419       0.56375279       0.58105731      -0.16968183      -0.18082147
  1.4726216       0.57445018       0.59945776      -0.27095775E-01  -0.27870158E-01
  1.5033012       0.58203304       0.61219899       0.12582510       0.14090499
  1.5339808       0.58652642       0.61815876       0.27660509       0.30688977
  1.5646604       0.58742106       0.61637195       0.41068505       0.44848415
  1.5953400       0.58369739       0.60614057       0.51162023       0.54495981
  1.6260196       0.57405344       0.58713337       0.56308578       0.58108244
  1.6566993       0.55723408       0.55945965       0.55305394       0.55124615
  1.6873789       0.53234141       0.52370499       0.47888715       0.46170269
  1.7180585       0.49904148       0.48092174       0.35088882       0.32985290
  1.7487381       0.45763627       0.43257375       0.19197628       0.18045775
  1.7794177       0.40901255       0.38044077       0.32705172E-01   0.39715748E-01
  1.8100973       0.35450301       0.32649340      -0.96915093E-01  -0.71008905E-01
  1.8407769       0.29570148       0.27275309      -0.17575713      -0.13982748
  1.8714566       0.23427171       0.22115411      -0.19688847      -0.16593089
  1.9021362       0.17178286       0.17342523      -0.16810067      -0.15787165
  1.9328158       0.10961187       0.13100958      -0.10800302      -0.12943390
  1.9634954       0.49126435E-01   0.95044525E-01  -0.39693874E-01  -0.94765994E-01
  1.9941750       0.15505228E-01   0.66427249E-01   0.15503376E-01  -0.64491357E-01
  2.0248546       0.69029304E-01   0.45952199E-01   0.42438943E-01  -0.43881146E-01
  2.0555343       0.12313694       0.34146615E-01   0.34061537E-01  -0.33212876E-01
  2.0862139       0.17502080       0.29843066E-01  -0.87900485E-02  -0.29606354E-01
  2.1168935       0.22468588       0.29407179E-01  -0.79032567E-01  -0.29253406E-01
  2.1475731       0.27248112       0.29581709E-01  -0.16578882      -0.29111275E-01
  2.1782527       0.31912346       0.29052357E-01  -0.25708657      -0.27625887E-01
  2.2089323       0.36581478       0.27680611E-01  -0.34212587      -0.24585721E-01
  2.2396120       0.41427629       0.25741402E-01  -0.41230404      -0.20528301E-01
  2.2702916       0.46657616       0.23566686E-01  -0.46045709      -0.16144541E-01
  2.3009712       0.52469937       0.21408413E-01  -0.47864676      -0.11936442E-01
  2.3316508       0.58995241       0.19408738E-01  -0.45596732      -0.81478706E-02
  2.3623304       0.66242325       0.17623943E-01  -0.37851010      -0.48444010E-02
  2.3930100       0.74071036       0.16064798E-01  -0.23309841      -0.20076141E-02
  2.4236896       0.82199549       0.14725725E-01  -0.14596150E-01   0.41718475E-03
  2.4543693       0.90238663       0.13592187E-01   0.26575163       0.25055053E-02
  2.4850489       0.97739976       0.12633887E-01   0.57508803       0.43321098E-02
  2.5157285        1.0424673       0.11799689E-01   0.86071346       0.59306129E-02
  2.5464081        1.0934029       0.11024601E-01    1.0603950       0.72578435E-02
  2.5770877        1.1267853       0.10246467E-01    1.1191672       0.81964724E-02
  2.6077673        1.1402398       0.94222278E-02    1.0073437       0.86057208E-02
  2.6384470        1.1326109       0.85358086E-02   0.73313640       0.83951230E-02
  2.6691266        1.1040247       0.75962683E-02   0.34462300       0.75795403E-02
  2.6998062        1.0558488       0.66294766E-02  -0.80625023E-01   0.62867615E-02
  2.7304858       0.99056451       0.56677901E-02  -0.45551987       0.47197328E-02
  2.7611654       0.91156584       0.47414647E-02  -0.70679002       0.30998490E-02
  2.7918450       0.82290798       0.38740056E-02  -0.79415661       0.16202321E-02
  2.8225246       0.72902215       0.30818034E-02  -0.71929599       0.42168605E-03
  2.8532043       0.63441500       0.23766611E-02  -0.52211659      -0.41444316E-03
  2.8838839       0.54336542       0.17688335E-02  -0.26623848      -0.86825810E-03
  2.9145635       0.45962479       0.12684026E-02  -0.19084808E-01  -0.98195848E-03
  2.9452431       0.38611938       0.88378405E-03   0.16658907      -0.85212277E-03
  2.9759227       0.32465703       0.61673088E-03   0.26403250      -0.60530544E-03
  3.0066023       0.27568095       0.45441016E-03   0.27412369      -0.35945573E-03
  3.0372820       0.23820419       0.36831734E-03   0.21846748      -0.18729432E-03
  3.0679616       0.21010558       0.33307034E-03   0.12800942      -0.10140778E-03
  3.0986412       0.18879120       0.33905600E-03   0.32064932E-01  -0.69412640E-04
  3.1293208       0.17190433       0.37469308E-03  -0.48606925E-01  -0.48552495E-04
  3.1600004       0.15771155       0.41797032E-03  -0.10359120      -0.16711021E-04
  3.1906800       0.14509368       0.45198662E-03  -0.13079565       0.19361005E-04
  3.2213597       0.13334192       0.47814010E-03  -0.13311269       0.40522230E-04
  3.2520393       0.12198037       0.51756377E-03  -0.11583166       0.40560058E-04
  3.2827189       0.11071029       0.59526218E-03  -0.85451296E-01   0.39355822E-04
  3.3133985       0.99451261E-01   0.71500242E-03  -0.49212528E-01   0.73646799E-04
  3.3440781       0.88408211E-01   0.85663901E-03  -0.14282760E-01   0.17292627E-03
  3.3747577       0.78112522E-01   0.99357511E-03   0.13815918E-01   0.33908958E-03
  3.4054373       0.69422622E-01   0.11059643E-02   0.32874872E-01   0.54477406E-03
  3.4361170       0.63459390E-01   0.11855895E-02   0.44531829E-01   0.75055992E-03
  3.4667966       0.61367871E-01   0.12356880E-02   0.52872072E-01   0.92720217E-03
  3.4974762       0.63828468E-01   0.12667302E-02   0.61502762E-01   0.10665082E-02
  3.5281558       0.70662624E-01   0.12890775E-02   0.70648730E-01   0.11746268E-02
  3.5588354       0.80985169E-01   0.13058968E-02   0.76071918E-01   0.12557327E-02
  3.5895150       0.93625516E-01   0.13110779E-02   0.70721218E-01   0.13010351E-02
  3.6201947       0.10736778       0.12936082E-02   0.48476715E-01   0.12926278E-02
  3.6508743       0.12101906       0.12448568E-02   0.80983067E-02   0.12188377E-02
  3.6815539       0.13345057       0.11642108E-02  -0.44716666E-01   0.10880073E-02
  3.7122335       0.14365906       0.10607936E-02  -0.98313428E-01   0.92878877E-03
  3.7429131       0.15083362       0.95081703E-03  -0.13872559       0.77586311E-03
  3.7735927       0.15440519       0.85084034E-03  -0.15439444       0.65165005E-03
  3.8042724       0.15406838       0.76912853E-03  -0.14004832       0.55770538E-03
  3.8349520       0.14978051       0.70139677E-03  -0.98419090E-01   0.48172276E-03
  3.8656316       0.14175704       0.63669047E-03  -0.39489258E-01   0.41367539E-03
  3.8963112       0.13049567       0.56967751E-03   0.22187452E-01   0.35752199E-03
  3.9269908       0.11687623       0.51027702E-03   0.71180692E-01   0.32864898E-03
  3.9576704       0.10240399       0.48290280E-03   0.95011601E-01   0.33879935E-03
  3.9883500       0.89642237E-01   0.50597276E-03   0.87374271E-01   0.38050833E-03
  4.0190297       0.82494152E-01   0.56764498E-03   0.50076501E-01   0.42399211E-03
  4.0497093       0.84831469E-01   0.63686363E-03  -0.69114835E-02   0.43032103E-03
  4.0803889       0.97191328E-01   0.68720376E-03  -0.67626701E-01   0.37259675E-03
  4.1110685       0.11652364       0.70467859E-03  -0.11420630       0.25094864E-03
  4.1417481       0.13923313       0.68658863E-03  -0.13183414       0.91732426E-04
  4.1724277       0.16268937       0.63840304E-03  -0.11296383      -0.67418828E-04
  4.2031074       0.18519246       0.57004636E-03  -0.59371692E-01  -0.19571218E-03
  4.2337870       0.20570415       0.49207073E-03   0.18603766E-01  -0.27883852E-03
  4.2644666       0.22366637       0.41268350E-03   0.10517866      -0.31628716E-03
  4.2951462       0.23887987       0.33693053E-03   0.18330805      -0.31209213E-03
  4.3258258       0.25140009       0.26865585E-03   0.23848448      -0.26865460E-03
  4.3565054       0.26143599       0.21391288E-03   0.26118947      -0.18887854E-03
  4.3871851       0.26925834       0.18131926E-03   0.24780292      -0.83368265E-04
  4.4178647       0.27513121       0.17276952E-03   0.20034684       0.25813700E-04
  4.4485443       0.27927848       0.17486769E-03   0.12557461       0.11091196E-03
  4.4792239       0.28188572       0.17024604E-03   0.33717561E-01   0.15175573E-03
  4.5099035       0.28312617       0.15013565E-03  -0.63027200E-01   0.14748053E-03
  4.5405831       0.28319048       0.11815747E-03  -0.15220741       0.11757395E-03
  4.5712627       0.28229971       0.95983242E-04  -0.22280026       0.90462704E-04
  4.6019424       0.28068874       0.11428901E-03  -0.26651692       0.87031223E-04
  4.6326220       0.27856037       0.15996409E-03  -0.27847928       0.11034062E-03
  4.6633016       0.27602505       0.20656400E-03  -0.25734287       0.14830553E-03
  4.6939812       0.27305109       0.24575641E-03  -0.20522698       0.18655534E-03
  4.7246608       0.26944967       0.28302429E-03  -0.12778828       0.22137277E-03
  4.7553404       0.26490704       0.33126008E-03  -0.34391391E-01   0.26294907E-03
  4.7860201       0.25905792       0.39968426E-03   0.62146254E-01   0.32679578E-03
  4.8166997       0.25157906       0.48560375E-03   0.14691307       0.42011128E-03
  4.8473793       0.24227656       0.57727826E-03   0.20563415       0.53346754E-03
  4.8780589       0.23114531       0.66138092E-03   0.22822129       0.64390560E-03
  4.9087385       0.21838873       0.72817183E-03   0.21185033       0.72696034E-03
  4.9394181       0.20439792       0.77376617E-03   0.16214294       0.76889538E-03
  4.9700978       0.18969780       0.80012227E-03   0.91696149E-01   0.77102844E-03
  5.0007774       0.17487468       0.81298536E-03   0.16360111E-01   0.74453263E-03
  5.0314570       0.16050355       0.81842629E-03  -0.49316664E-01   0.70113124E-03
  5.0621366       0.14709442       0.81971743E-03  -0.95733247E-01   0.64723717E-03
  5.0928162       0.13507325       0.81672477E-03  -0.11975352       0.58508300E-03
  5.1234958       0.12480381       0.80842634E-03  -0.12389951       0.51794672E-03
  5.1541754       0.11664182       0.79666718E-03  -0.11397354       0.45316274E-03
  5.1848551       0.11099391       0.78810521E-03  -0.96283139E-01   0.39896138E-03
  5.2155347       0.10833673       0.79195445E-03  -0.75466687E-01   0.35717259E-03
  5.2462143       0.10915100       0.81377011E-03  -0.53417919E-01   0.31828530E-03
  5.2768939       0.11376757       0.85004149E-03  -0.29348482E-01   0.26433901E-03
  5.3075735       0.12220083       0.88905428E-03  -0.79651823E-03   0.17919790E-03
  5.3382531       0.13407203       0.91699432E-03   0.34686901E-01   0.59585568E-04
  5.3689328       0.14864788       0.92402461E-03   0.77551794E-01  -0.81109873E-04
  5.3996124       0.16493754       0.90743769E-03   0.12456322      -0.21944861E-03
  5.4302920       0.18179367       0.87175126E-03   0.16819776      -0.33468115E-03
  5.4609716       0.19800407       0.82619922E-03   0.19777977      -0.41886047E-03
  5.4916512       0.21238080       0.78018836E-03   0.20243351      -0.47755353E-03
  5.5223308       0.22384981       0.73836421E-03   0.17505651      -0.52134975E-03
  5.5530105       0.23153549       0.69832336E-03   0.11580281      -0.55503974E-03
  5.5836901       0.23483005       0.65288691E-03   0.33471236E-01  -0.57272128E-03
  5.6143697       0.23343785       0.59504059E-03  -0.56104250E-01  -0.56227754E-03
  5.6450493       0.22738847       0.52189940E-03  -0.13433427      -0.51547585E-03
  5.6757289       0.21701732       0.43592214E-03  -0.18532777      -0.43586190E-03
  5.7064085       0.20291771       0.34373144E-03  -0.20049652      -0.33862426E-03
  5.7370881       0.18587245       0.25358030E-03  -0.18065035      -0.24288842E-03
  5.7677678       0.16677571       0.17255699E-03  -0.13497176      -0.16247048E-03
  5.7984474       0.14655690       0.10526993E-03  -0.77475420E-01  -0.10174691E-03
  5.8291270       0.12611772       0.60095197E-04  -0.22408534E-01  -0.58759562E-04
  5.8598066       0.10629299       0.66270416E-04   0.19760250E-01  -0.31803756E-04
  5.8904862       0.87844948E-01   0.11026336E-03   0.44547183E-01  -0.23267065E-04
  5.9211658       0.71500406E-01   0.15934860E-03   0.53419263E-01  -0.37259488E-04
  5.9518455       0.58028650E-01   0.20141392E-03   0.51881428E-01  -0.73189459E-04
  5.9825251       0.48293393E-01   0.22905016E-03   0.46606813E-01  -0.12122393E-03
  6.0132047       0.43038368E-01   0.23774686E-03   0.42726875E-01  -0.16438024E-03
  6.0438843       0.42219430E-01   0.22681035E-03   0.42214087E-01  -0.18673581E-03
  6.0745639       0.44644667E-01   0.19979162E-03   0.43803065E-01  -0.18212764E-03
  6.1052435       0.48687276E-01   0.16391411E-03   0.44269466E-01  -0.15690283E-03
  6.1359232       0.53070226E-01   0.12819063E-03   0.40351114E-01  -0.12454124E-03
  6.1666028       0.57026465E-01   0.99452507E-04   0.30382715E-01  -0.96045016E-04
  6.1972824       0.60189066E-01   0.77040176E-04   0.14936628E-01  -0.73154666E-04
  6.2279620       0.62487318E-01   0.53285851E-04  -0.36800881E-02  -0.49229430E-04
  6.2586416       0.64075742E-01   0.25078054E-04  -0.22619025E-01  -0.16737637E-04
  6.2893212       0.65256682E-01   0.38212754E-04  -0.39608814E-01   0.24697864E-04
  6.3200008       0.66368280E-01   0.88995155E-04  -0.53388605E-01   0.66025058E-04
  6.3506805       0.67646679E-01   0.14381096E-03  -0.63361163E-01   0.93990920E-04
  6.3813601       0.69113413E-01   0.19365788E-03  -0.68905591E-01   0.99779432E-04
  6.4120397       0.70548377E-01   0.23344530E-03  -0.68993626E-01   0.84439553E-04
  6.4427193       0.71563822E-01   0.26217246E-03  -0.62495484E-01   0.57140652E-04
  6.4733989       0.71735726E-01   0.28306301E-03  -0.49026014E-01   0.27949731E-04
  6.5040785       0.70731064E-01   0.30161139E-03  -0.29745675E-01   0.99562760E-06
  6.5347582       0.68392129E-01   0.32163327E-03  -0.75018372E-02  -0.26669182E-04
  6.5654378       0.64767297E-01   0.34207480E-03   0.13901202E-01  -0.59949555E-04
  6.5961174       0.60092907E-01   0.35773217E-03   0.30956632E-01  -0.98888212E-04
  6.6267970       0.54736063E-01   0.36323422E-03   0.41555858E-01  -0.13610671E-03
  6.6574766       0.49110575E-01   0.35735246E-03   0.45373544E-01  -0.16105253E-03
  6.6881562       0.43583049E-01   0.34586044E-03   0.43445034E-01  -0.16807843E-03
  6.7188359       0.38394666E-01   0.34138879E-03   0.37334400E-01  -0.16213126E-03
  6.7495155       0.33630154E-01   0.35711742E-03   0.28469678E-01  -0.15743158E-03
  6.7801951       0.29254635E-01   0.39618749E-03   0.17992149E-01  -0.16975162E-03
  6.8108747       0.25205817E-01   0.44979973E-03   0.70261808E-02  -0.20768786E-03
  6.8415543       0.21496656E-01   0.50604320E-03  -0.30393474E-02  -0.26897699E-03
  6.8722339       0.18278937E-01   0.55721536E-03  -0.10633809E-01  -0.34396939E-03
  6.9029135       0.15827510E-01   0.60156147E-03  -0.14492039E-01  -0.42296597E-03
  6.9335932       0.14404821E-01   0.64150248E-03  -0.14220207E-01  -0.50145165E-03
  6.9642728       0.14043938E-01   0.68007772E-03  -0.10504506E-01  -0.57933055E-03
  6.9949524       0.14496956E-01   0.71746615E-03  -0.47595395E-02  -0.65535029E-03
  7.0256320       0.15469917E-01   0.74971349E-03   0.15854926E-02  -0.72192743E-03
  7.0563116       0.16845264E-01   0.77032231E-03   0.76953682E-02  -0.76536518E-03
  7.0869912       0.18682776E-01   0.77332574E-03   0.13429722E-01  -0.77217452E-03
  7.1176709       0.21076224E-01   0.75599212E-03   0.18889196E-01  -0.73725543E-03
  7.1483505       0.24014186E-01   0.72011773E-03   0.23752448E-01  -0.66796772E-03
  7.1790301       0.27340361E-01   0.67163420E-03   0.26903531E-01  -0.58098369E-03
  7.2097097       0.30804241E-01   0.61863565E-03   0.26662778E-01  -0.49404624E-03
  7.2403893       0.34137251E-01   0.56834859E-03   0.21543515E-01  -0.41832035E-03
  7.2710689       0.37110949E-01   0.52441973E-03   0.11126894E-01  -0.35623562E-03
  7.3017486       0.39567954E-01   0.48652838E-03  -0.34184420E-02  -0.30530119E-03
  7.3324282       0.41430472E-01   0.45307765E-03  -0.19435508E-01  -0.26385478E-03
  7.3631078       0.42693416E-01   0.42498444E-03  -0.33440633E-01  -0.23359747E-03
  7.3937874       0.43408604E-01   0.40725675E-03  -0.42063831E-01  -0.21682545E-03
  7.4244670       0.43665742E-01   0.40605471E-03  -0.42946357E-01  -0.21095522E-03
  7.4551466       0.43574385E-01   0.42265262E-03  -0.35374707E-01  -0.20545809E-03
  7.4858262       0.43248654E-01   0.45071218E-03  -0.20546702E-01  -0.18464318E-03
  7.5165059       0.42794066E-01   0.48006551E-03  -0.14217153E-02  -0.13517714E-03
  7.5471855       0.42294903E-01   0.50205299E-03   0.17868552E-01  -0.53407711E-04
  7.5778651       0.41802176E-01   0.51223293E-03   0.32997442E-01   0.52507323E-04
  7.6085447       0.41325561E-01   0.51059555E-03   0.40600125E-01   0.16690815E-03
  7.6392243       0.40834677E-01   0.50042980E-03   0.39239245E-01   0.27397917E-03
  7.6699039       0.40272949E-01   0.48660766E-03   0.29785159E-01   0.36281522E-03
  7.7005836       0.39581460E-01   0.47389573E-03   0.15015531E-01   0.42713578E-03
  7.7312632       0.38724279E-01   0.46585653E-03  -0.14082133E-02   0.46114036E-03
  7.7619428       0.37704404E-01   0.46454208E-03  -0.16125842E-01   0.45622319E-03
  7.7926224       0.36561569E-01   0.47058211E-03  -0.26908327E-01   0.40256219E-03
  7.8233020       0.35349540E-01   0.48311998E-03  -0.32858163E-01   0.29549460E-03
  7.8539816       0.34100138E-01   0.49964054E-03  -0.34086748E-01   0.14231493E-03
  7.8846612       0.32791291E-01   0.51624605E-03  -0.31240101E-01  -0.35919137E-04
  7.9153409       0.31339699E-01   0.52863009E-03  -0.25219713E-01  -0.20989106E-03
  7.9460205       0.29629399E-01   0.53334167E-03  -0.17174089E-01  -0.35219140E-03
  7.9767001       0.27571335E-01   0.52868682E-03  -0.85452437E-02  -0.44635776E-03
  8.0073797       0.25179756E-01   0.51483732E-03  -0.88235005E-03  -0.48996813E-03
  8.0380593       0.22653508E-01   0.49312131E-03   0.46537244E-02  -0.49118173E-03
  8.0687389       0.20444377E-01   0.46492612E-03   0.78431383E-02  -0.46233401E-03
  8.0994186       0.19227961E-01   0.43101951E-03   0.95960199E-02  -0.41531523E-03
  8.1300982       0.19587901E-01   0.39209428E-03   0.11515249E-01  -0.36093951E-03
  8.1607778       0.21523361E-01   0.35080989E-03   0.14976669E-01  -0.31063786E-03
  8.1914574       0.24446315E-01   0.31470346E-03   0.20238004E-01  -0.27681875E-03
  8.2221370       0.27645642E-01   0.29724445E-03   0.26133537E-01  -0.26970152E-03
  8.2528166       0.30585729E-01   0.31067768E-03   0.30571792E-01  -0.29202794E-03
  8.2834963       0.32961017E-01   0.35318927E-03   0.31546959E-01  -0.33570316E-03
  8.3141759       0.34671820E-01   0.41034515E-03   0.28053922E-01  -0.38376782E-03
  8.3448555       0.35785364E-01   0.46720471E-03   0.20391346E-01  -0.41748047E-03
  8.3755351       0.36483190E-01   0.51428170E-03   0.97797922E-02  -0.42446414E-03
  8.4062147       0.36987908E-01   0.54805819E-03  -0.23108024E-02  -0.40287352E-03
  8.4368943       0.37475845E-01   0.56980805E-03  -0.14581731E-01  -0.35925439E-03
  8.4675739       0.38002811E-01   0.58347312E-03  -0.25810746E-01  -0.30219328E-03
  8.4982536       0.38477750E-01   0.59285433E-03  -0.34468506E-01  -0.23665191E-03
  8.5289332       0.38697169E-01   0.59918273E-03  -0.38587340E-01  -0.16295501E-03
  8.5596128       0.38418733E-01   0.60049743E-03  -0.36292759E-01  -0.80537313E-04
  8.5902924       0.37438538E-01   0.59319838E-03  -0.26892251E-01   0.72104846E-05
  8.6209720       0.35648275E-01   0.57461265E-03  -0.11878498E-01   0.91416387E-04
  8.6516516       0.33065846E-01   0.54502553E-03   0.49394269E-02   0.16116631E-03
  8.6823313       0.29842701E-01   0.50825538E-03   0.18550113E-01   0.20948039E-03
  8.7130109       0.26253065E-01   0.47046859E-03   0.24726971E-01   0.23725522E-03
  8.7436905       0.22666591E-01   0.43740876E-03   0.21914482E-01   0.25206520E-03
  8.7743701       0.19495175E-01   0.41123522E-03   0.11990439E-01   0.26262582E-03
  8.8050497       0.17088913E-01   0.38936983E-03  -0.55276610E-03   0.27300972E-03
  8.8357293       0.15577063E-01   0.36668949E-03  -0.10615401E-01   0.28081986E-03
  8.8664090       0.14766558E-01   0.33922565E-03  -0.14671048E-01   0.28041204E-03
  8.8970886       0.14251832E-01   0.30659650E-03  -0.12066933E-01   0.26838671E-03
  8.9277682       0.13645929E-01   0.27213134E-03  -0.49222665E-02   0.24695479E-03
  8.9584478       0.12721446E-01   0.24088518E-03   0.31465038E-02   0.22263199E-03
  8.9891274       0.11431401E-01   0.21621179E-03   0.87185255E-02   0.20150294E-03
  9.0198070       0.98914089E-02   0.19702675E-03   0.98742612E-02   0.18499936E-03
  9.0504866       0.83870378E-02   0.17879396E-03   0.66675683E-02   0.16963584E-03
  9.0811663       0.74112008E-02   0.15772475E-03   0.79423058E-03   0.15088618E-03
  9.1118459       0.75278281E-02   0.13450638E-03  -0.52069613E-02   0.12799349E-03
  9.1425255       0.88513012E-02   0.11563507E-03  -0.88512971E-02   0.10570349E-03
  9.1732051       0.10963839E-01   0.11001451E-03  -0.84692458E-02   0.91340995E-04
  9.2038847       0.13411456E-01   0.11842863E-03  -0.37222085E-02   0.89386810E-04
  9.2345643       0.15884275E-01   0.13122082E-03   0.42124796E-02   0.97783611E-04
  9.2652440       0.18170061E-01   0.13904125E-03   0.12892081E-01   0.10894437E-03
  9.2959236       0.20109923E-01   0.13815817E-03   0.19336825E-01   0.11481891E-03
  9.3266032       0.21582401E-01   0.13020063E-03   0.21082433E-01   0.11222430E-03
  9.3572828       0.22501812E-01   0.12058315E-03   0.17170856E-01   0.10443396E-03
  9.3879624       0.22820825E-01   0.11517742E-03   0.86099573E-02   0.97915427E-04
  9.4186420       0.22532478E-01   0.11530491E-03  -0.19795298E-02   0.96845524E-04
  9.4493217       0.21669804E-01   0.11643873E-03  -0.11414480E-01   0.99698278E-04
  9.4800013       0.20302668E-01   0.11282150E-03  -0.17204340E-01   0.10051383E-03
  9.5106809       0.18531646E-01   0.10177550E-03  -0.18404756E-01   0.93761365E-04
  9.5413605       0.16478367E-01   0.85210900E-04  -0.15700775E-01   0.78909543E-04
  9.5720401       0.14271119E-01   0.69887118E-04  -0.10790957E-01   0.61093302E-04
  9.6027197       0.12024843E-01   0.64800310E-04  -0.55063543E-02   0.47370627E-04
  9.6333993       0.98171156E-02   0.70786609E-04  -0.11604208E-02   0.41535050E-04
  9.6640790       0.76674758E-02   0.78965338E-04   0.16231700E-02   0.41560659E-04
  9.6947586       0.55347464E-02   0.83080692E-04   0.27168312E-02   0.41651064E-04
  9.7254382       0.33558061E-02   0.83958495E-04   0.22492182E-02   0.37220332E-04
  9.7561178       0.13315252E-02   0.88080115E-04   0.56465944E-03   0.28829161E-04
  9.7867974       0.22788664E-02   0.10133522E-03  -0.16402300E-02   0.21941589E-04
  9.8174770       0.50410630E-02   0.12190577E-03  -0.32535283E-02   0.22680840E-04
  9.8481567       0.80738864E-02   0.14296118E-03  -0.30050473E-02   0.32931367E-04
  9.8788363       0.11136279E-01   0.15882175E-03  -0.45271084E-04   0.48665669E-04
  9.9095159       0.14030614E-01   0.16769974E-03   0.54514768E-02   0.62857168E-04
  9.9401955       0.16565139E-01   0.17235867E-03   0.12073572E-01   0.70757066E-04
  9.9708751       0.18573603E-01   0.17897797E-03   0.17584578E-01   0.73474220E-04
