# data: r, chi, fit, path1, path2
#------------------------
#   r         chir_mag       chir_mag      chir_mag        chir_mag        chir_re       chir_re
  0.0000000       0.26312338E-01   0.10524700E-01   0.12929909E-01   0.24182157E-02   0.26312338E-01   0.10524700E-01
  0.30679616E-01   0.26357104E-01   0.10608829E-01   0.12993088E-01   0.24335218E-02   0.26351144E-01   0.10594002E-01
  0.61359232E-01   0.26511323E-01   0.10851105E-01   0.13172566E-01   0.24810847E-02   0.26487480E-01   0.10795232E-01
  0.92038847E-01   0.26807437E-01   0.11228204E-01   0.13444673E-01   0.25646687E-02   0.26750790E-01   0.11112771E-01
  0.12271846       0.27232172E-01   0.11719114E-01   0.13786697E-01   0.26871834E-02   0.27116538E-01   0.11532638E-01
  0.15339808       0.27691139E-01   0.12318194E-01   0.14189516E-01   0.28474747E-02   0.27470537E-01   0.12053031E-01
  0.18407769       0.28035003E-01   0.13038620E-01   0.14661635E-01   0.30388645E-02   0.27646854E-01   0.12689205E-01
  0.21475731       0.28137113E-01   0.13906171E-01   0.15225017E-01   0.32504562E-02   0.27529101E-01   0.13470762E-01
  0.24543693       0.27976880E-01   0.14948160E-01   0.15907718E-01   0.34704617E-02   0.27149255E-01   0.14433436E-01
  0.27611654       0.27682221E-01   0.16183260E-01   0.16738036E-01   0.36897488E-02   0.26708825E-01   0.15609155E-01
  0.30679616       0.27501829E-01   0.17615880E-01   0.17741065E-01   0.39040203E-02   0.26498258E-01   0.17017420E-01
  0.33747577       0.27708996E-01   0.19235660E-01   0.18935262E-01   0.41140149E-02   0.26767282E-01   0.18659603E-01
  0.36815539       0.28491894E-01   0.21020997E-01   0.20327593E-01   0.43241941E-02   0.27638572E-01   0.20517144E-01
  0.39883500       0.29918441E-01   0.22945378E-01   0.21909556E-01   0.45410497E-02   0.29119736E-01   0.22554774E-01
  0.42951462       0.31996556E-01   0.24985539E-01   0.23658652E-01   0.47720334E-02   0.31178207E-01   0.24729266E-01
  0.46019424       0.34735715E-01   0.27130046E-01   0.25547532E-01   0.50252074E-02   0.33778418E-01   0.27002159E-01
  0.49087385       0.38113327E-01   0.29386380E-01   0.27558362E-01   0.53088045E-02   0.36810562E-01   0.29352464E-01
  0.52155347       0.41969466E-01   0.31784939E-01   0.29696722E-01   0.56298905E-02   0.39956411E-01   0.31784848E-01
  0.55223308       0.45946763E-01   0.34379889E-01   0.31999995E-01   0.59923768E-02   0.42642453E-01   0.34331175E-01
  0.58291270       0.49557762E-01   0.37248602E-01   0.34538762E-01   0.63957177E-02   0.44211220E-01   0.37046849E-01
  0.61359232       0.52361711E-01   0.40491936E-01   0.37413859E-01   0.68354953E-02   0.44277686E-01   0.40004748E-01
  0.64427193       0.54174433E-01   0.44235733E-01   0.40753367E-01   0.73056961E-02   0.43045443E-01   0.43286862E-01
  0.67495155       0.55224156E-01   0.48630622E-01   0.44711416E-01   0.78011100E-02   0.41314225E-01   0.46968822E-01
  0.70563116       0.56156526E-01   0.53845355E-01   0.49465688E-01   0.83182328E-02   0.40099410E-01   0.51090194E-01
  0.73631078       0.57803913E-01   0.60051079E-01   0.55207679E-01   0.88544087E-02   0.40091775E-01   0.55607224E-01
  0.76699039       0.60785853E-01   0.67399658E-01   0.62122949E-01   0.94066463E-02   0.41358576E-01   0.60334110E-01
  0.79767001       0.65283265E-01   0.76003972E-01   0.70366143E-01   0.99721896E-02   0.43534739E-01   0.64888246E-01
  0.82834963       0.71296974E-01   0.85927939E-01   0.80040964E-01   0.10551839E-01   0.46339543E-01   0.68658116E-01
  0.85902924       0.79196210E-01   0.97188837E-01   0.91193503E-01   0.11154801E-01   0.49899634E-01   0.70807317E-01
  0.88970886       0.89999261E-01   0.10976886       0.10382025       0.11802003E-01   0.54406484E-01   0.70317664E-01
  0.92038847       0.10498695       0.12363027       0.11788571       0.12524724E-01   0.59146229E-01   0.66064705E-01
  0.95106809       0.12485638       0.13872959       0.13334247       0.13357591E-01   0.61571756E-01   0.56914371E-01
  0.98174770       0.14915446       0.15502869       0.15014838       0.14328648E-01   0.57311154E-01   0.41829778E-01
  1.0124273       0.17639921       0.17250279       0.16827825       0.15451662E-01   0.41525752E-01   0.19979532E-01
  1.0431069       0.20462691       0.19114585       0.18773015       0.16724723E-01   0.11083427E-01  -0.91586341E-02
  1.0737866       0.23200053       0.21097282       0.20852673       0.18134945E-01  -0.33724219E-01  -0.45701362E-01
  1.1044662       0.25731482       0.23201729       0.23071178       0.19665494E-01  -0.89087923E-01  -0.89266140E-01
  1.1351458       0.28031789       0.25432230       0.25434115       0.21300806E-01  -0.14937363      -0.13886880
  1.1658254       0.30175431       0.27792325       0.27946691       0.23028220E-01  -0.20951322      -0.19279809
  1.1965050       0.32304447       0.30282410       0.30611460       0.24836901E-01  -0.26643759      -0.24846528
  1.2271846       0.34563403       0.32897006       0.33425515       0.26716183E-01  -0.31852585      -0.30225442
  1.2578642       0.37026764       0.35622098       0.36377480       0.28654934E-01  -0.36350175      -0.34943507
  1.2885439       0.39657501       0.38432883       0.39444674       0.30642030E-01  -0.39644949      -0.38422887
  1.3192235       0.42320001       0.41292060       0.42590769       0.32666844E-01  -0.40967932      -0.40013012
  1.3499031       0.44835768       0.44148633       0.45764107       0.34718644E-01  -0.39492823      -0.39056216
  1.3805827       0.47049480       0.46937203       0.48896777       0.36784884E-01  -0.34670665      -0.34990154
  1.4112623       0.48876444       0.49577852       0.51904590       0.38849689E-01  -0.26475527      -0.27482019
  1.4419419       0.50316592       0.51976980       0.54688211       0.40894323E-01  -0.15422594      -0.16577663
  1.4726216       0.51433085       0.54029582       0.57135863       0.42900652E-01  -0.23876479E-01  -0.28339652E-01
  1.5033012       0.52304661       0.55623420       0.59127976       0.44857080E-01   0.11603017       0.12610974
  1.5339808       0.52970888       0.56645250       0.60543972       0.46765150E-01   0.25444251       0.28080139
  1.5646604       0.53394286       0.56988849       0.61270981       0.48644698E-01   0.37864692       0.41549566
  1.5953400       0.53456352       0.56564124       0.61213812       0.50536336E-01   0.47339220       0.50990583
  1.6260196       0.52987472       0.55306258       0.60305115       0.52501533E-01   0.52221072       0.54808509
  1.6566993       0.51815077       0.53183700       0.58514404       0.54621791E-01   0.51187221       0.52269661
  1.6873789       0.49810050       0.50203863       0.55854629       0.56998758E-01   0.43850844       0.43780431
  1.7180585       0.46917505       0.46415675       0.52385222       0.59756343E-01   0.31211557       0.30901766
  1.7487381       0.43167195       0.41908504       0.48210954       0.63044480E-01   0.15631723       0.16053858
  1.7794177       0.38665557       0.36807423       0.43476507       0.67043005E-01   0.25463393E-02   0.19686003E-01
  1.8100973       0.33574901       0.31265293       0.38357227       0.71963720E-01  -0.11919929      -0.89580449E-01
  1.8407769       0.28086439       0.25452716       0.33047037       0.78049427E-01  -0.18905209      -0.15217034
  1.8714566       0.22394577       0.19548071       0.27744872       0.85569956E-01  -0.20189539      -0.16472651
  1.9021362       0.16682266       0.13734142       0.22641248       0.94816429E-01  -0.16667602      -0.13510253
  1.9328158       0.11142079       0.82348091E-01   0.17906646       0.10609555      -0.10174393      -0.78920724E-01
  1.9634954       0.61816419E-01   0.37504761E-01   0.13683447       0.11972528      -0.28862901E-01  -0.14647776E-01
  1.9941750       0.40491394E-01   0.42722222E-01   0.10083205       0.13603213       0.31880778E-01   0.41038311E-01
  2.0248546       0.72895248E-01   0.84009213E-01   0.71909568E-01   0.15534870       0.65420743E-01   0.76207674E-01
  2.0555343       0.11920417       0.12773385       0.50744665E-01   0.17800937       0.63553657E-01   0.84468391E-01
  2.0862139       0.16616062       0.17084735       0.37723112E-01   0.20434136       0.25670176E-01   0.64036834E-01
  2.1168935       0.21149259       0.21384593       0.31962600E-01   0.23464936      -0.41743056E-01   0.16131842E-01
  2.1475731       0.25467519       0.25778439       0.30520023E-01   0.26919297      -0.12719527      -0.56227257E-01
  2.1782527       0.29608571       0.30371748       0.30284153E-01   0.30815754      -0.21765646      -0.14838609
  2.2089323       0.33703712       0.35245969       0.29686600E-01   0.35161975      -0.30208271      -0.25321405
  2.2396120       0.37973757       0.40446754       0.28361258E-01   0.39950989      -0.37309487      -0.35985852
  2.2702916       0.42689371       0.45980249       0.26453963E-01   0.45157298      -0.42562285      -0.45297884
  2.3009712       0.48094532       0.51814225       0.24244063E-01   0.50733136      -0.45321310      -0.51329432
  2.3316508       0.54321123       0.57881163       0.21984994E-01   0.56605241      -0.44459419      -0.51996468
  2.3623304       0.61335152       0.64081565       0.19852039E-01   0.62672643      -0.38361807      -0.45482893
  2.3930100       0.68935350       0.70287130       0.17940574E-01   0.68806063      -0.25422977      -0.30792551
  2.4236896       0.76793116       0.76344393       0.16284491E-01   0.74849545      -0.49327117E-01  -0.83071727E-01
  2.4543693       0.84508618       0.82079779       0.14877018E-01   0.80624794       0.22020011       0.19825656
  2.4850489       0.91663648       0.87306802       0.13686092E-01   0.85938431       0.52084887       0.49667340
  2.5157285       0.97862960       0.91835623       0.12664524E-01   0.90591949       0.79957690       0.75969779
  2.5464081        1.0276317       0.95484553       0.11758476E-01   0.94393756       0.99495356       0.93178964
  2.5770877        1.0609146       0.98092562       0.10916131E-01   0.97172279        1.0535981       0.96789866
  2.6077673        1.0765714       0.99531548       0.10095404E-01   0.98788845       0.94691435       0.84699985
  2.6384470        1.0735861       0.99716977       0.92685499E-02   0.99148961       0.68259623       0.58116033
  2.6691266        1.0518744       0.98615686       0.84228314E-02   0.98210738       0.30660247       0.21632000
  2.6998062        1.0122981       0.96249891       0.75581683E-02   0.95989450      -0.10603986      -0.17672245
  2.7304858       0.95664508       0.92696918       0.66834555E-02   0.92557654      -0.46978703      -0.51931773
  2.7611654       0.88755777       0.88084627       0.58130164E-02   0.88040801      -0.71135513      -0.74511748
  2.7918450       0.80839708       0.82582981       0.49639011E-02   0.82608748      -0.78961037      -0.81704874
  2.8225246       0.72303414       0.76392603       0.41540360E-02   0.76464025      -0.70586795      -0.73565556
  2.8532043       0.63557698       0.69731482       0.34008437E-02   0.69828059      -0.50097255      -0.53631956
  2.8838839       0.55005127       0.62821094       0.27199480E-02   0.62926700      -0.24034621      -0.27677685
  2.9145635       0.47006422       0.55873224       0.21237971E-02   0.55976412       0.72546987E-02  -0.19603184E-01
  2.9452431       0.39848486       0.49078592       0.16203190E-02   0.49172341       0.18935546       0.18433867
  2.9759227       0.33717700       0.42598144       0.12118933E-02   0.42679160       0.28110603       0.30650419
  3.0066023       0.28683183       0.36557479       0.89494650E-03   0.36625237       0.28574560       0.34305812
  3.0372820       0.24696464       0.31044541       0.66037155E-03   0.31100248       0.22628623       0.30992971
  3.0679616       0.21613417       0.26110334       0.49482202E-03   0.26155987       0.13355050       0.23368273
  3.0986412       0.19236156       0.21772157       0.38278228E-03   0.21809830       0.35841263E-01   0.14201656
  3.1293208       0.17359897       0.18018689       0.30913984E-03   0.18050104      -0.46753070E-01   0.56844287E-01
  3.1600004       0.15806574       0.14816205       0.26178424E-03   0.14842573      -0.10340911      -0.88096511E-02
  3.1906800       0.14438786       0.12115230       0.23368795E-03   0.12137313      -0.13093022      -0.50500041E-01
  3.2213597       0.13160780       0.98570880E-01   0.22364495E-03   0.98753318E-01  -0.13155632      -0.70012667E-01
  3.2520393       0.11915720       0.79798342E-01   0.23394890E-03   0.79944952E-01  -0.11125945      -0.72473803E-01
  3.2827189       0.10683360       0.64232058E-01   0.26512015E-03   0.64343804E-01  -0.78349038E-01  -0.63949961E-01
  3.3133985       0.94777420E-01   0.51322590E-01   0.31328817E-03   0.51398368E-01  -0.41792530E-01  -0.49936824E-01
  3.3440781       0.83437235E-01   0.40595314E-01   0.37266580E-03   0.40631509E-01  -0.91274199E-02  -0.34662768E-01
  3.3747577       0.73520319E-01   0.31657888E-01   0.43841231E-03   0.31649101E-01   0.15412204E-01  -0.20935824E-01
  3.4054373       0.65916936E-01   0.24196925E-01   0.50740690E-03   0.24138926E-01   0.31629644E-01  -0.10277800E-01
  3.4361170       0.61541113E-01   0.17969765E-01   0.57760922E-03   0.17865533E-01   0.42454119E-01  -0.31828743E-02
  3.4667966       0.61024714E-01   0.12799685E-01   0.64695769E-03   0.12670251E-01   0.51715967E-01   0.58534644E-03
  3.4974762       0.64407879E-01   0.85897592E-02   0.71254397E-03   0.84966454E-02   0.61630424E-01   0.17081678E-02
  3.5281558       0.71154366E-01   0.54030065E-02   0.77053238E-03   0.55008552E-02   0.71154065E-01   0.10704252E-02
  3.5588354       0.80460772E-01   0.37161372E-02   0.81684248E-03   0.42445650E-02   0.75961820E-01  -0.42239311E-03
  3.5895150       0.91496170E-01   0.40358956E-02   0.84821625E-03   0.48601267E-02   0.70097868E-01  -0.19740027E-02
  3.6201947       0.10345020       0.53449354E-02   0.86315989E-03   0.62149968E-02   0.48701934E-01  -0.29875275E-02
  3.6508743       0.11550123       0.66996018E-02   0.86235421E-03   0.75542612E-02   0.10797378E-01  -0.31211302E-02
  3.6815539       0.12679865       0.78246942E-02   0.84834353E-03   0.86547495E-02  -0.38976858E-01  -0.23013231E-02
  3.7122335       0.13648568       0.86626677E-02   0.82457569E-03   0.94688567E-02  -0.90565175E-01  -0.68527087E-03
  3.7429131       0.14375642       0.92205967E-02   0.79414712E-03   0.10004501E-01  -0.13089914       0.14210654E-02
  3.7735927       0.14793292       0.95294209E-02   0.75881057E-03   0.10289249E-01  -0.14793285       0.36621516E-02
  3.8042724       0.14854728       0.96278157E-02   0.71874301E-03   0.10356211E-01  -0.13494740       0.57158705E-02
  3.8349520       0.14541697       0.95528326E-02   0.67316907E-03   0.10237261E-01  -0.93442628E-01   0.73397826E-02
  3.8656316       0.13870848       0.93348175E-02   0.62145067E-03   0.99604830E-02  -0.33350348E-01   0.83831837E-02
  3.8963112       0.12899638       0.89968183E-02   0.56408575E-03   0.95508329E-02   0.29654561E-01   0.87827200E-02
  3.9269908       0.11734064       0.85578352E-02   0.50330877E-03   0.90326887E-02   0.78791238E-01   0.85568718E-02
  3.9576704       0.10541179       0.80377310E-02   0.44340206E-03   0.84325144E-02   0.10108270       0.78002948E-02
  3.9883500       0.95625938E-01   0.74609659E-02   0.39105369E-03   0.77800148E-02   0.90920944E-01   0.66680604E-02
  4.0190297       0.90954640E-01   0.68569728E-02   0.35560747E-03   0.71069959E-02   0.51367665E-01   0.53429136E-02
  4.0497093       0.93762704E-01   0.62565805E-02   0.34725393E-03   0.64442632E-02  -0.68566450E-02   0.39925968E-02
  4.0803889       0.10420693       0.56857941E-02   0.37108281E-03   0.58178542E-02  -0.68135466E-01   0.27356431E-02
  4.1110685       0.12035532       0.51599092E-02   0.42249996E-03   0.52462873E-02  -0.11570272       0.16316105E-02
  4.1417481       0.13973749       0.46814248E-02   0.49069960E-03   0.47400130E-02  -0.13561634       0.69652411E-03
  4.1724277       0.16028744       0.42434942E-02   0.56421336E-03   0.43029118E-02  -0.12019849      -0.71438225E-04
  4.2031074       0.18047230       0.38371706E-02   0.63314818E-03   0.39342825E-02  -0.70131822E-01  -0.67470357E-03
  4.2337870       0.19919241       0.34581218E-02   0.68957789E-03   0.36295550E-02   0.54909406E-02  -0.11157286E-02
  4.2644666       0.21570463       0.31090023E-02   0.72771707E-03   0.33794816E-02   0.91389346E-01  -0.14063178E-02
  4.2951462       0.22958961       0.27965517E-02   0.74413978E-03   0.31696424E-02   0.17002639      -0.15731715E-02
  4.3258258       0.24073130       0.25257247E-02   0.73788316E-03   0.29825221E-02   0.22596912      -0.16519890E-02
  4.3565054       0.24928001       0.22952905E-02   0.71030803E-03   0.28024259E-02   0.24921606      -0.16746641E-02
  4.3871851       0.25558520       0.20988032E-02   0.66471003E-03   0.26210755E-02   0.23655355      -0.16610207E-02
  4.4178647       0.26010029       0.19308083E-02   0.60578993E-03   0.24410749E-02   0.19095057      -0.16221249E-02
  4.4485443       0.26327705       0.17934020E-02   0.53917308E-03   0.22753471E-02   0.11980097      -0.15710252E-02
  4.4792239       0.26547635       0.16969818E-02   0.47118661E-03   0.21418777E-02   0.33025043E-01  -0.15294190E-02
  4.5099035       0.26692025       0.16523154E-02   0.40897566E-03   0.20549525E-02  -0.58365013E-01  -0.15221534E-02
  4.5405831       0.26769598       0.16586876E-02   0.36055631E-03   0.20173235E-02  -0.14324826      -0.15627004E-02
  4.5712627       0.26780141       0.16995695E-02   0.33342351E-03   0.20192299E-02  -0.21128683      -0.16417367E-02
  4.6019424       0.26720501       0.17507411E-02   0.33055862E-03   0.20450336E-02  -0.25397748      -0.17294959E-02
  4.6326220       0.26589054       0.17925007E-02   0.34728568E-03   0.20813075E-02  -0.26575670      -0.17916282E-02
  4.6633016       0.26386736       0.18168026E-02   0.37404561E-03   0.21205777E-02  -0.24482555      -0.18071910E-02
  4.6939812       0.26114564       0.18273202E-02   0.40178919E-03   0.21601161E-02  -0.19345944      -0.17756019E-02
  4.7246608       0.25769357       0.18341613E-02   0.42480887E-03   0.21985597E-02  -0.11784902      -0.17084418E-02
  4.7553404       0.25340274       0.18461314E-02   0.44116868E-03   0.22334339E-02  -0.27658659E-01  -0.16141744E-02
  4.7860201       0.24808468       0.18647010E-02   0.45216331E-03   0.22611251E-02   0.64683208E-01  -0.14889614E-02
  4.8166997       0.24150679       0.18833833E-02   0.46117758E-03   0.22787667E-02   0.14525333      -0.13207975E-02
  4.8473793       0.23345746       0.18924531E-02   0.47192035E-03   0.22862273E-02   0.20080358      -0.11025755E-02
  4.8780589       0.22381820       0.18852089E-02   0.48644290E-03   0.22865321E-02   0.22172800      -0.84236789E-03
  4.9087385       0.21261817       0.18618963E-02   0.50394125E-03   0.22842256E-02   0.20497948      -0.56206291E-03
  4.9394181       0.20005551       0.18296408E-02   0.52107723E-03   0.22826170E-02   0.15559668      -0.28559404E-03
  4.9700978       0.18648189       0.17988260E-02   0.53344131E-03   0.22817724E-02   0.85763454E-01  -0.26456120E-04
  5.0007774       0.17235920       0.17779460E-02   0.53714534E-03   0.22787742E-02   0.11361117E-01   0.21598820E-03
  5.0314570       0.15820546       0.17700639E-02   0.52987721E-03   0.22702166E-02  -0.52763879E-01   0.44997146E-03
  5.0621366       0.14454962       0.17732479E-02   0.51132915E-03   0.22553420E-02  -0.96888337E-01   0.68159214E-03
  5.0928162       0.13191032       0.17843099E-02   0.48320333E-03   0.22378086E-02  -0.11824334       0.91046077E-03
  5.1234958       0.12080297       0.18025296E-02   0.44904767E-03   0.22248267E-02  -0.12012524       0.11330292E-02
  5.1541754       0.11176330       0.18303172E-02   0.41409172E-03   0.22237869E-02  -0.10910425       0.13480136E-02
  5.1848551       0.10535890       0.18702941E-02   0.38499206E-03   0.22380879E-02  -0.91827105E-01   0.15562179E-02
  5.2155347       0.10215106       0.19210195E-02   0.36889065E-03   0.22647275E-02  -0.72717238E-01   0.17527645E-02
  5.2462143       0.10258772       0.19747271E-02   0.37104318E-03   0.22951995E-02  -0.53122961E-01   0.19180589E-02
  5.2768939       0.10686549       0.20188261E-02   0.39198873E-03   0.23188737E-02  -0.31738291E-01   0.20170144E-02
  5.3075735       0.11484540       0.20400194E-02   0.42720817E-03   0.23265876E-02  -0.58223188E-02   0.20107763E-02
  5.3382531       0.12606612       0.20285343E-02   0.46970481E-03   0.23127029E-02   0.27170478E-01   0.18754270E-02
  5.3689328       0.13981229       0.19806588E-02   0.51272081E-03   0.22752592E-02   0.67811699E-01   0.16160090E-02
  5.3996124       0.15518095       0.18990482E-02   0.55109644E-03   0.22149040E-02   0.11314784       0.12668244E-02
  5.4302920       0.17113514       0.17911140E-02   0.58167183E-03   0.21336611E-02   0.15602743       0.87830209E-03
  5.4609716       0.18656252       0.16662934E-02   0.60326540E-03   0.20344289E-02   0.18602555       0.49930178E-03
  5.4916512       0.20035130       0.15333191E-02   0.61639515E-03   0.19215160E-02   0.19222620       0.16503963E-03
  5.5223308       0.21147954       0.13986944E-02   0.62275151E-03   0.18017669E-02   0.16720810      -0.10531204E-03
  5.5530105       0.21910425       0.12671015E-02   0.62446774E-03   0.16852094E-02   0.11070631      -0.30502494E-03
  5.5836901       0.22263466       0.11433598E-02   0.62335035E-03   0.15839177E-02   0.31198455E-01  -0.43664982E-03
  5.6143697       0.22177744       0.10343040E-02   0.62031921E-03   0.15083207E-02  -0.55630282E-01  -0.51196106E-03
  5.6450493       0.21654771       0.94834045E-03   0.61526038E-03   0.14620759E-02  -0.13124293      -0.55187716E-03
  5.6757289       0.20724622       0.89133355E-03   0.60729852E-03   0.14390630E-02  -0.17983612      -0.58149348E-03
  5.7064085       0.19440858       0.86098489E-03   0.59528515E-03   0.14255315E-02  -0.19300969      -0.61974052E-03
  5.7370881       0.17873711       0.84552962E-03   0.57823426E-03   0.14060922E-02  -0.17181334      -0.66964440E-03
  5.7677678       0.16102714       0.82931627E-03   0.55553988E-03   0.13695007E-02  -0.12561172      -0.71726311E-03
  5.7984474       0.14209988       0.80066318E-03   0.52697366E-03   0.13117738E-02  -0.68464252E-01  -0.74217397E-03
  5.8291270       0.12275164       0.75712978E-03   0.49257678E-03   0.12365911E-02  -0.14523877E-01  -0.73347929E-03
  5.8598066       0.10372746       0.70726664E-03   0.45258743E-03   0.11537371E-02   0.25922088E-01  -0.70002241E-03
  5.8904862       0.85726023E-01   0.66854420E-03   0.40749273E-03   0.10761087E-02   0.48608451E-01  -0.66674556E-03
  5.9211658       0.69444161E-01   0.65919982E-03   0.35820667E-03   0.10156469E-02   0.55239535E-01  -0.65893507E-03
  5.9518455       0.55665970E-01   0.68531589E-03   0.30630715E-03   0.97915967E-03   0.51571315E-01  -0.68505215E-03
  5.9825251       0.45352358E-01   0.73572272E-03   0.25425720E-03   0.96608141E-03   0.44517168E-01  -0.72998258E-03
  6.0132047       0.39482429E-01   0.79123447E-03   0.20558393E-03   0.96968942E-03   0.39390324E-01  -0.76301994E-03
  6.0438843       0.38273924E-01   0.83572826E-03   0.16498875E-03   0.98054092E-03   0.38248531E-01  -0.75462359E-03
  6.0745639       0.40533798E-01   0.86046095E-03   0.13790253E-03   0.98946109E-03   0.39819960E-01  -0.69073119E-03
  6.1052435       0.44446407E-01   0.86353564E-03   0.12790010E-03   0.98899016E-03   0.40823588E-01  -0.57658958E-03
  6.1359232       0.48621848E-01   0.84750017E-03   0.13287502E-03   0.97396947E-03   0.37924926E-01  -0.43037318E-03
  6.1666028       0.52296013E-01   0.81658155E-03   0.14677389E-03   0.94215905E-03   0.29362212E-01  -0.27337919E-03
  6.1972824       0.55160040E-01   0.77457954E-03   0.16485955E-03   0.89515686E-03   0.15549410E-01  -0.12368473E-03
  6.2279620       0.57205459E-01   0.72427113E-03   0.18501674E-03   0.83928330E-03  -0.14369327E-02   0.50258627E-05
  6.2586416       0.58621217E-01   0.66856516E-03   0.20641458E-03   0.78560841E-03  -0.18990665E-01   0.10285374E-03
  6.2893212       0.59701281E-01   0.61266160E-03   0.22832942E-03   0.74778200E-03  -0.34987734E-01   0.16517361E-03
  6.3200008       0.60738522E-01   0.56554535E-03   0.24977746E-03   0.73668027E-03  -0.48150874E-01   0.19615305E-03
  6.3506805       0.61915142E-01   0.53841409E-03   0.26970063E-03   0.75433833E-03  -0.57744413E-01   0.21025720E-03
  6.3813601       0.63228320E-01   0.53858690E-03   0.28728484E-03   0.79323509E-03  -0.63025243E-01   0.22796230E-03
  6.4120397       0.64487177E-01   0.56334867E-03   0.30211414E-03   0.84207491E-03  -0.62988550E-01   0.26656349E-03
  6.4427193       0.65380074E-01   0.60171029E-03   0.31406835E-03   0.89201025E-03  -0.56678813E-01   0.33182844E-03
  6.4733989       0.65574788E-01   0.64223477E-03   0.32304682E-03   0.93911749E-03  -0.43894884E-01   0.41661530E-03
  6.5040785       0.64809246E-01   0.67882380E-03   0.32870245E-03   0.98353758E-03  -0.25808080E-01   0.50759224E-03
  6.5347582       0.62949373E-01   0.71197035E-03   0.33036388E-03   0.10270329E-02  -0.50328197E-02   0.59482433E-03
  6.5654378       0.60009816E-01   0.74668767E-03   0.32721053E-03   0.10705619E-02   0.14987502E-01   0.67666039E-03
  6.5961174       0.56142929E-01   0.78846819E-03   0.31862138E-03   0.11130910E-02   0.31010268E-01   0.75620766E-03
  6.6267970       0.51603873E-01   0.83928046E-03   0.30453951E-03   0.11520276E-02   0.40936586E-01   0.83263717E-03
  6.6574766       0.46700002E-01   0.89608973E-03   0.28571187E-03   0.11846355E-02   0.44236123E-01   0.89484604E-03
  6.6881562       0.41733533E-01   0.95259596E-03   0.26373747E-03   0.12093460E-02   0.41733533E-01   0.92307182E-03
  6.7188359       0.36949039E-01   0.10024191E-02   0.24093783E-03   0.12261744E-02   0.34982987E-01   0.89759128E-03
  6.7495155       0.32500413E-01   0.10415964E-02   0.22011828E-03   0.12360962E-02   0.25631428E-01   0.80808635E-03
  6.7801951       0.28451168E-01   0.10694241E-02   0.20428580E-03   0.12398346E-02   0.15086805E-01   0.65715896E-03
  6.8108747       0.24811866E-01   0.10876734E-02   0.19629613E-03   0.12368390E-02   0.45444923E-02   0.45664342E-03
  6.8415543       0.21600132E-01   0.10987592E-02   0.19830633E-03   0.12251126E-02  -0.48309913E-02   0.22117953E-03
  6.8722339       0.18892487E-01   0.11038053E-02   0.21111060E-03   0.12020145E-02  -0.11851934E-01  -0.35003798E-04
  6.9029135       0.16830837E-01   0.11016299E-02   0.23385367E-03   0.11655780E-02  -0.15524084E-01  -0.29603453E-03
  6.9335932       0.15555084E-01   0.10891763E-02   0.26440722E-03   0.11156484E-02  -0.15425516E-01  -0.54059448E-03
  6.9642728       0.15087228E-01   0.10630505E-02   0.30003627E-03   0.10543072E-02  -0.11963913E-01  -0.74206753E-03
  6.9949524       0.15286107E-01   0.10212649E-02   0.33794215E-03   0.98540716E-03  -0.62675052E-02  -0.87510378E-03
  7.0256320       0.15953164E-01   0.96434584E-03   0.37560718E-03   0.91340828E-03   0.29464629E-03  -0.92522945E-03
  7.0563116       0.16981842E-01   0.89538548E-03   0.41098579E-03   0.84202690E-03   0.66900773E-02  -0.89484803E-03
  7.0869912       0.18409168E-01   0.81904359E-03   0.44255568E-03   0.77338835E-03   0.12518186E-01  -0.80121681E-03
  7.1176709       0.20346604E-01   0.73985695E-03   0.46923523E-03   0.70820673E-03   0.17807262E-01  -0.66794161E-03
  7.1483505       0.22855796E-01   0.66054362E-03   0.49021019E-03   0.64692499E-03   0.22440565E-01  -0.51620327E-03
  7.1790301       0.25863875E-01   0.58117228E-03   0.50475394E-03   0.59107205E-03   0.25628957E-01  -0.36143096E-03
  7.2097097       0.29167269E-01   0.49976023E-03   0.51213481E-03   0.54382193E-03   0.25868920E-01  -0.21604041E-03
  7.2403893       0.32494879E-01   0.41403548E-03   0.51166640E-03   0.50905653E-03   0.21537437E-01  -0.93631404E-04
  7.2710689       0.35578605E-01   0.32346179E-03   0.50288898E-03   0.48919674E-03   0.11855597E-01  -0.91552668E-05
  7.3017486       0.38204554E-01   0.23101645E-03   0.48581058E-03   0.48349595E-03  -0.23212851E-02   0.26358056E-04
  7.3324282       0.40240866E-01   0.14658707E-03   0.46111296E-03   0.48870150E-03  -0.18371912E-01   0.12574789E-04
  7.3631078       0.41645427E-01   0.10166517E-03   0.43024841E-03   0.50165521E-03  -0.32567932E-01  -0.37694973E-04
  7.3937874       0.42457619E-01   0.13389912E-03   0.39540323E-03   0.52136236E-03  -0.41238018E-01  -0.10298406E-03
  7.4244670       0.42778389E-01   0.20008717E-03   0.35936445E-03   0.54886977E-03  -0.41925492E-01  -0.16168027E-03
  7.4551466       0.42743402E-01   0.26901347E-03   0.32537097E-03   0.58530355E-03  -0.34100458E-01  -0.19862019E-03
  7.4858262       0.42494260E-01   0.33526605E-03   0.29701435E-03   0.62978106E-03  -0.19258643E-01  -0.20583300E-03
  7.5165059       0.42152390E-01   0.39954298E-03   0.27810393E-03   0.67885138E-03  -0.50242473E-03  -0.17871158E-03
  7.5471855       0.41799265E-01   0.46279951E-03   0.27215623E-03   0.72766052E-03   0.18191094E-01  -0.11269902E-03
  7.5778651       0.41465521E-01   0.52415841E-03   0.28128066E-03   0.77174719E-03   0.32842572E-01  -0.46816445E-05
  7.6085447       0.41130451E-01   0.58075205E-03   0.30517086E-03   0.80835757E-03   0.40361582E-01   0.14147265E-03
  7.6392243       0.40732247E-01   0.62880285E-03   0.34131378E-03   0.83679979E-03   0.39306242E-01   0.31016863E-03
  7.6699039       0.40187561E-01   0.66506626E-03   0.38616163E-03   0.85788320E-03   0.30285536E-01   0.47516764E-03
  7.7005836       0.39416803E-01   0.68793062E-03   0.43615989E-03   0.87281880E-03   0.15785977E-01   0.60719041E-03
  7.7312632       0.38369533E-01   0.69781917E-03   0.48822256E-03   0.88216196E-03  -0.61239792E-03   0.68361817E-03
  7.7619428       0.37043074E-01   0.69682696E-03   0.53983307E-03   0.88535118E-03  -0.15367996E-01   0.69432846E-03
  7.7926224       0.35487529E-01   0.68775460E-03   0.58896074E-03   0.88104790E-03  -0.25981303E-01   0.64095184E-03
  7.8233020       0.33792101E-01   0.67292669E-03   0.63388647E-03   0.86800106E-03  -0.31446450E-01   0.53199274E-03
  7.8539816       0.32052410E-01   0.65333319E-03   0.67300659E-03   0.84588517E-03  -0.32046918E-01   0.37888665E-03
  7.8846612       0.30327618E-01   0.62852553E-03   0.70469145E-03   0.81563222E-03  -0.28769830E-01   0.19605068E-03
  7.9153409       0.28606945E-01   0.59728986E-03   0.72726277E-03   0.77907382E-03  -0.22779195E-01   0.33323631E-05
  7.9460205       0.26808622E-01   0.55868632E-03   0.73911102E-03   0.73806309E-03  -0.15225019E-01  -0.17372117E-03
  7.9767001       0.24822464E-01   0.51291961E-03   0.73891901E-03   0.69353687E-03  -0.73133544E-02  -0.30887518E-03
  8.0073797       0.22588314E-01   0.46170307E-03   0.72591860E-03   0.64506730E-03  -0.31778945E-03  -0.38386490E-03
  8.0380593       0.20194860E-01   0.40805677E-03   0.70009889E-03   0.59120598E-03   0.47136996E-02  -0.39522179E-03
  8.0687389       0.17984690E-01   0.35566744E-03   0.66230632E-03   0.53045175E-03   0.74666704E-02  -0.35433535E-03
  8.0994186       0.16603495E-01   0.30802735E-03   0.61421705E-03   0.46233761E-03   0.86842429E-02  -0.28050894E-03
  8.1300982       0.16761565E-01   0.26763024E-03   0.55820815E-03   0.38819455E-03   0.99180088E-02  -0.19180492E-03
  8.1607778       0.18624622E-01   0.23555209E-03   0.49719366E-03   0.31154027E-03   0.12687210E-01  -0.99729588E-04
  8.1914574       0.21632536E-01   0.21164683E-03   0.43451788E-03   0.23865024E-03   0.17495945E-01  -0.10333952E-04
  8.2221370       0.25017034E-01   0.19519014E-03   0.37399681E-03   0.18071773E-03   0.23348740E-01   0.70902340E-04
  8.2528166       0.28183130E-01   0.18539798E-03   0.32013056E-03   0.15663557E-03   0.28131317E-01   0.13564750E-03
  8.2834963       0.30777169E-01   0.18142899E-03   0.27823708E-03   0.17831799E-03   0.29655382E-01   0.17403473E-03
  8.3141759       0.32663118E-01   0.18215796E-03   0.25361982E-03   0.23113328E-03   0.26716662E-01   0.17943157E-03
  8.3448555       0.33888378E-01   0.18627215E-03   0.24882311E-03   0.29744009E-03   0.19526183E-01   0.15228755E-03
  8.3755351       0.34635988E-01   0.19271737E-03   0.26105886E-03   0.36820355E-03   0.93440420E-02   0.99691101E-04
  8.4062147       0.35150821E-01   0.20100017E-03   0.28377992E-03   0.43814241E-03  -0.22830278E-02   0.31271914E-04
  8.4368943       0.35643365E-01   0.21097370E-03   0.31051229E-03   0.50281182E-03  -0.14044093E-01  -0.44636465E-04
  8.4675739       0.36201154E-01   0.22223192E-03   0.33680079E-03   0.55807758E-03  -0.24792466E-01  -0.12111246E-03
  8.4982536       0.36751769E-01   0.23360672E-03   0.36022548E-03   0.60046201E-03  -0.33097380E-01  -0.18937127E-03
  8.5289332       0.37097454E-01   0.24319171E-03   0.37981627E-03   0.62758201E-03  -0.37030752E-01  -0.23611175E-03
  8.5596128       0.36996830E-01   0.24889428E-03   0.39544054E-03   0.63832584E-03  -0.34678231E-01  -0.24562540E-03
  8.5902924       0.36249529E-01   0.24919971E-03   0.40729303E-03   0.63266835E-03  -0.25282536E-01  -0.20700684E-03
  8.6209720       0.34754405E-01   0.24383871E-03   0.41554406E-03   0.61120985E-03  -0.10316902E-01  -0.12217836E-03
  8.6516516       0.32534634E-01   0.23420331E-03   0.42019361E-03   0.57465588E-03   0.63690200E-02  -0.89307449E-05
  8.6823313       0.29735029E-01   0.22343818E-03   0.42112819E-03   0.52349569E-03   0.19717967E-01   0.10380626E-03
  8.7130109       0.26598960E-01   0.21605239E-03   0.41830552E-03   0.45805456E-03   0.25520827E-01   0.18605825E-03
  8.7436905       0.23429343E-01   0.21675566E-03   0.41194863E-03   0.37892401E-03   0.22315112E-01   0.21657569E-03
  8.7743701       0.20533425E-01   0.22863158E-03   0.40264208E-03   0.28765133E-03   0.12086758E-01   0.18761228E-03
  8.8050497       0.18149492E-01   0.25194167E-03   0.39127834E-03   0.18784738E-03  -0.62728794E-03   0.10415220E-03
  8.8357293       0.16368717E-01   0.28464783E-03   0.37887296E-03   0.90827186E-04  -0.10769564E-01  -0.19414987E-04
  8.8664090       0.15099771E-01   0.32366655E-03   0.36633000E-03   0.76468394E-04  -0.14888433E-01  -0.16198123E-03
  8.8970886       0.14123278E-01   0.36556337E-03   0.35426525E-03   0.16780463E-03  -0.12359016E-01  -0.29736632E-03
  8.9277682       0.13206060E-01   0.40672597E-03   0.34296402E-03   0.26651148E-03  -0.52554885E-02  -0.39720997E-03
  8.9584478       0.12194010E-01   0.44354098E-03   0.33246825E-03   0.35678219E-03   0.28676009E-02  -0.43710985E-03
  8.9891274       0.11050283E-01   0.47280377E-03   0.32270755E-03   0.43449025E-03   0.85820376E-02  -0.40476160E-03
  9.0198070       0.98628942E-02   0.49228640E-03   0.31357263E-03   0.49822585E-03   0.98628417E-02  -0.30562461E-03
  9.0504866       0.88493741E-02   0.50126494E-03   0.30488939E-03   0.54809221E-03   0.66286463E-02  -0.16170119E-03
  9.0811663       0.83381145E-02   0.50079208E-03   0.29634206E-03   0.58502794E-03   0.52463976E-03  -0.29569559E-05
  9.1118459       0.86292793E-02   0.49353030E-03   0.28744345E-03   0.61025803E-03  -0.58175824E-02   0.14411486E-03
  9.1425255       0.97610957E-02   0.48303796E-03   0.27762283E-03   0.62499495E-03  -0.97350949E-02   0.26425299E-03
  9.1732051       0.11501866E-01   0.47259551E-03   0.26641888E-03   0.63046909E-03  -0.94293636E-02   0.35365100E-03
  9.2038847       0.13555755E-01   0.46400174E-03   0.25369035E-03   0.62818864E-03  -0.45805764E-02   0.41414397E-03
  9.2345643       0.15678078E-01   0.45701991E-03   0.23973757E-03   0.62017338E-03   0.34926022E-02   0.44674227E-03
  9.2652440       0.17682070E-01   0.44987460E-03   0.22526233E-03   0.60887960E-03   0.12214451E-01   0.44940741E-03
  9.2959236       0.19422578E-01   0.44046969E-03   0.21115763E-03   0.59667808E-03   0.18603356E-01   0.41982057E-03
  9.3266032       0.20786012E-01   0.42755370E-03   0.19819797E-03   0.58503961E-03   0.20327575E-01   0.35970344E-03
  9.3572828       0.21687344E-01   0.41124715E-03   0.18677510E-03   0.57387907E-03   0.16571600E-01   0.27641804E-03
  9.3879624       0.22070646E-01   0.39278278E-03   0.17683543E-03   0.56153346E-03   0.83521983E-02   0.18047101E-03
  9.4186420       0.21910528E-01   0.37364988E-03   0.16806613E-03   0.54546936E-03  -0.18649386E-02   0.81370953E-04
  9.4493217       0.21212955E-01   0.35458424E-03   0.16020259E-03   0.52333971E-03  -0.11095248E-01  -0.14398465E-04
  9.4800013       0.20014578E-01   0.33497881E-03   0.15324441E-03   0.49385889E-03  -0.16917335E-01  -0.10177453E-03
  9.5106809       0.18379998E-01   0.31309207E-03   0.14744106E-03   0.45716550E-03  -0.18255137E-01  -0.17401107E-03
  9.5413605       0.16396509E-01   0.28690378E-03   0.14307137E-03   0.41462726E-03  -0.15565354E-01  -0.22185853E-03
  9.5720401       0.14165889E-01   0.25507363E-03   0.14019050E-03   0.36825278E-03  -0.10423275E-01  -0.23690035E-03
  9.6027197       0.11793034E-01   0.21753013E-03   0.13855182E-03   0.32001332E-03  -0.47693697E-02  -0.21707235E-03
  9.6333993       0.93717949E-02   0.17553534E-03   0.13776964E-03   0.27146789E-03  -0.19360687E-03  -0.17001660E-03
  9.6640790       0.69696674E-02   0.13131017E-03   0.13757963E-03   0.22409637E-03   0.24534150E-02  -0.11118837E-03
  9.6947586       0.46151842E-02   0.87395089E-04   0.13797764E-03   0.18068421E-03   0.30582136E-02  -0.57565442E-04
  9.7254382       0.22942889E-02   0.45965845E-04   0.13912264E-03   0.14786241E-03   0.20060663E-02  -0.21115027E-04
  9.7561178       0.13014933E-03   0.93556935E-05   0.14107067E-03   0.13698061E-03  -0.57748411E-04  -0.61025974E-05
  9.7867974       0.24620556E-02   0.27890083E-04   0.14354251E-03   0.15374214E-03  -0.23284877E-02  -0.11033302E-04
  9.8174770       0.49832982E-02   0.60162126E-04   0.14591059E-03   0.18857497E-03  -0.38554309E-02  -0.32389963E-04
  9.8481567       0.76092781E-02   0.91510348E-04   0.14742002E-03   0.22858566E-03  -0.36467108E-02  -0.66458024E-04
  9.8788363       0.10277825E-01   0.12202987E-03   0.14749498E-03   0.26558804E-03  -0.99385740E-03  -0.10800962E-03
  9.9095159       0.12878415E-01   0.15075141E-03   0.14595961E-03   0.29537950E-03   0.40633989E-02  -0.14809330E-03
  9.9401955       0.15268061E-01   0.17580213E-03   0.14308148E-03   0.31634998E-03   0.10421769E-01  -0.17443168E-03
  9.9708751       0.17293483E-01   0.19505957E-03   0.13943628E-03   0.32858179E-03   0.16065051E-01  -0.17575818E-03
