# data from ifeffit
#------------------------
#   energy    j0        j         xmu
  6912.1140        228878.00        137541.00       0.50926706
  6917.0853        228073.00        138106.00       0.50164425
  6922.0648        227352.00        138638.00       0.49463326
  6927.0524        226618.00        139188.00       0.48744024
  6932.0482        225920.00        139773.00       0.48016128
  6937.0522        225277.00        140382.00       0.47296348
  6942.0644        224698.00        141024.00       0.46582719
  6947.0849        224060.00        141653.00       0.45853347
  6952.1137        223373.00        142233.00       0.45137646
  6957.1507        222686.00        142808.00       0.44426164
  6962.1961        222009.00        143389.00       0.43715670
  6967.2498        221166.00        143882.00       0.42992003
  6972.3118        220425.00        144410.00       0.42290102
  6977.3822        219553.00        144885.00       0.41565334
  6982.4610        218220.00        145232.00       0.40717126
  6987.5482        218799.00        146444.00       0.40151040
  6992.6438        217929.00        146903.00       0.39439682
  6997.7479        217151.00        147422.00       0.38729374
  7002.8605        216392.00        147964.00       0.38012258
  7007.9815        215547.00        148433.00       0.37304531
  7013.1110        214771.00        148949.00       0.36596838
  7018.2491        213983.00        149456.00       0.35889454
  7023.3957        213386.00        150094.00       0.35184097
  7028.5508        212649.00        150628.00       0.34482970
  7033.7146        211853.00        151121.00       0.33781180
  7038.8870        211101.00        151661.00       0.33068892
  7044.0680        210317.00        152174.00       0.32359131
  7049.2576        209530.00        152648.00       0.31673231
  7054.4559        208619.00        153041.00       0.30980376
  7059.6629        207553.00        153323.00       0.30283992
  7064.8786        205272.00        152845.00       0.29491159
  7070.1031        205521.00        154077.00       0.28809574
  7075.3363        207259.00        156072.00       0.28365178
  7080.5783        205459.00        155797.00       0.27669262
  7085.8290        204494.00        156025.00       0.27052238
  7091.0886        203615.00        156257.00       0.26472887
  7096.3570        202799.00        156412.00       0.25972179
  7101.6343        201967.00        156350.00       0.25600723
  7101.8772        201966.00        156352.00       0.25598949
  7102.1200        201891.00        156325.00       0.25579077
  7102.3629        201827.00        156284.00       0.25573603
  7102.6058        201721.00        156212.00       0.25567150
  7102.8487        201680.00        156180.00       0.25567309
  7103.0917        201601.00        156137.00       0.25555667
  7103.3346        201550.00        156104.00       0.25551504
  7103.5776        201475.00        156052.00       0.25547602
  7103.8206        201447.00        156051.00       0.25534344
  7104.0636        201394.00        156009.00       0.25534949
  7104.3067        201290.00        155923.00       0.25538436
  7104.5497        201240.00        155880.00       0.25541175
  7104.7928        201181.00        155844.00       0.25534949
  7105.0359        201080.00        155771.00       0.25531586
  7105.2790        201000.00        155684.00       0.25547660
  7105.5221        200953.00        155644.00       0.25549970
  7105.7653        200878.00        155559.00       0.25567268
  7106.0084        200820.00        155501.00       0.25575682
  7106.2516        200819.00        155484.00       0.25586117
  7106.4948        200787.00        155426.00       0.25607491
  7106.7381        200679.00        155303.00       0.25632857
  7106.9813        200625.00        155237.00       0.25648451
  7107.2246        200483.00        155075.00       0.25682058
  7107.4678        200467.00        155014.00       0.25713421
  7107.7111        200390.00        154900.00       0.25748572
  7107.9545        200381.00        154786.00       0.25817704
  7108.1978        200326.00        154689.00       0.25852939
  7108.4411        200293.00        154542.00       0.25931539
  7108.6845        200289.00        154437.00       0.25997508
  7108.9279        200193.00        154210.00       0.26096659
  7109.1713        200104.00        153947.00       0.26222884
  7109.4147        200005.00        153621.00       0.26385384
  7109.6582        199866.00        153213.00       0.26581803
  7109.9017        199750.00        152853.00       0.26758991
  7110.1452        199663.00        152416.00       0.27001732
  7110.3887        199531.00        151810.00       0.27333987
  7110.6322        199422.00        151021.00       0.27800428
  7110.8757        199398.00        150022.00       0.28452088
  7111.1193        199283.00        148450.00       0.29447772
  7111.3629        199189.00        146552.00       0.30687381
  7111.6065        199037.00        143997.00       0.32369827
  7111.8501        198906.00        141414.00       0.34114059
  7112.0937        198854.00        138422.00       0.36226390
  7112.3374        198768.00        136755.00       0.37394731
  7112.5811        198727.00        135551.00       0.38258407
  7112.8247        198656.00        135263.00       0.38435365
  7113.0685        198588.00        136144.00       0.37751918
  7113.3122        198536.00        137298.00       0.36881670
  7113.5559        198440.00        139117.00       0.35517148
  7113.7997        198391.00        139991.00       0.34866170
  7114.0435        198297.00        140604.00       0.34381848
  7114.2873        198145.00        140866.00       0.34119000
  7114.5311        198087.00        140896.00       0.34068430
  7114.7750        198050.00        140744.00       0.34157689
  7115.0188        198015.00        140548.00       0.34279372
  7115.2627        197971.00        140337.00       0.34407388
  7115.5066        197828.00        140054.00       0.34536990
  7115.7505        197660.00        139766.00       0.34657879
  7115.9945        197613.00        139584.00       0.34764400
  7116.2384        197459.00        139320.00       0.34875752
  7116.4824        197408.00        139065.00       0.35033120
  7116.7264        197324.00        138816.00       0.35169773
  7116.9704        197246.00        138479.00       0.35373299
  7117.2145        197165.00        137961.00       0.35706991
  7117.4585        197072.00        137278.00       0.36156108
  7117.7026        197038.00        136418.00       0.36767290
  7117.9467        196927.00        135343.00       0.37502080
  7118.1908        196825.00        134007.00       0.38442297
  7118.4349        196684.00        132174.00       0.39747914
  7118.6791        196609.00        130571.00       0.40929984
  7118.9232        196541.00        128257.00       0.42683500
  7119.1674        196494.00        125990.00       0.44442936
  7119.4116        196389.00        122586.00       0.47128456
  7119.6558        196278.00        119678.00       0.49472722
  7119.9001        196215.00        116559.00       0.52081341
  7120.1443        196120.00        112844.00       0.55272038
  7120.3886        196119.00        109140.00       0.58609016
  7120.6329        195970.00        105441.00       0.61981003
  7120.8772        195900.00        101668.00       0.65589172
  7121.1216        195732.00        97691.100       0.69493592
  7121.3659        195607.00        95165.100       0.72049427
  7121.6103        195550.00        92178.100       0.75209353
  7121.8547        195445.00        89639.100       0.77948740
  7122.0991        195349.00        86947.100       0.80948781
  7122.3435        195283.00        85264.100       0.82869629
  7122.5880        195117.00        82903.100       0.85592692
  7122.8325        194988.00        81356.100       0.87410220
  7123.0770        194897.00        79823.100       0.89265828
  7123.3215        194739.00        78039.100       0.91445022
  7123.5660        194603.00        76178.100       0.93788757
  7123.8105        194485.00        74172.100       0.96396697
  7124.0551        194354.00        71833.100       0.99533587
  7124.2997        194244.00        70154.103        1.0184208
  7124.5443        194118.00        67711.100        1.0532161
  7124.7889        194077.00        65757.102        1.0822873
  7125.0335        194000.00        64015.098        1.1087392
  7125.2782        193883.00        61979.097        1.1404577
  7125.5229        193742.00        60072.098        1.1709819
  7125.7676        193619.00        58221.099        1.2016445
  7126.0123        193527.00        56837.098        1.2252278
  7126.2570        193499.00        55253.100        1.2533479
  7126.5018        193507.00        54234.101        1.2720038
  7126.7465        193480.00        53441.102        1.2865940
  7126.9913        193416.00        52857.098        1.2972513
  7127.2361        193360.00        52117.101        1.3110606
  7128.2156        193331.00        49789.098        1.3566077
  7129.1953        193115.00        46492.098        1.4240035
  7130.1754        192832.00        43092.098        1.4984797
  7131.1557        192556.00        41002.101        1.5467637
  7132.1363        192328.00        41035.102        1.5447744
  7133.1173        192253.00        42744.102        1.5035810
  7134.0986        192159.00        44763.101        1.4569390
  7135.0801        192078.00        46201.101        1.4248979
  7136.0620        191983.00        47008.100        1.4070869
  7137.0442        191738.00        47474.098        1.3959456
  7138.0266        191627.00        47954.099        1.3853065
  7139.0094        191505.00        48707.100        1.3690891
  7139.9925        191347.00        49719.098        1.3476994
  7140.9759        191250.00        50927.099        1.3231863
  7141.9596        191142.00        51891.101        1.3038693
  7142.9436        191110.00        52393.099        1.2940743
  7143.9279        191040.00        52292.101        1.2956375
  7144.9125        190956.00        51941.097        1.3019327
  7145.8975        190862.00        51865.102        1.3029045
  7146.8827        190660.00        52290.099        1.2936847
  7147.8682        190544.00        53274.098        1.2744329
  7148.8541        190435.00        54569.102        1.2498431
  7149.8402        190330.00        55838.099        1.2263030
  7150.8267        190157.00        57033.103        1.2042182
  7151.8135        189995.00        57922.097        1.1878988
  7152.8005        189888.00        58628.101        1.1752203
  7153.7879        189705.00        59296.100        1.1629267
  7154.7756        189497.00        59936.100        1.1510942
  7155.7636        189325.00        60602.098        1.1391356
  7156.7519        189107.00        61268.099        1.1270537
  7157.7405        188887.00        61886.097        1.1158534
  7158.7294        188690.00        62384.101        1.1067950
  7159.7186        188490.00        62737.098        1.1000920
  7160.7082        188342.00        62888.100        1.0969025
  7161.6980        188156.00        62902.097        1.0956919
  7162.6882        187889.00        62722.100        1.0971375
  7163.6786        187815.00        62567.097        1.0992179
  7164.6694        187603.00        62283.100        1.1026379
  7165.6605        187359.00        61915.098        1.1072625
  7166.6519        187117.00        61512.099        1.1125002
  7167.6436        186895.00        61062.099        1.1186556
  7168.6356        186722.00        60560.101        1.1259846
  7169.6279        186543.00        59986.100        1.1345489
  7170.6205        186363.00        59354.099        1.1441752
  7171.6135        186229.00        58697.099        1.1545868
  7172.6067        186114.00        58039.098        1.1652425
  7174.5320        185838.00        56869.099        1.1841232
  7176.4585        185496.00        56210.098        1.1939369
  7178.3861        185213.00        55643.102        1.2025484
  7180.3149        184895.00        55041.101        1.2117079
  7182.2448        184523.00        54613.102        1.2175003
  7184.1760        184167.00        54472.101        1.2181543
  7186.1083        183748.00        54464.099        1.2160235
  7188.0418        183271.00        54501.103        1.2127450
  7189.9764        182393.00        54492.098        1.2081080
  7191.9122        180377.00        54317.101        1.2002100
  7193.8492        175649.00        52320.098        1.2111071
  7195.7874        183290.00        55552.099        1.1937483
  7197.7267        184086.00        56451.098        1.1820283
  7199.6673        183381.00        56716.102        1.1735078
  7201.6090        183029.00        57108.103        1.1646986
  7203.5518        182898.00        57519.097        1.1568116
  7205.4959        182500.00        57846.102        1.1489641
  7207.4411        182146.00        58166.097        1.1415059
  7209.3876        181787.00        58378.097        1.1358949
  7211.3352        181462.00        58536.100        1.1314026
  7213.2840        181139.00        58605.098        1.1284430
  7215.2339        180672.00        58553.100        1.1267492
  7217.1851        180354.00        58496.100        1.1259615
  7219.1375        180083.00        58450.097        1.1252445
  7221.0910        179750.00        58337.102        1.1253287
  7223.0457        179458.00        58246.098        1.1252641
  7225.0017        179150.00        58204.103        1.1242676
  7226.9588        178790.00        58210.097        1.1221531
  7228.9171        178478.00        58337.099        1.1182271
  7230.8766        178144.00        58524.099        1.1131536
  7232.8373        177775.00        58773.102        1.1068344
  7234.7992        177518.00        59083.099        1.1001271
  7236.7623        177066.00        59400.102        1.0922266
  7238.7266        176743.00        59733.100        1.0848104
  7240.6920        176404.00        60093.100        1.0768818
  7242.6587        176150.00        60474.102        1.0691207
  7244.6266        175824.00        60738.101        1.0629123
  7246.5957        175487.00        60907.101        1.0582152
  7248.5660        175164.00        60941.097        1.0558149
  7250.5375        174866.00        60864.097        1.0553765
  7252.5102        174561.00        60724.100        1.0559336
  7254.4841        174258.00        60519.103        1.0575779
  7256.4592        173961.00        60258.102        1.0601941
  7258.4356        173743.00        60008.103        1.0630976
  7260.4131        173494.00        59733.101        1.0662567
  7262.3918        173200.00        59484.103        1.0687379
  7264.3718        172873.00        59251.099        1.0707729
  7266.3530        172561.00        59096.098        1.0715859
  7268.3354        172166.00        58955.099        1.0716830
  7270.3190        171862.00        58903.100        1.0707981
  7272.3038        171517.00        58877.098        1.0692302
  7274.2898        171222.00        58882.101        1.0674238
  7276.2771        170902.00        58912.099        1.0650438
  7278.2655        170629.00        59011.103        1.0617660
  7280.2552        170251.00        59095.100        1.0581258
  7282.2461        169998.00        59243.097        1.0541374
  7284.2383        169556.00        59374.097        1.0493252
  7286.2316        169279.00        59614.101        1.0436561
  7288.2262        168911.00        59824.098        1.0379634
  7290.2220        168653.00        60108.103        1.0316987
  7292.2191        168385.00        60372.103        1.0257259
  7294.2173        168052.00        60621.102        1.0196304
  7296.2168        167776.00        60851.098        1.0141999
  7298.2175        167443.00        61039.097        1.0091284
  7300.2195        167155.00        61204.103        1.0047073
  7302.2227        166719.00        61319.099        1.0002184
  7304.2271        166492.00        61480.100       0.99623372
  7306.2327        166158.00        61578.100       0.99263286
  7308.2396        165888.00        61687.100       0.98923803
  7310.2478        165533.00        61761.100       0.98589685
  7312.2571        165218.00        61797.100       0.98340938
  7314.2677        164902.00        61809.100       0.98130076
  7316.2796        164551.00        61778.100       0.97967162
  7318.2927        164215.00        61750.100       0.97808095
  7320.3070        163870.00        61691.100       0.97693376
  7322.3226        163617.00        61665.100       0.97581020
  7324.3394        163293.00        61615.100       0.97463916
  7326.3574        162987.00        61601.100       0.97299072
  7328.3767        162645.00        61577.100       0.97127986
  7330.3973        162298.00        61584.100       0.96903043
  7332.4191        161975.00        61627.100       0.96634029
  7334.4421        161723.00        61724.100       0.96321054
  7336.4664        161335.00        61783.100       0.95985308
  7338.4920        161105.00        61939.100       0.95590468
  7340.5188        160791.00        62062.100       0.95196989
  7342.5469        160500.00        62189.100       0.94811420
  7344.5762        160114.00        62309.100       0.94377858
  7346.6067        159805.00        62446.100       0.93965054
  7348.6386        159475.00        62596.100       0.93518419
  7350.6717        159161.00        62734.100       0.93101111
  7352.7060        158778.00        62832.100       0.92704091
  7354.7416        158476.00        62957.100       0.92314962
  7356.7785        158191.00        63059.100       0.91973078
  7358.8166        157839.00        63126.100       0.91644121
  7360.8560        157554.00        63205.100       0.91338326
  7362.8967        157163.00        63208.100       0.91085103
  7364.9386        156860.00        63241.100       0.90839928
  7366.9818        156423.00        63224.100       0.90587832
  7369.0263        156012.00        63226.100       0.90321574
  7371.0720        155300.00        63111.100       0.90046206
  7373.1191        154811.00        63000.100       0.89906870
  7375.1673        154795.00        63024.100       0.89858447
  7377.2169        155035.00        63299.100       0.89577979
  7379.2677        155002.00        63521.100       0.89206589
  7381.3198        154643.00        63556.100       0.88919625
  7383.3732        154095.00        63510.100       0.88637035
  7385.4279        153665.00        63470.100       0.88420598
  7387.4838        153414.00        63476.100       0.88247669
  7389.5410        153187.00        63534.100       0.88008263
  7391.5995        152953.00        63573.100       0.87794026
  7393.6593        152665.00        63602.100       0.87559949
  7395.7204        152262.00        63570.100       0.87345949
  7397.7827        151963.00        63585.100       0.87125790
  7399.8464        151636.00        63620.100       0.86855345
  7401.9113        151305.00        63649.100       0.86591248
  7403.9775        151033.00        63715.100       0.86307677
  7406.0450        150669.00        63760.100       0.85995777
  7408.1138        150405.00        63857.100       0.85668388
  7410.1839        150047.00        63921.100       0.85329907
  7412.2553        149697.00        63990.100       0.84988487
  7415.9335        149165.00        64143.100       0.84393655
  7419.6158        148597.00        64300.100       0.83767676
  7423.3021        148054.00        64463.100       0.83148411
  7426.9926        147475.00        64630.100       0.82497842
  7430.6872        146909.00        64745.100       0.81935533
  7434.3859        146356.00        64881.100       0.81348565
  7438.0886        145794.00        64980.100       0.80811360
  7441.7955        145228.00        65056.100       0.80305495
  7445.5066        144626.00        65100.100       0.79822501
  7449.2217        144101.00        65172.100       0.79348298
  7452.9410        143547.00        65206.100       0.78910948
  7456.6645        142970.00        65239.100       0.78457584
  7460.3921        142437.00        65332.100       0.77941630
  7464.1239        141862.00        65400.100       0.77433097
  7467.8598        141290.00        65499.100       0.76877811
  7471.5999        140702.00        65548.100       0.76385995
  7475.3442        140177.00        65631.100       0.75885624
  7479.0926        139613.00        65698.100       0.75380430
  7482.8453        139026.00        65743.100       0.74890624
  7486.6021        138503.00        65819.100       0.74398192
  7490.3632        137925.00        65864.100       0.73911653
  7494.1284        137405.00        65950.100       0.73403437
  7497.8979        136729.00        65955.100       0.72902666
  7501.6717        136211.00        66015.100       0.72432165
  7505.4496        135625.00        66058.100       0.71935907
  7509.2318        135057.00        66128.100       0.71410314
  7513.0182        134438.00        66146.100       0.70923719
  7516.8089        133935.00        66234.100       0.70415917
  7520.6039        133325.00        66255.100       0.69927731
  7524.4031        132812.00        66296.100       0.69480352
  7528.2066        132215.00        66303.100       0.69019273
  7532.0144        131612.00        66306.100       0.68557630
  7535.8264        131018.00        66315.100       0.68091709
  7539.6428        130483.00        66355.100       0.67622233
  7543.4634        129879.00        66356.100       0.67156755
  7547.2884        129401.00        66448.100       0.66649492
  7551.1177        128748.00        66451.100       0.66139067
  7554.9513        128202.00        66522.100       0.65607292
  7558.7892        127674.00        66596.100       0.65083412
  7562.6315        127054.00        66613.100       0.64571094
  7566.4781        126536.00        66669.100       0.64078528
  7570.3291        125919.00        66672.100       0.63585227
  7574.1844        125355.00        66705.100       0.63086830
  7578.0441        124775.00        66713.100       0.62611078
  7581.9082        124233.00        66746.100       0.62126297
  7585.7766        123760.00        66821.100       0.61632531
  7589.6495        123144.00        66826.100       0.61126068
  7593.5267        122510.00        66794.100       0.60657791
  7597.4083        121953.00        66809.100       0.60179643
  7601.2943        121446.00        66850.100       0.59701692
  7605.1848        120790.00        66822.100       0.59201964
  7609.0797        120197.00        66813.100       0.58723289
  7612.9790        119653.00        66829.100       0.58245727
  7616.8827        119114.00        66848.100       0.57765814
  7620.7909        118588.00        66876.100       0.57281365
  7624.7035        117955.00        66843.100       0.56795511
  7628.6206        117459.00        66885.100       0.56311311
  7632.5422        116831.00        66861.100       0.55811111
  7636.4682        116258.00        66860.100       0.55320948
  7640.3988        115718.00        66883.100       0.54820988
  7644.3338        115154.00        66873.100       0.54347357
  7648.2733        114606.00        66877.100       0.53864355
  7652.2173        114031.00        66863.100       0.53382310
  7656.1658        113528.00        66889.100       0.52901348
  7660.1188        112790.00        66780.100       0.52412255
  7664.0764        111943.00        66573.100       0.51968922
  7668.0385        111432.00        66593.100       0.51481357
  7672.0051        110718.00        66497.100       0.50982809
  7675.9763        110159.00        66455.100       0.50539825
  7679.9521        109404.00        66328.100       0.50043381
  7683.9324        108427.00        66062.100       0.49548193
  7687.9172        106263.00        65301.100       0.48690827
  7691.9067        105486.00        64007.100       0.49958423
  7695.9007        108229.00        66982.100       0.47982393
  7699.8994        106500.00        66072.100       0.47739842
  7703.9026        103581.00        64385.100       0.47547168
  7707.9105        109276.00        68440.100       0.46791788
  7711.9229        107743.00        67655.100       0.46532602
  7715.9400        106770.00        67403.100       0.45998598
  7719.9617        105931.00        67214.100       0.45490489
  7723.9881        105256.00        67095.100       0.45028446
  7728.0191        104565.00        66989.100       0.44527897
  7732.0547        103945.00        66907.100       0.44055682
  7736.0951        103391.00        66865.100       0.43584076
  7740.1400        102833.00        66813.100       0.43120714
  7744.1897        102356.00        66820.100       0.42645300
  7748.2441        101759.00        66747.100       0.42169642
  7752.3031        101232.00        66714.100       0.41699859
  7756.3669        100773.00        66706.100       0.41257406
  7760.4353        100151.00        66616.100       0.40773276
  7764.5085        99631.500        66583.100       0.40302759
  7768.5864        99104.500        66543.100       0.39832499
  7772.6691        98503.500        66447.100       0.39368594
  7776.7565        97968.500        66382.100       0.38921856
  7780.8486        97432.500        66332.100       0.38448589
  7784.9455        96968.500        66316.100       0.37995348
  7789.0471        96366.500        66208.100       0.37535582
  7793.1536        95896.500        66176.100       0.37095011
  7797.2648        95377.500        66118.100       0.36640016
  7801.3808        94816.500        66034.100       0.36177217
  7805.5016        94331.500        66005.100       0.35708316
  7809.6272        93720.500        65852.100       0.35290563
  7813.7576        93223.500        65808.100       0.34825690
  7817.8928        92711.500        65744.100       0.34372259
  7822.0329        92165.500        65671.100       0.33892692
  7826.1778        91685.500        65610.100       0.33463459
  7830.3275        91206.500        65571.100       0.32999112
  7834.4821        90720.500        65520.100       0.32542639
  7838.6416        90230.500        65462.100       0.32089616
  7842.8059        89653.500        65331.100       0.31648405
  7846.9752        89103.500        65226.100       0.31193892
  7851.1493        88682.500        65221.100       0.30727954
  7855.3283        88124.500        65107.100       0.30271698
  7859.5122        87741.500        65118.100       0.29819245
  7863.7010        87199.500        64985.100       0.29404058
  7867.8947        86666.500        64899.100       0.28923366
  7872.0934        86225.500        64851.100       0.28487208
  7876.2970        85631.500        64675.100       0.28067693
  7880.5056        85153.500        64585.100       0.27647178
  7884.7191        85568.500        65295.100       0.27040023
  7888.9375        84603.500        64757.100       0.26733229
  7893.1610        84023.500        64608.100       0.26275673
  7897.3894        83590.500        64558.100       0.25836428
  7901.6228        83136.500        64491.100       0.25395661
  7905.8612        82633.500        64370.100       0.24976593
  7910.1046        82245.500        64348.100       0.24540127
  7914.3530        81725.500        64237.100       0.24078515
  7918.6065        81313.500        64194.100       0.23640075
  7922.8649        80805.500        64054.100       0.23231699
  7927.1285        80353.500        63986.100       0.22776978
  7931.3970        79832.500        63842.100       0.22351784
  7935.6706        79365.500        63745.100       0.21917145
  7939.9493        79011.500        63731.100       0.21492074
  7944.2331        78577.500        63664.100       0.21046457
  7948.5219        78134.500        63576.100       0.20619409
  7952.8159        77582.500        63402.100       0.20184490
  7957.1149        77163.500        63327.100       0.19761319
  7961.4190        76736.500        63247.100       0.19332820
  7965.7283        76341.500        63188.100       0.18910070
